energy_ev,total_up,Co_p_up,Co_d_up,N_s_up,N_p_up,Te_p_up,Te_d_up,V_p_up,V_d_up
-6.00000000,2.58843307,0.60009701,0.37248303,0.00553629,0.52752909,1.06807789,0.00000000,0.85287484,0.61870803
-5.99399700,2.66721627,0.62239422,0.37971405,0.00561372,0.54800668,1.09874478,0.00000000,0.88643424,0.64185663
-5.98799400,2.74187922,0.64317947,0.38668601,0.00567494,0.56764122,1.12773896,0.00000000,0.91909329,0.66358373
-5.98199100,2.81140809,0.66215204,0.39331978,0.00572023,0.58620605,1.15463863,0.00000000,0.95062130,0.68355131
-5.97598799,2.87489744,0.67902857,0.39953059,0.00575001,0.60352613,1.17903258,0.00000000,0.98083209,0.70147636
-5.96998499,2.93157418,0.69355097,0.40522995,0.00576481,0.61948239,1.20053155,0.00000000,1.00958918,0.71713801
-5.96398199,2.98081805,0.70549381,0.41032788,0.00576524,0.63401449,1.21877914,0.00000000,1.03681014,0.73038290
-5.95797899,3.02217810,0.71467088,0.41473515,0.00575197,0.64712211,1.23346193,0.00000000,1.06246975,0.74112872
-5.95197599,3.05538462,0.72094061,0.41836564,0.00572569,0.65886466,1.24431844,0.00000000,1.08660199,0.74936572
-5.94597299,3.08035625,0.72421018,0.42113873,0.00568713,0.66935942,1.25114661,0.00000000,1.10930073,0.75515616
-5.93996998,3.09720213,0.72443817,0.42298163,0.00563701,0.67877844,1.25380951,0.00000000,1.13071914,0.75863187
-5.93396698,3.10621921,0.72163559,0.42383163,0.00557611,0.68734398,1.25223932,0.00000000,1.15106785,0.75998991
-5.92796398,3.10788499,0.71586540,0.42363828,0.00550519,0.69532292,1.24643935,0.00000000,1.17061189,0.75948648
-5.92196098,3.10284602,0.70724055,0.42236540,0.00542507,0.70302017,1.23648426,0.00000000,1.18966648,0.75742939
-5.91595798,3.09190263,0.69592065,0.41999294,0.00533663,0.71077122,1.22251863,0.00000000,1.20859185,0.75416915
-5.90995498,3.07599053,0.68210751,0.41651858,0.00524086,0.71893408,1.20475388,0.00000000,1.22778704,0.75008918
-5.90395198,3.05615971,0.66603978,0.41195913,0.00513884,0.72788064,1.18346392,0.00000000,1.24768294,0.74559515
-5.89794897,3.03355127,0.64798693,0.40635159,0.00503182,0.73798768,1.15897968,0.00000000,1.26873452,0.74110395
-5.89194597,3.00937256,0.62824281,0.39975378,0.00492125,0.74962765,1.13168266,0.00000000,1.29141228,0.73703237
-5.88594297,2.98487124,0.60711908,0.39224463,0.00480876,0.76315924,1.10199778,0.00000000,1.31619310,0.73378591
-5.87993997,2.96130842,0.58493858,0.38392386,0.00469621,0.77891804,1.07038563,0.00000000,1.34355030,0.73174786
-5.87393697,2.93993134,0.56202909,0.37491112,0.00458568,0.79720717,1.03733423,0.00000000,1.37394300,0.73126899
-5.86793397,2.92194578,0.53871724,0.36534447,0.00447947,0.81828829,1.00335038,0.00000000,1.40780478,0.73265788
-5.86193097,2.90848847,0.51532298,0.35537820,0.00438006,0.84237280,0.96895069,0.00000000,1.44553154,0.73617231
-5.85592796,2.90059981,0.49215444,0.34517988,0.00429005,0.86961374,0.93465226,0.00000000,1.48746871,0.74201176
-5.84992496,2.89919707,0.46950329,0.33492682,0.00421216,0.90009819,0.90096308,0.00000000,1.53389783,0.75031118
-5.84392196,2.90504858,0.44764057,0.32480173,0.00414909,0.93384072,0.86837223,0.00000000,1.58502271,0.76113628
-5.83791896,2.91874939,0.42681287,0.31498798,0.00410344,0.97077775,0.83733993,0.00000000,1.64095543,0.77448033
-5.83191596,2.94069879,0.40723904,0.30566429,0.00407764,1.01076334,0.80828755,0.00000000,1.70170249,0.79026265
-5.82591296,2.97108066,0.38910718,0.29699923,0.00407382,1.05356644,0.78158789,0.00000000,1.76715179,0.80832888
-5.81990995,3.00984711,0.37257199,0.28914559,0.00409371,1.09886986,0.75755582,0.00000000,1.83706073,0.82845304
-5.81390695,3.05670656,0.35775269,0.28223500,0.00413849,1.14627119,0.73643973,0.00000000,1.91104647,0.85034133
-5.80790395,3.11111689,0.34473115,0.27637283,0.00420878,1.19528590,0.71841405,0.00000000,1.98857881,0.87363778
-5.80190095,3.17228464,0.33355078,0.27163380,0.00430445,1.24535264,0.70357326,0.00000000,2.06897661,0.89793154
-5.79589795,3.23917102,0.32421586,0.26805846,0.00442466,1.29584090,0.69192768,0.00000000,2.15140848,0.92276577
-5.78989495,3.31050520,0.31669169,0.26565077,0.00456774,1.34606111,0.68340156,0.00000000,2.23489841,0.94764796
-5.78389195,3.38480549,0.31090548,0.26437687,0.00473122,1.39527700,0.67783358,0.00000000,2.31833685,0.97206140
-5.77788894,3.46040831,0.30674815,0.26416532,0.00491184,1.44272019,0.67498005,0.00000000,2.40049756,0.99547767
-5.77188594,3.53550481,0.30407712,0.26490868,0.00510563,1.48760671,0.67452098,0.00000000,2.48006035,1.01736975
-5.76588294,3.60818465,0.30271999,0.26646665,0.00530795,1.52915513,0.67606890,0.00000000,2.55563948,1.03722549
-5.75987994,3.67648580,0.30247921,0.26867042,0.00551365,1.56660584,0.67918033,0.00000000,2.62581712,1.05456099
-5.75387694,3.73844911,0.30313769,0.27132840,0.00571719,1.59924096,0.68336967,0.00000000,2.68918110,1.06893370
-5.74787394,3.79217599,0.30446506,0.27423284,0.00591281,1.62640420,0.68812499,0.00000000,2.74436566,1.07995454
-5.74187094,3.83588714,0.30622465,0.27716726,0.00609470,1.64752014,0.69292524,0.00000000,2.79009377,1.08729904
-5.73586793,3.86798029,0.30818082,0.27991439,0.00625724,1.66211194,0.69725825,0.00000000,2.82521942,1.09071675
-5.72986493,3.88708451,0.31010644,0.28226415,0.00639510,1.66981709,0.70063887,0.00000000,2.84876790,1.09003886
-5.72386193,3.89210895,0.31179032,0.28402153,0.00650352,1.67040019,0.70262645,0.00000000,2.85997239,1.08518355
-5.71785893,3.88228385,0.31304430,0.28501392,0.00657839,1.66376235,0.70284102,0.00000000,2.85830499,1.07615892
-5.71185593,3.85719187,0.31370967,0.28509755,0.00661644,1.64994662,0.70097747,0.00000000,2.84350057,1.06306334
-5.70585293,3.81678827,0.31366276,0.28416295,0.00661534,1.62913905,0.69681718,0.00000000,2.81557224,1.04608311
-5.69984992,3.76140895,0.31281946,0.28213903,0.00657377,1.60166530,0.69023663,0.00000000,2.77481734,1.02548741
-5.69384692,3.69176567,0.31113852,0.27899574,0.00649147,1.56798260,0.68121258,0.00000000,2.72181363,1.00162079
-5.68784392,3.60892854,0.30862340,0.27474516,0.00636924,1.52866755,0.66982372,0.00000000,2.65740545,0.97489336
-5.68184092,3.51429646,0.30532275,0.26944103,0.00620887,1.48439983,0.65624871,0.00000000,2.58268056,0.94576891
-5.67583792,3.40955655,0.30132933,0.26317681,0.00601312,1.43594272,0.64076067,0.00000000,2.49893829,0.91475155
-5.66983492,3.29663420,0.29677753,0.25608227,0.00578560,1.38412104,0.62371841,0.00000000,2.40765076,0.88237122
-5.66383192,3.17763581,0.29183944,0.24831890,0.00553060,1.32979734,0.60555478,0.00000000,2.31041842,0.84916866
-5.65782891,3.05478648,0.28671971,0.24007423,0.00525297,1.27384747,0.58676256,0.00000000,2.20892222,0.81568034
-5.65182591,2.93036503,0.28164925,0.23155537,0.00495798,1.21713636,0.56787838,0.00000000,2.10487423,0.78242402
-5.64582291,2.80663899,0.27687800,0.22298203,0.00465110,1.16049500,0.54946534,0.00000000,1.99996891,0.74988525
-5.63981991,2.68580173,0.27266700,0.21457920,0.00433786,1.10469962,0.53209492,0.00000000,1.89583690,0.71850553
-5.63381691,2.56991405,0.26927995,0.20656985,0.00402369,1.05045356,0.51632871,0.00000000,1.79400310,0.68867230
-5.62781391,2.46085203,0.26697452,0.19916785,0.00371377,0.99837270,0.50270059,0.00000000,1.69585054,0.66071122
-5.62181091,2.36026271,0.26599375,0.19257129,0.00341290,0.94897466,0.49169993,0.00000000,1.60259104,0.63488077
-5.61580790,2.26952861,0.26655766,0.18695653,0.00312541,0.90267200,0.48375631,0.00000000,1.51524347,0.61136943
-5.60980490,2.18974194,0.26885544,0.18247301,0.00285506,0.85976950,0.47922616,0.00000000,1.43461975,0.59029520
-5.60380190,2.12168865,0.27303855,0.17923906,0.00260497,0.82046521,0.47838182,0.00000000,1.36131870,0.57170753
-5.59779890,2.06584238,0.27921472,0.17733878,0.00237762,0.78485495,0.48140327,0.00000000,1.29572715,0.55559121
-5.59179590,2.02236782,0.28744346,0.17682011,0.00217481,0.75293987,0.48837275,0.00000000,1.23802774,0.54187224
-5.58579290,1.99113291,0.29773294,0.17769401,0.00199767,0.72463633,0.49927269,0.00000000,1.18821241,0.53042496
-5.57978989,1.97172903,0.31003866,0.17993499,0.00184670,0.69978761,0.51398669,0.00000000,1.14610052,0.52108044
-5.57378689,1.96349804,0.32426383,0.18348269,0.00172179,0.67817673,0.53230392,0.00000000,1.11136065,0.51363543
-5.56778389,1.96556523,0.34026173,0.18824473,0.00162228,0.65953979,0.55392664,0.00000000,1.08353463,0.50786182
-5.56178089,1.97687683,0.35783983,0.19410042,0.00154703,0.64357934,0.57848067,0.00000000,1.06206311,0.50351596
-5.55577789,1.99624089,0.37676572,0.20090557,0.00149447,0.62997708,0.60552859,0.00000000,1.04631139,0.50034774
-5.54977489,2.02237028,0.39677462,0.20849786,0.00146266,0.61840588,0.63458519,0.00000000,1.03559485,0.49810914
-5.54377189,2.05392643,0.41757824,0.21670292,0.00144941,0.60854037,0.66513459,0.00000000,1.02920311,0.49656194
-5.53776888,2.08956262,0.43887459,0.22534052,0.00145228,0.60006630,0.69664847,0.00000000,1.02642246,0.49548450
-5.53176588,2.12796545,0.46035848,0.23423106,0.00146872,0.59268825,0.72860464,0.00000000,1.02655599,0.49467742
-5.52576288,2.16789320,0.48173202,0.24320163,0.00149609,0.58613593,0.76050517,0.00000000,1.02894116,0.49396805
-5.51975988,2.20820999,0.50271490,0.25209180,0.00153174,0.58016877,0.79189327,0.00000000,1.03296443,0.49321378
-5.51375688,2.24791445,0.52305374,0.26075861,0.00157308,0.57457918,0.82236813,0.00000000,1.03807294,0.49230397
-5.50775388,2.28616204,0.54253020,0.26908060,0.00161762,0.56919430,0.85159703,0.00000000,1.04378304,0.49116071
-5.50175088,2.32228024,0.56096730,0.27696077,0.00166304,0.56387656,0.87932398,0.00000000,1.04968561,0.48973834
-5.49574787,2.35577594,0.57823377,0.28432826,0.00170721,0.55852304,0.90537461,0.00000000,1.05544836,0.48802172
-5.48974487,2.38633490,0.59424607,0.29113869,0.00174826,0.55306377,0.92965681,0.00000000,1.06081505,0.48602351
-5.48374187,2.41381334,0.60896802,0.29737314,0.00178456,0.54745922,0.95215723,0.00000000,1.06560192,0.48378047
-5.47773887,2.43822216,0.62240818,0.30303588,0.00181480,0.54169693,0.97293377,0.00000000,1.06969155,0.48134894
-5.47173587,2.45970454,0.63461500,0.30815096,0.00183796,0.53578768,0.99210434,0.00000000,1.07302457,0.47879973
-5.46573287,2.47850820,0.64567017,0.31275788,0.00185334,0.52976105,1.00983275,0.00000000,1.07558954,0.47621265
-5.45972986,2.49495392,0.65568051,0.31690663,0.00186053,0.52366088,1.02631233,0.00000000,1.07741167,0.47367083
-5.45372686,2.50940182,0.66476903,0.32065234,0.00185942,0.51754056,1.04174843,0.00000000,1.07854090,0.47125517
-5.44772386,2.52221766,0.67306562,0.32404994,0.00185018,0.51145843,1.05634065,0.00000000,1.07903985,0.46903920
-5.44172086,2.53374076,0.68069800,0.32714916,0.00183320,0.50547352,1.07026609,0.00000000,1.07897259,0.46708450
-5.43571786,2.54425578,0.68778356,0.32999017,0.00180910,0.49964176,1.08366455,0.00000000,1.07839448,0.46543696
-5.42971486,2.55396964,0.69442247,0.33260007,0.00177867,0.49401281,1.09662656,0.00000000,1.07734387,0.46412412
-5.42371186,2.56299527,0.70069261,0.33499059,0.00174282,0.48862769,1.10918511,0.00000000,1.07583613,0.46315358
-5.41770885,2.57134293,0.70664658,0.33715703,0.00170258,0.48351720,1.12131144,0.00000000,1.07386010,0.46251276
-5.41170585,2.57891960,0.71231080,0.33907853,0.00165901,0.47870132,1.13291532,0.00000000,1.07137738,0.46216974
-5.40570285,2.58553639,0.71768687,0.34071972,0.00161321,0.47418939,1.14384968,0.00000000,1.06832433,0.46207540
-5.39969985,2.59092342,0.72275496,0.34203346,0.00156625,0.46998110,1.15391931,0.00000000,1.06461644,0.46216645
-5.39369685,2.59475104,0.72747886,0.34296475,0.00151917,0.46606820,1.16289317,0.00000000,1.06015502,0.46236938
-5.38769385,2.59665589,0.73181236,0.34345525,0.00147293,0.46243656,1.17051934,0.00000000,1.05483537,0.46260491
-5.38169085,2.59627015,0.73570641,0.34344844,0.00142843,0.45906867,1.17654186,0.00000000,1.04855589,0.46279271
-5.37568784,2.59325181,0.73911654,0.34289476,0.00138644,0.45594601,1.18071831,0.00000000,1.04122761,0.46285615
-5.36968484,2.58731405,0.74200993,0.34175665,0.00134764,0.45305142,1.18283701,0.00000000,1.03278305,0.46272666
-5.36368184,2.57825173,0.74437169,0.34001307,0.00131260,0.45037094,1.18273292,0.00000000,1.02318411,0.46234759
-5.35767884,2.56596323,0.74620973,0.33766323,0.00128176,0.44789519,1.18030112,0.00000000,1.01242805,0.46167722
-5.35167584,2.55046626,0.74755809,0.33472920,0.00125548,0.44562000,1.17550715,0.00000000,1.00055135,0.46069080
-5.34567284,2.53190656,0.74847827,0.33125742,0.00123396,0.44354635,1.16839371,0.00000000,0.98763093,0.45938151
-5.33966983,2.51055900,0.74905860,0.32731888,0.00121732,0.44167953,1.15908315,0.00000000,0.97378272,0.45776036
-5.33366683,2.48682093,0.74941160,0.32300789,0.00120558,0.44002757,1.14777585,0.00000000,0.95915758,0.45585494
-5.32766383,2.46119832,0.74966949,0.31843969,0.00119862,0.43859916,1.13474437,0.00000000,0.94393489,0.45370729
-5.32166083,2.43428525,0.74997818,0.31374678,0.00119626,0.43740109,1.12032401,0.00000000,0.92831410,0.45137092
-5.31565783,2.40673828,0.75049002,0.30907432,0.00119819,0.43643552,1.10490004,0.00000000,0.91250484,0.44890719
-5.30965483,2.37924675,0.75135572,0.30457473,0.00120400,0.43569724,1.08889237,0.00000000,0.89671628,0.44638132
-5.30365183,2.35250099,0.75271602,0.30040180,0.00121322,0.43517109,1.07273857,0.00000000,0.88114631,0.44385824
-5.29764882,2.32715976,0.75469336,0.29670445,0.00122525,0.43482992,1.05687588,0.00000000,0.86597119,0.44139847
-5.29164582,2.30381888,0.75738415,0.29362065,0.00123944,0.43463300,1.04172316,0.00000000,0.85133644,0.43905431
-5.28564282,2.28298228,0.76085189,0.29127149,0.00125505,0.43452530,1.02766354,0.00000000,0.83734934,0.43686640
-5.27963982,2.26503701,0.76512161,0.28975586,0.00127129,0.43443744,1.01502861,0.00000000,0.82407346,0.43486096
-5.27363682,2.25023307,0.77017567,0.28914586,0.00128732,0.43428660,1.00408460,0.00000000,0.81152558,0.43304767
-5.26763382,2.23866910,0.77595135,0.28948315,0.00130229,0.43397812,0.99502118,0.00000000,0.79967504,0.43141833
-5.26163082,2.23028429,0.78234002,0.29077638,0.00131534,0.43340796,0.98794335,0.00000000,0.78844546,0.42994633
-5.25562781,2.22485670,0.78918818,0.29299982,0.00132562,0.43246566,0.98286646,0.00000000,0.77771872,0.42858691
-5.24962481,2.22200818,0.79630018,0.29609326,0.00133235,0.43103788,0.97971468,0.00000000,0.76734086,0.42727823
-5.24362181,2.22121534,0.80344251,0.29996321,0.00133481,0.42901217,0.97832280,0.00000000,0.75712958,0.42594307
-5.23761881,2.22182635,0.81034958,0.30448533,0.00133236,0.42628091,0.97844145,0.00000000,0.74688285,0.42449132
-5.23161581,2.22308270,0.81673082,0.30950814,0.00132448,0.42274522,0.97974523,0.00000000,0.73638812,0.42282292
-5.22561281,2.22414532,0.82227877,0.31485776,0.00131081,0.41831864,0.98184377,0.00000000,0.72543189,0.42083140
-5.21960980,2.22412404,0.82667810,0.32034371,0.00129110,0.41293052,0.98429514,0.00000000,0.71380890,0.41840768
-5.21360680,2.22210937,0.82961511,0.32576544,0.00126527,0.40652886,0.98662129,0.00000000,0.70133078,0.41544424
-5.20760380,2.21720565,0.83078761,0.33091951,0.00123340,0.39908274,0.98832489,0.00000000,0.68783385,0.41183943
-5.20160080,2.20856446,0.82991484,0.33560705,0.00119571,0.39058402,0.98890714,0.00000000,0.67318564,0.40750170
-5.19559780,2.19541702,0.82674704,0.33964137,0.00115258,0.38104843,0.98788587,0.00000000,0.65729017,0.40235388
-5.18959480,2.17710470,0.82107452,0.34285537,0.00110452,0.37051607,0.98481334,0.00000000,0.64009180,0.39633709
-5.18359180,2.15310641,0.81273585,0.34510837,0.00105213,0.35905119,0.97929308,0.00000000,0.62157762,0.38941423
-5.17758879,2.12306192,0.80162484,0.34629236,0.00099612,0.34674133,0.97099520,0.00000000,0.60177842,0.38157305
-5.17158579,2.08679021,0.78769615,0.34633701,0.00093727,0.33369601,0.95966961,0.00000000,0.58076840,0.37282837
-5.16558279,2.04430215,0.77096916,0.34521357,0.00087639,0.32004471,0.94515652,0.00000000,0.55866348,0.36322361
-5.15957979,1.99580680,0.75153008,0.34293722,0.00081430,0.30593452,0.92739398,0.00000000,0.53561871,0.35283138
-5.15357679,1.94171118,0.72953194,0.33956781,0.00075182,0.29152732,0.90642200,0.00000000,0.51182460,0.34175304
-5.14757379,1.88261312,0.70519263,0.33520895,0.00068973,0.27699658,0.88238314,0.00000000,0.48750263,0.33011732
-5.14157079,1.81928763,0.67879086,0.33000533,0.00062876,0.26252396,0.85551949,0.00000000,0.46290021,0.31807785
-5.13556778,1.75266701,0.65066025,0.32413847,0.00056957,0.24829567,0.82616627,0.00000000,0.43828503,0.30580983
-5.12956478,1.68381536,0.62118159,0.31782086,0.00051274,0.23449870,0.79474215,0.00000000,0.41393912,0.29350572
-5.12356178,1.61389865,0.59077370,0.31128890,0.00045874,0.22131706,0.76173684,0.00000000,0.39015268,0.28137033
-5.11755878,1.54415106,0.55988316,0.30479475,0.00040797,0.20892802,0.72769644,0.00000000,0.36721783,0.26961527
-5.11155578,1.47583934,0.52897320,0.29859746,0.00036072,0.19749853,0.69320709,0.00000000,0.34542239,0.25845316
-5.10555278,1.41022612,0.49851238,0.29295376,0.00031718,0.18718185,0.65887778,0.00000000,0.32504393,0.24809167
-5.09954977,1.34853396,0.46896323,0.28810886,0.00027748,0.17811446,0.62532286,0.00000000,0.30634404,0.23872769
-5.09354677,1.29191123,0.44077149,0.28428767,0.00024162,0.17041339,0.59314509,0.00000000,0.28956307,0.23054196
-5.08754377,1.24140126,0.41435621,0.28168675,0.00020957,0.16417401,0.56291975,0.00000000,0.27491541,0.22369422
-5.08154077,1.19791584,0.39010105,0.28046741,0.00018123,0.15946832,0.53518058,0.00000000,0.26258538,0.21831913
-5.07553777,1.16221394,0.36834710,0.28075015,0.00015643,0.15634379,0.51040784,0.00000000,0.25272379,0.21452323
-5.06953477,1.13488627,0.34938736,0.28261074,0.00013498,0.15482282,0.48901886,0.00000000,0.24544540,0.21238283
-5.06353177,1.11634622,0.33346293,0.28607801,0.00011665,0.15490279,0.47136148,0.00000000,0.24082700,0.21194311
-5.05752876,1.10682694,0.32076107,0.29113352,0.00010121,0.15655671,0.45771011,0.00000000,0.23890653,0.21321828
-5.05152576,1.10638468,0.31141484,0.29771299,0.00008838,0.15973438,0.44826458,0.00000000,0.23968285,0.21619276
-5.04552276,1.11490761,0.30550434,0.30570944,0.00007792,0.16436417,0.44315155,0.00000000,0.24311647,0.22082346
-5.03951976,1.13212959,0.30305922,0.31497787,0.00006957,0.17035511,0.44242795,0.00000000,0.24913093,0.22704264
-5.03351676,1.15764780,0.30406225,0.32534121,0.00006307,0.17759944,0.44608626,0.00000000,0.25761491,0.23476157
-5.02751376,1.19094332,0.30845363,0.33659729,0.00005819,0.18597538,0.45406111,0.00000000,0.26842496,0.24387452
-5.02151076,1.23140335,0.31613569,0.34852638,0.00005471,0.19535001,0.46623658,0.00000000,0.28138864,0.25426286
-5.01550775,1.27834403,0.32697781,0.36089914,0.00005241,0.20558224,0.48245383,0.00000000,0.29630813,0.26579919
-5.00950475,1.33103261,0.34082104,0.37348438,0.00005112,0.21652570,0.50251855,0.00000000,0.31296402,0.27835111
-5.00350175,1.38870811,0.35748240,0.38605652,0.00005065,0.22803143,0.52620781,0.00000000,0.33111919,0.29178456
-4.99749875,1.45059945,0.37675864,0.39840224,0.00005087,0.23995033,0.55327594,0.00000000,0.35052285,0.30596649
-4.99149575,1.51594054,0.39842913,0.41032626,0.00005163,0.25213528,0.58345927,0.00000000,0.37091426,0.32076684
-4.98549275,1.58398184,0.42225817,0.42165588,0.00005283,0.26444290,0.61647952,0.00000000,0.39202648,0.33605967
-4.97948974,1.65399829,0.44799637,0.43224430,0.00005437,0.27673489,0.65204594,0.00000000,0.41358974,0.35172354
-4.97348674,1.72529368,0.47538154,0.44197265,0.00005616,0.28887900,0.68985608,0.00000000,0.43533458,0.36764118
-4.96748374,1.79720190,0.50413890,0.45075069,0.00005815,0.30074970,0.72959568,0.00000000,0.45699469,0.38369850
-4.96148074,1.86908545,0.53398111,0.45851640,0.00006030,0.31222849,0.77093761,0.00000000,0.47830945,0.39978323
-4.95547774,1.94033229,0.56460810,0.46523458,0.00006258,0.32320405,0.81354051,0.00000000,0.49902633,0.41578321
-4.94947474,2.01035148,0.59570717,0.47089470,0.00006499,0.33357230,0.85704739,0.00000000,0.51890295,0.43158477
-4.94347174,2.07856892,0.62695345,0.47550823,0.00006754,0.34323636,0.90108452,0.00000000,0.53770919,0.44707121
-4.93746873,2.14442378,0.65801105,0.47910568,0.00007025,0.35210671,0.94526116,0.00000000,0.55522915,0.46212173
-4.93146573,2.20736664,0.68853506,0.48173372,0.00007320,0.36010138,0.98917039,0.00000000,0.57126316,0.47661095
-4.92546273,2.26685992,0.71817459,0.48345251,0.00007645,0.36714650,1.03239127,0.00000000,0.58562993,0.49040914
-4.91945973,2.32238110,0.74657685,0.48433339,0.00008011,0.37317706,1.07449270,0.00000000,0.59816868,0.50338333
-4.91345673,2.37342903,0.77339239,0.48445726,0.00008430,0.37813796,1.11503881,0.00000000,0.60874150,0.51539924
-4.90745373,2.41953315,0.79828124,0.48391346,0.00008918,0.38198536,1.15359612,0.00000000,0.61723567,0.52632408
-4.90145073,2.46026559,0.82092002,0.48279938,0.00009493,0.38468827,1.18974207,0.00000000,0.62356610,0.53603005
-4.89544772,2.49525538,0.84100957,0.48122054,0.00010177,0.38623024,1.22307479,0.00000000,0.62767755,0.54439850
-4.88944472,2.52420414,0.85828289,0.47929125,0.00010994,0.38661112,1.25322372,0.00000000,0.62954679,0.55132435
-4.88344172,2.54690228,0.87251308,0.47713537,0.00011972,0.38584879,1.27986050,0.00000000,0.62918425,0.55672078
-4.87743872,2.56324458,0.88352080,0.47488728,0.00013139,0.38398063,1.30270970,0.00000000,0.62663530,0.56052369
-4.87143572,2.57324419,0.89118092,0.47269258,0.00014530,0.38106468,1.32155879,0.00000000,0.62198085,0.56269581
-4.86543272,2.57704370,0.89542795,0.47070832,0.00016178,0.37718034,1.33626669,0.00000000,0.61533707,0.56323012
-4.85942971,2.57492248,0.89625993,0.46910269,0.00018121,0.37242847,1.34677053,0.00000000,0.60685439,0.56215237
-4.85342671,2.56729920,0.89374052,0.46805369,0.00020395,0.36693089,1.35308988,0.00000000,0.59671537,0.55952247
-4.84742371,2.55472906,0.88799894,0.46774696,0.00023038,0.36082909,1.35532831,0.00000000,0.58513164,0.55543463
-4.84142071,2.53789508,0.87922782,0.46837232,0.00026087,0.35428220,1.35367182,0.00000000,0.57233986,0.55001615
-4.83541771,2.51759353,0.86767886,0.47011928,0.00029576,0.34746425,1.34838409,0.00000000,0.55859672,0.54342483
-4.82941471,2.49471349,0.85365625,0.47317144,0.00033536,0.34056070,1.33979864,0.00000000,0.54417310,0.53584508
-4.82341171,2.47021120,0.83750821,0.47769997,0.00037993,0.33376432,1.32830788,0.00000000,0.52934761,0.52748275
-4.81740870,2.44507984,0.81961690,0.48385629,0.00042967,0.32727054,1.31434963,0.00000000,0.51439965,0.51855901
-4.81140570,2.42031589,0.80038681,0.49176434,0.00048468,0.32127241,1.29839150,0.00000000,0.49960216,0.50930336
-4.80540270,2.39688332,0.78023245,0.50151274,0.00054500,0.31595534,1.28091371,0.00000000,0.48521451,0.49994609
-4.79939970,2.37567712,0.75956544,0.51314724,0.00061053,0.31149166,1.26239114,0.00000000,0.47147549,0.49071055
-4.79339670,2.35748759,0.73878171,0.52666378,0.00068107,0.30803540,1.24327545,0.00000000,0.45859689,0.48180547
-4.78739370,2.34296724,0.71824929,0.54200276,0.00075626,0.30571725,1.22397793,0.00000000,0.44675786,0.47341767
-4.78139070,2.33260154,0.69829711,0.55904475,0.00083564,0.30464002,1.20485400,0.00000000,0.43610011,0.46570549
-4.77538769,2.32668524,0.67920534,0.57760807,0.00091857,0.30487473,1.18619015,0.00000000,0.42672438,0.45879321
-4.76938469,2.32530528,0.66119757,0.59744851,0.00100430,0.30645748,1.16819376,0.00000000,0.41868810,0.45276664
-4.76338169,2.32833137,0.64443526,0.61826139,0.00109192,0.30938727,1.15098654,0.00000000,0.41200446,0.44767023
-4.75737869,2.33541490,0.62901457,0.63968614,0.00118042,0.31362488,1.13460172,0.00000000,0.40664286,0.44350560
-4.75137569,2.34599636,0.61496573,0.66131320,0.00126865,0.31909281,1.11898531,0.00000000,0.40253083,0.44023180
-4.74537269,2.35932135,0.60225496,0.68269330,0.00135541,0.32567656,1.10400129,0.00000000,0.39955719,0.43776707
-4.73936968,2.37446461,0.59078881,0.70334880,0.00143941,0.33322698,1.08944040,0.00000000,0.39757652,0.43599227
-4.73336668,2.39036117,0.58042074,0.72278665,0.00151935,0.34156386,1.07503235,0.00000000,0.39641465,0.43475561
-4.72736368,2.40584363,0.57095957,0.74051260,0.00159391,0.35048063,1.06046057,0.00000000,0.39587508,0.43387864
-4.72136068,2.41968384,0.56217950,0.75604608,0.00166181,0.35975004,1.04537892,0.00000000,0.39574597,0.43316327
-4.71535768,2.43063750,0.55383120,0.76893519,0.00172184,0.36913072,1.02942957,0.00000000,0.39580761,0.43239938
-4.70935468,2.43748976,0.54565342,0.77877108,0.00177292,0.37837425,1.01226112,0.00000000,0.39584003,0.43137291
-4.70335168,2.43909988,0.53738477,0.78520130,0.00181406,0.38723279,0.99354607,0.00000000,0.39563037,0.42987394
-4.69734867,2.43444321,0.52877500,0.78794130,0.00184448,0.39546671,0.97299695,0.00000000,0.39498005,0.42770461
-4.69134567,2.42264866,0.51959540,0.78678387,0.00186356,0.40285213,0.95038028,0.00000000,0.39371112,0.42468633
-4.68534267,2.40303021,0.50964790,0.78160590,0.00187090,0.40918802,0.92552785,0.00000000,0.39167190,0.42066627
-4.67933967,2.37511119,0.49877254,0.77237232,0.00186635,0.41430251,0.89834476,0.00000000,0.38874153,0.41552268
-4.67333667,2.33864049,0.48685295,0.75913695,0.00184994,0.41805836,0.86881416,0.00000000,0.38483333,0.40916900
-4.66733367,2.29360008,0.47381988,0.74204039,0.00182198,0.42035704,0.83699835,0.00000000,0.37989693,0.40155651
-4.66133067,2.24020390,0.45965245,0.72130501,0.00178295,0.42114166,0.80303661,0.00000000,0.37391911,0.39267555
-4.65532766,2.17888822,0.44437752,0.69722728,0.00173359,0.42039816,0.76713975,0.00000000,0.36692326,0.38255528
-4.64932466,2.11029427,0.42806692,0.67016787,0.00167476,0.41815520,0.72958206,0.00000000,0.35896769,0.37126193
-4.64332166,2.03524412,0.41083314,0.64053993,0.00160754,0.41448241,0.69069086,0.00000000,0.35014277,0.35889597
-4.63731866,1.95471098,0.39282354,0.60879616,0.00153307,0.40948723,0.65083461,0.00000000,0.34056717,0.34558795
-4.63131566,1.86978555,0.37421347,0.57541511,0.00145264,0.40331063,0.61040982,0.00000000,0.33038327,0.33149361
-4.62531266,1.78163996,0.35519881,0.54088743,0.00136756,0.39612172,0.56982780,0.00000000,0.31975205,0.31678831
-4.61930965,1.69149093,0.33598815,0.50570251,0.00127916,0.38811168,0.52950154,0.00000000,0.30884775,0.30166105
-4.61330665,1.60056377,0.31679506,0.47033605,0.00118876,0.37948732,0.48983348,0.00000000,0.29785234,0.28630846
-4.60730365,1.51005877,0.29783089,0.43523903,0.00109766,0.37046450,0.45120461,0.00000000,0.28695032,0.27092891
-4.60130065,1.42112118,0.27929825,0.40082837,0.00100704,0.36126181,0.41396520,0.00000000,0.27632379,0.25571706
-4.59529765,1.33481587,0.26138551,0.36747951,0.00091801,0.35209485,0.37842752,0.00000000,0.26614820,0.24085900
-4.58929465,1.25210756,0.24426248,0.33552119,0.00083157,0.34317122,0.34486071,0.00000000,0.25658879,0.22652817
-4.58329165,1.17384680,0.22807740,0.30523225,0.00074857,0.33468657,0.31348774,0.00000000,0.24779785,0.21288222
-4.57728864,1.10076213,0.21295518,0.27684065,0.00066972,0.32682174,0.28448453,0.00000000,0.23991289,0.20006078
-4.57128564,1.03345811,0.19899699,0.25052428,0.00059562,0.31974115,0.25798096,0.00000000,0.23305575,0.18818419
-4.56528264,0.97241874,0.18628097,0.22641366,0.00052670,0.31359229,0.23406358,0.00000000,0.22733247,0.17735323
-4.55927964,0.91801572,0.17486401,0.20459593,0.00046326,0.30850636,0.21277986,0.00000000,0.22283399,0.16764962
-4.55327664,0.87052057,0.16478433,0.18512008,0.00040548,0.30459977,0.19414339,0.00000000,0.21963744,0.15913727
-4.54727364,0.83011960,0.15606473,0.16800291,0.00035344,0.30197643,0.17813996,0.00000000,0.21780799,0.15186409
-4.54127064,0.79693071,0.14871610,0.15323550,0.00030710,0.30073047,0.16473401,0.00000000,0.21740096,0.14586418
-4.53526763,0.77102080,0.14274127,0.14078969,0.00026635,0.30094912,0.15387517,0.00000000,0.21846403,0.14116025
-4.52926463,0.75242290,0.13813860,0.13062449,0.00023100,0.30271557,0.14550462,0.00000000,0.22103952,0.13776602
-4.52326163,0.74115175,0.13490544,0.12269187,0.00020082,0.30611139,0.13956094,0.00000000,0.22516633,0.13568853
-4.51725863,0.73721719,0.13304104,0.11694192,0.00017551,0.31121841,0.13598527,0.00000000,0.23088158,0.13493009
-4.51125563,0.74063458,0.13254888,0.11332710,0.00015478,0.31811971,0.13472553,0.00000000,0.23822172,0.13548986
-4.50525263,0.75143160,0.13343836,0.11180536,0.00013830,0.32689968,0.13573964,0.00000000,0.24722306,0.13736487
-4.49924962,0.76965124,0.13572559,0.11234213,0.00012574,0.33764295,0.13899761,0.00000000,0.25792157,0.14055053
-4.49324662,0.79535071,0.13943346,0.11491121,0.00011676,0.35043228,0.14448244,0.00000000,0.27035197,0.14504049
-4.48724362,0.82859628,0.14459081,0.11949435,0.00011103,0.36534523,0.15218974,0.00000000,0.28454615,0.15082588
-4.48124062,0.86945439,0.15123082,0.12607973,0.00010824,0.38244991,0.16212628,0.00000000,0.30053078,0.15789414
-4.47523762,0.91797929,0.15938865,0.13465947,0.00010807,0.40179981,0.17430735,0.00000000,0.31832433,0.16622728
-4.46923462,0.97419774,0.16909842,0.14522616,0.00011024,0.42342803,0.18875305,0.00000000,0.33793352,0.17579976
-4.46323162,1.03809161,0.18038956,0.15776866,0.00011444,0.44734099,0.20548373,0.00000000,0.35934932,0.18657624
-4.45722861,1.10957889,0.19328279,0.17226740,0.00012042,0.47351206,0.22451457,0.00000000,0.38254259,0.19850916
-4.45122561,1.18849425,0.20778578,0.18868933,0.00012789,0.50187538,0.24584965,0.00000000,0.40745969,0.21153628
-4.44522261,1.27456988,0.22388867,0.20698279,0.00013662,0.53232011,0.26947558,0.00000000,0.43401806,0.22557857
-4.43921961,1.36741768,0.24155961,0.22707259,0.00014635,0.56468556,0.29535502,0.00000000,0.46210212,0.24053829
-4.43321661,1.46651380,0.26074066,0.24885549,0.00015684,0.59875737,0.32342027,0.00000000,0.49155963,0.25629758
-4.42721361,1.57118637,0.28134396,0.27219636,0.00016786,0.63426525,0.35356734,0.00000000,0.52219888,0.27271765
-4.42121061,1.68060748,0.30324872,0.29692533,0.00017918,0.67088227,0.38565068,0.00000000,0.55378667,0.28963861
-4.41520760,1.79378998,0.32629896,0.32283603,0.00019059,0.70822610,0.41947896,0.00000000,0.58604769,0.30688010
-4.40920460,1.90959005,0.35030235,0.34968522,0.00020187,0.74586232,0.45481214,0.00000000,0.61866509,0.32424271
-4.40320160,2.02671566,0.37503021,0.37719386,0.00021282,0.78330977,0.49136017,0.00000000,0.65128274,0.34151022
-4.39719860,2.14374157,0.40021890,0.40504980,0.00022324,0.82004802,0.52878352,0.00000000,0.68350900,0.35845273
-4.39119560,2.25913056,0.42557268,0.43291210,0.00023297,0.85552686,0.56669577,0.00000000,0.71492233,0.37483047
-4.38519260,2.37126087,0.45076796,0.46041682,0.00024184,0.88917753,0.60466834,0.00000000,0.74507844,0.39039835
-4.37918959,2.47845925,0.47545906,0.48718446,0.00024969,0.92042551,0.64223739,0.00000000,0.77351909,0.40491116
-4.37318659,2.57903869,0.49928536,0.51282848,0.00025641,0.94870443,0.67891286,0.00000000,0.79978222,0.41812905
-4.36718359,2.67134004,0.52187962,0.53696504,0.00026189,0.97347072,0.71418949,0.00000000,0.82341321,0.42982345
-4.36118059,2.75377583,0.54287725,0.55922337,0.00026603,0.99421841,0.74755944,0.00000000,0.84397681,0.43978295
-4.35517759,2.82487510,0.56192627,0.57925653,0.00026878,1.01049362,0.77852627,0.00000000,0.86106956,0.44781908
-4.34917459,2.88332733,0.57869765,0.59675214,0.00027011,1.02190812,0.80661966,0.00000000,0.87433188,0.45377179
-4.34317159,2.92802395,0.59289546,0.61144266,0.00026998,1.02815154,0.83141046,0.00000000,0.88345973,0.45751430
-4.33716858,2.95809558,0.60426663,0.62311477,0.00026843,1.02900147,0.85252535,0.00000000,0.88821502,0.45895725
-4.33116558,2.97294352,0.61260976,0.63161758,0.00026547,1.02433136,0.86966053,0.00000000,0.88843446,0.45805194
-4.32516258,2.97226399,0.61778267,0.63686905,0.00026115,1.01411547,0.88259389,0.00000000,0.88403649,0.45479246
-4.31915958,2.95606404,0.61970824,0.63886070,0.00025557,0.99843100,0.89119501,0.00000000,0.87502569,0.44921665
-4.31315658,2.92466834,0.61837840,0.63766002,0.00024881,0.97745698,0.89543259,0.00000000,0.86149473,0.44140588
-4.30715358,2.87871638,0.61385589,0.63341078,0.00024098,0.95147011,0.89537881,0.00000000,0.84362347,0.43148354
-4.30115058,2.81915017,0.60627384,0.62633090,0.00023221,0.92083757,0.89121056,0.00000000,0.82167538,0.41961234
-4.29514757,2.74719268,0.59583308,0.61670830,0.00022265,0.88600723,0.88320728,0.00000000,0.79599114,0.40599054
-4.28914457,2.66431804,0.58279723,0.60489454,0.00021245,0.84749542,0.87174552,0.00000000,0.76698001,0.39084716
-4.28314157,2.57221452,0.56748589,0.59129674,0.00020177,0.80587299,0.85729048,0.00000000,0.73510891,0.37443650
-4.27713857,2.47274175,0.55026610,0.57636802,0.00019078,0.76174997,0.84038470,0.00000000,0.70088994,0.35703192
-4.27113557,2.36788392,0.53154247,0.56059671,0.00017966,0.71575967,0.82163456,0.00000000,0.66486668,0.33891946
-4.26513257,2.25970063,0.51174638,0.54449492,0.00016858,0.66854257,0.80169494,0.00000000,0.62759980,0.32039120
-4.25912956,2.15027718,0.49132463,0.52858666,0.00015773,0.62073078,0.78125270,0.00000000,0.58965263,0.30173874
-4.25312656,2.04167606,0.47072802,0.51339602,0.00014728,0.57293356,0.76100957,0.00000000,0.55157715,0.28324710
-4.24712356,1.93589125,0.45040025,0.49943564,0.00013743,0.52572431,0.74166498,0.00000000,0.51390085,0.26518904
-4.24112056,1.83480635,0.43076745,0.48719590,0.00012833,0.47962943,0.72389947,0.00000000,0.47711497,0.24782003
-4.23511756,1.74015801,0.41222873,0.47713489,0.00012017,0.43511945,0.70835898,0.00000000,0.44166441,0.23137403
-4.22911456,1.65350499,0.39514789,0.46966950,0.00011311,0.39260231,0.69564058,0.00000000,0.40793958,0.21606007
-4.22311156,1.57620350,0.37984654,0.46516763,0.00010731,0.35241920,0.68627970,0.00000000,0.37627034,0.20205968
-4.21710855,1.50938885,0.36659861,0.46394167,0.00010293,0.31484258,0.68073930,0.00000000,0.34692207,0.18952516
-4.21110555,1.45396326,0.35562632,0.46624322,0.00010010,0.28007638,0.67940086,0.00000000,0.32009380,0.17857858
-4.20510255,1.41058947,0.34709763,0.47225906,0.00009895,0.24825822,0.68255734,0.00000000,0.29591843,0.16931152
-4.19909955,1.37968973,0.34112489,0.48210838,0.00009961,0.21946321,0.69040805,0.00000000,0.27446461,0.16178536
-4.19309655,1.36144939,0.33776481,0.49584123,0.00010218,0.19370904,0.70305548,0.00000000,0.25574034,0.15603208
-4.18709355,1.35582466,0.33701935,0.51343815,0.00010672,0.17096210,0.72050379,0.00000000,0.23969775,0.15205540
-4.18109055,1.36255381,0.33883767,0.53481102,0.00011331,0.15114421,0.74265925,0.00000000,0.22623900,0.14983226
-4.17508754,1.38117133,0.34311875,0.55980511,0.00012198,0.13413965,0.76933220,0.00000000,0.21522288,0.14931442
-4.16908454,1.41102458,0.34971480,0.58820232,0.00013273,0.11980217,0.80024086,0.00000000,0.20647199,0.15043030
-4.16308154,1.45129253,0.35843516,0.61972573,0.00014552,0.10796183,0.83501675,0.00000000,0.19978004,0.15308681
-4.15707854,1.50100644,0.36905083,0.65404533,0.00016030,0.09843134,0.87321177,0.00000000,0.19491933,0.15717140
-4.15107554,1.55907205,0.38129942,0.69078500,0.00017695,0.09101187,0.91430703,0.00000000,0.19164799,0.16255415
-4.14507254,1.62429340,0.39489064,0.72953062,0.00019533,0.08549815,0.95772326,0.00000000,0.18971698,0.16908994
-4.13906953,1.69539783,0.40951211,0.76983927,0.00021525,0.08168294,1.00283280,0.00000000,0.18887665,0.17662087
-4.13306653,1.77106204,0.42483569,0.81124930,0.00023647,0.07936072,1.04897296,0.00000000,0.18888278,0.18497878
-4.12706353,1.84993897,0.44052409,0.85329100,0.00025871,0.07833075,1.09546069,0.00000000,0.18950205,0.19398802
-4.12106053,1.93068499,0.45623772,0.89549761,0.00028166,0.07839950,1.14160799,0.00000000,0.19051686,0.20346838
-4.11505753,2.01198696,0.47164177,0.93741632,0.00030497,0.07938261,1.18673799,0.00000000,0.19172941,0.21323828
-4.10905453,2.09258847,0.48641330,0.97861886,0.00032825,0.08110633,1.23020089,0.00000000,0.19296512,0.22311803
-4.10305153,2.17131467,0.50024814,1.01871111,0.00035111,0.08340862,1.27138959,0.00000000,0.19407522,0.23293325
-4.09704852,2.24709467,0.51286747,1.05734161,0.00037313,0.08613994,1.30975410,0.00000000,0.19493863,0.24251826
-4.09104552,2.31898108,0.52402387,1.09420826,0.00039390,0.08916386,1.34481446,0.00000000,0.19546297,0.25171940
-4.08504252,2.38616557,0.53350659,1.12906311,0.00041302,0.09235738,1.37617140,0.00000000,0.19558485,0.26039806
-4.07903952,2.44799005,0.54114579,1.16171491,0.00043010,0.09561117,1.40351440,0.00000000,0.19526937,0.26843347
-4.07303652,2.50395281,0.54681570,1.19202928,0.00044478,0.09882964,1.42662675,0.00000000,0.19450880,0.27572485
-4.06703352,2.55370942,0.55043641,1.21992649,0.00045677,0.10193080,1.44538729,0.00000000,0.19332066,0.28219318
-4.06103052,2.59706823,0.55197429,1.24537703,0.00046581,0.10484607,1.45976883,0.00000000,0.19174505,0.28778206
-4.05502751,2.63398070,0.55144095,1.26839515,0.00047171,0.10751984,1.46983325,0.00000000,0.18984147,0.29245801
-4.04902451,2.66452695,0.54889084,1.28903070,0.00047434,0.10990892,1.47572354,0.00000000,0.18768516,0.29620987
-4.04302151,2.68889730,0.54441747,1.30735979,0.00047365,0.11198174,1.47765316,0.00000000,0.18536305,0.29904750
-4.03701851,2.70737064,0.53814856,1.32347486,0.00046965,0.11371747,1.47589330,0.00000000,0.18296956,0.30099976
-4.03101551,2.72029078,0.53024023,1.33747448,0.00046245,0.11510487,1.47075854,0.00000000,0.18060216,0.30211182
-4.02501251,2.72804190,0.52087051,1.34945374,0.00045220,0.11614111,1.46259182,0.00000000,0.17835720,0.30244202
-4.01900950,2.73102436,0.51023252,1.35949555,0.00043914,0.11683037,1.45174931,0.00000000,0.17632573,0.30205839
-4.01300650,2.72963217,0.49852757,1.36766347,0.00042353,0.11718253,1.43858593,0.00000000,0.17458980,0.30103495
-4.00700350,2.72423302,0.48595854,1.37399633,0.00040571,0.11721170,1.42344228,0.00000000,0.17321918,0.29944809
-4.00100050,2.71515197,0.47272374,1.37850499,0.00038605,0.11693490,1.40663349,0.00000000,0.17226869,0.29737309
-3.99499750,2.70265955,0.45901156,1.38117133,0.00036494,0.11637083,1.38844044,0.00000000,0.17177617,0.29488100
-3.98899450,2.68696447,0.44499614,1.38194953,0.00034278,0.11553878,1.36910372,0.00000000,0.17176125,0.29203603
-3.98299150,2.66821147,0.43083407,1.38076950,0.00031998,0.11445774,1.34882039,0.00000000,0.17222489,0.28889360
-3.97698849,2.64648388,0.41666231,1.37754213,0.00029695,0.11314575,1.32774360,0.00000000,0.17314968,0.28549899
-3.97098549,2.62181074,0.40259728,1.37216614,0.00027408,0.11161951,1.30598487,0.00000000,0.17450097,0.28188676
-3.96498249,2.59417773,0.38873501,1.36453609,0.00025174,0.10989421,1.28361865,0.00000000,0.17622872,0.27808091
-3.95897949,2.56354112,0.37515233,1.35455101,0.00023027,0.10798365,1.26068882,0.00000000,0.17826992,0.27409567
-3.95297649,2.52984377,0.36190889,1.34212314,0.00020998,0.10590051,1.23721657,0.00000000,0.18055155,0.26993686
-3.94697349,2.49303218,0.34904968,1.32718647,0.00019115,0.10365683,1.21320906,0.00000000,0.18299403,0.26560372
-3.94097049,2.45307335,0.33660810,1.30970434,0.00017403,0.10126456,1.18866827,0.00000000,0.18551469,0.26109110
-3.93496748,2.40997061,0.32460902,1.28967597,0.00015883,0.09873625,1.16359958,0.00000000,0.18803152,0.25639178
-3.92896448,2.36377736,0.31307192,1.26714142,0.00014572,0.09608563,1.13801936,0.00000000,0.19046664,0.25149879
-3.92296148,2.31460786,0.30201361,1.24218470,0.00013484,0.09332824,1.11196131,0.00000000,0.19274960,0.24640766
-3.91695848,2.26264457,0.29145060,1.21493508,0.00012633,0.09048183,1.08548111,0.00000000,0.19482019,0.24111832
-3.91095548,2.20814149,0.28140086,1.18556635,0.00012026,0.08756670,1.05865917,0.00000000,0.19663072,0.23563666
-3.90495248,2.15142338,0.27188490,1.15429408,0.00011671,0.08460578,1.03160128,0.00000000,0.19814759,0.22997561
-3.89894947,2.09288085,0.26292610,1.12137120,0.00011572,0.08162449,1.00443731,0.00000000,0.19935211,0.22415565
-3.89294647,2.03296149,0.25455041,1.08708180,0.00011732,0.07865045,0.97731798,0.00000000,0.20024054,0.21820480
-3.88694347,1.97215765,0.24678529,1.05173371,0.00012149,0.07571288,0.95040983,0.00000000,0.20082330,0.21215805
-3.88094047,1.91099120,0.23965817,1.01565001,0.00012822,0.07284186,0.92388891,0.00000000,0.20112345,0.20605628
-3.87493747,1.84999631,0.23319444,0.97915988,0.00013745,0.07006744,0.89793338,0.00000000,0.20117450,0.19994473
-3.86893447,1.78970086,0.22741507,0.94258918,0.00014911,0.06741859,0.87271544,0.00000000,0.20101764,0.19387120
-3.86293147,1.73060754,0.22233421,0.90625117,0.00016308,0.06492215,0.84839318,0.00000000,0.20069855,0.18788395
-3.85692846,1.67317544,0.21795675,0.87043766,0.00017923,0.06260172,0.82510266,0.00000000,0.20026405,0.18202953
-3.85092546,1.61780314,0.21427614,0.83541108,0.00019737,0.06047666,0.80295070,0.00000000,0.19975860,0.17635063
-3.84492246,1.56481405,0.21127260,0.80139762,0.00021728,0.05856116,0.78200876,0.00000000,0.19922104,0.17088413
-3.83891946,1.51444475,0.20891178,0.76858192,0.00023871,0.05686353,0.76230830,0.00000000,0.19868161,0.16565937
-3.83291646,1.46683696,0.20714413,0.73710327,0.00026137,0.05538565,0.74383782,0.00000000,0.19815954,0.16069679
-3.82691346,1.42203348,0.20590495,0.70705370,0.00028491,0.05412271,0.72654177,0.00000000,0.19766118,0.15600709
-3.82091046,1.37997849,0.20511527,0.67847785,0.00030897,0.05306323,0.71032152,0.00000000,0.19717904,0.15159083
-3.81490745,1.34052208,0.20468340,0.65137471,0.00033316,0.05218928,0.69503830,0.00000000,0.19669154,0.14743859
-3.80890445,1.30342901,0.20450739,0.62570119,0.00035705,0.05147708,0.68051798,0.00000000,0.19616368,0.14353167
-3.80290145,1.26839128,0.20447799,0.60137717,0.00038022,0.05089779,0.66655767,0.00000000,0.19554854,0.13984330
-3.79689845,1.23504401,0.20448231,0.57829210,0.00040223,0.05041855,0.65293369,0.00000000,0.19478950,0.13634029
-3.79089545,1.20298393,0.20440788,0.55631260,0.00042265,0.05000367,0.63941065,0.00000000,0.19382315,0.13298505
-3.78489245,1.17178966,0.20414690,0.53529089,0.00044107,0.04961598,0.62575133,0.00000000,0.19258264,0.12973788
-3.77888944,1.14104301,0.20360069,0.51507372,0.00045713,0.04921822,0.61172673,0.00000000,0.19100144,0.12655946
-3.77288644,1.11035015,0.20268389,0.49551122,0.00047049,0.04877443,0.59712605,0.00000000,0.18901715,0.12341334
-3.76688344,1.07936190,0.20132844,0.47646564,0.00048086,0.04825128,0.58176605,0.00000000,0.18657523,0.12026835
-3.76088044,1.04779221,0.19948705,0.45781924,0.00048805,0.04761931,0.56549941,0.00000000,0.18363253,0.11710089
-3.75487744,1.01543405,0.19713597,0.43948135,0.00049190,0.04685392,0.54822179,0.00000000,0.18016030,0.11389681
-3.74887444,0.98217191,0.19427699,0.42139410,0.00049234,0.04593625,0.52987717,0.00000000,0.17614666,0.11065302
-3.74287144,0.94799074,0.19093855,0.40353674,0.00048938,0.04485371,0.51046145,0.00000000,0.17159831,0.10737856
-3.73686843,0.91298066,0.18717590,0.38592837,0.00048312,0.04360030,0.49002404,0.00000000,0.16654148,0.10409523
-3.73086543,0.87733759,0.18307027,0.36862904,0.00047371,0.04217663,0.46866750,0.00000000,0.16102203,0.10083764
-3.72486243,0.84135970,0.17872707,0.35173915,0.00046138,0.04058973,0.44654533,0.00000000,0.15510476,0.09765277
-3.71885943,0.80544007,0.17427332,0.33539735,0.00044644,0.03885254,0.42385793,0.00000000,0.14887195,0.09459902
-3.71285643,0.77005586,0.16985415,0.31977700,0.00042921,0.03698328,0.40084715,0.00000000,0.14242118,0.09174476
-3.70685343,0.73575460,0.16562881,0.30508142,0.00041010,0.03500456,0.37778954,0.00000000,0.13586260,0.08916657
-3.70085043,0.70313821,0.16176611,0.29153812,0.00038951,0.03294247,0.35498869,0.00000000,0.12931584,0.08694703
-3.69484742,0.67284543,0.15843959,0.27939232,0.00036787,0.03082552,0.33276698,0.00000000,0.12290649,0.08517234
-3.68884442,0.64553331,0.15582260,0.26889990,0.00034560,0.02868361,0.31145709,0.00000000,0.11676254,0.08392973
-3.68284142,0.62185852,0.15408343,0.26032026,0.00032314,0.02654700,0.29139344,0.00000000,0.11101080,0.08330482
-3.67683842,0.60245906,0.15338066,0.25390905,0.00030087,0.02444536,0.27290394,0.00000000,0.10577343,0.08337895
-3.67083542,0.58793683,0.15385893,0.24991121,0.00027917,0.02240692,0.25630224,0.00000000,0.10116469,0.08422655
-3.66483242,0.57884170,0.15564526,0.24855437,0.00025837,0.02045774,0.24188051,0.00000000,0.09728810,0.08591276
-3.65882941,0.57565722,0.15884603,0.25004289,0.00023874,0.01862112,0.22990304,0.00000000,0.09423387,0.08849109
-3.65282641,0.57878844,0.16354464,0.25455246,0.00022052,0.01691721,0.22060046,0.00000000,0.09207688,0.09200148
-3.64682341,0.58855191,0.16980008,0.26222564,0.00020390,0.01536273,0.21416487,0.00000000,0.09087498,0.09646857
-3.64082041,0.60516795,0.17764624,0.27316815,0.00018901,0.01397081,0.21074556,0.00000000,0.09066789,0.10190033
-3.63481741,0.62875532,0.18709218,0.28744612,0.00017592,0.01275102,0.21044558,0.00000000,0.09147642,0.10828706
-3.62881441,0.65932832,0.19812314,0.30508432,0.00016467,0.01170954,0.21331884,0.00000000,0.09330216,0.11560078
-3.62281141,0.69679624,0.21070248,0.32606538,0.00015526,0.01084928,0.21936797,0.00000000,0.09612759,0.12379504
-3.61680840,0.74096512,0.22477422,0.35033004,0.00014764,0.01017029,0.22854279,0.00000000,0.09991646,0.13280522
-3.61080540,0.79154201,0.24026642,0.37777847,0.00014173,0.00967000,0.24073940,0.00000000,0.10461461,0.14254918
-3.60480240,0.84814127,0.25709498,0.40827260,0.00013744,0.00934371,0.25580014,0.00000000,0.11015108,0.15292849
-3.59879940,0.91029331,0.27516797,0.44163956,0.00013463,0.00918489,0.27351424,0.00000000,0.11643946,0.16383012
-3.59279640,0.97745526,0.29439019,0.47767603,0.00013319,0.00918566,0.29361951,0.00000000,0.12337960,0.17512847
-3.58679340,1.04902364,0.31466794,0.51615356,0.00013297,0.00933714,0.31580497,0.00000000,0.13085951,0.18668803
-3.58079040,1.12434862,0.33591357,0.55682462,0.00013383,0.00962982,0.33971471,0.00000000,0.13875759,0.19836627
-3.57478739,1.20274975,0.35804985,0.59942925,0.00013563,0.01005392,0.36495296,0.00000000,0.14694498,0.21001695
-3.56878439,1.28353248,0.38101379,0.64370206,0.00013826,0.01059970,0.39109037,0.00000000,0.15528821,0.22149369
-3.56278139,1.36600507,0.40475968,0.68937925,0.00014158,0.01125771,0.41767158,0.00000000,0.16365188,0.23265366
-3.55677839,1.44949532,0.42926119,0.73620540,0.00014549,0.01201899,0.44422396,0.00000000,0.17190156,0.24336132
-3.55077539,1.53336629,0.45451221,0.78393953,0.00014991,0.01287533,0.47026738,0.00000000,0.17990658,0.25349210
-3.54477239,1.61703033,0.48052639,0.83236017,0.00015475,0.01381932,0.49532467,0.00000000,0.18754287,0.26293576
-3.53876938,1.69996081,0.50733514,0.88126907,0.00015995,0.01484445,0.51893274,0.00000000,0.19469564,0.27159947
-3.53276638,1.78170063,0.53498405,0.93049310,0.00016547,0.01594516,0.54065365,0.00000000,0.20126178,0.27941024
-3.52676338,1.86186722,0.56352777,0.97988435,0.00017125,0.01711676,0.56008556,0.00000000,0.20715198,0.28631678
-3.52076038,1.94015342,0.59302342,1.02931803,0.00017726,0.01835538,0.57687293,0.00000000,0.21229243,0.29229056
-3.51475738,2.01632416,0.62352278,1.07868839,0.00018349,0.01965782,0.59071567,0.00000000,0.21662603,0.29732600
-3.50875438,2.09020892,0.65506352,1.12790265,0.00018990,0.02102135,0.60137671,0.00000000,0.22011309,0.30143984
-3.50275138,2.16169046,0.68765990,1.17687333,0.00019646,0.02244349,0.60868786,0.00000000,0.22273142,0.30466957
-3.49674837,2.23069016,0.72129335,1.22550933,0.00020314,0.02392171,0.61255352,0.00000000,0.22447587,0.30707106
-3.49074537,2.29715109,0.75590363,1.27370650,0.00020989,0.02545320,0.61295203,0.00000000,0.22535733,0.30871546
-3.48474237,2.36101971,0.79138099,1.32133809,0.00021668,0.02703451,0.60993484,0.00000000,0.22540122,0.30968551
-3.47873937,2.42222747,0.82755998,1.36824616,0.00022342,0.02866129,0.60362320,0.00000000,0.22464555,0.31007140
-3.47273637,2.48067370,0.86421539,1.41423441,0.00023005,0.03032803,0.59420276,0.00000000,0.22313865,0.30996640
-3.46673337,2.53621089,0.90106098,1.45906318,0.00023647,0.03202782,0.58191623,0.00000000,0.22093676,0.30946253
-3.46073037,2.58863374,0.93775098,1.50244742,0.00024258,0.03375219,0.56705439,0.00000000,0.21810143,0.30864634
-3.45472736,2.63767284,0.97388501,1.54405775,0.00024827,0.03549101,0.54994600,0.00000000,0.21469707,0.30759520
-3.44872436,2.68299367,1.00901602,1.58352511,0.00025340,0.03723249,0.53094682,0.00000000,0.21078860,0.30637405
-3.44272136,2.72420144,1.04266151,1.62044886,0.00025786,0.03896328,0.51042848,0.00000000,0.20643937,0.30503304
-3.43671836,2.76085153,1.07431730,1.65440825,0.00026152,0.04066863,0.48876736,0.00000000,0.20170949,0.30360589
-3.43071536,2.79246527,1.10347366,1.68497664,0.00026424,0.04233266,0.46633421,0.00000000,0.19665449,0.30210919
-3.42471236,2.81855027,1.12963290,1.71173790,0.00026593,0.04393873,0.44348465,0.00000000,0.19132449,0.30054270
-3.41870935,2.83862408,1.15232775,1.73430409,0.00026648,0.04546990,0.42055095,0.00000000,0.18576380,0.29889043
-3.41270635,2.85223991,1.17113958,1.75233338,0.00026580,0.04690937,0.39783535,0.00000000,0.18001090,0.29712257
-3.40670335,2.85901279,1.18571566,1.76554732,0.00026385,0.04824104,0.37560498,0.00000000,0.17409885,0.29519806
-3.40070035,2.85864460,1.19578441,1.77374614,0.00026058,0.04945005,0.35408849,0.00000000,0.16805599,0.29306774
-3.39469735,2.85094640,1.20116808,1.77682147,0.00025599,0.05052331,0.33347435,0.00000000,0.16190680,0.29067777
-3.38869435,2.83585666,1.20179195,1.77476525,0.00025012,0.05144996,0.31391062,0.00000000,0.15567300,0.28797325
-3.38269135,2.81345409,1.19768966,1.76767465,0.00024301,0.05222183,0.29550620,0.00000000,0.14937459,0.28490176
-3.37668834,2.78396449,1.18900440,1.75575224,0.00023474,0.05283375,0.27833318,0.00000000,0.14303094,0.28141678
-3.37068534,2.74776081,1.17598578,1.73930159,0.00022544,0.05328381,0.26243008,0.00000000,0.13666167,0.27748062
-3.36468234,2.70535658,1.15898245,1.71871828,0.00021522,0.05357342,0.24780581,0.00000000,0.13028746,0.27306694
-3.35867934,2.65739296,1.13843096,1.69447696,0.00020425,0.05370736,0.23444397,0.00000000,0.12393057,0.26816268
-3.35267634,2.60461999,1.11484120,1.66711490,0.00019269,0.05369358,0.22230733,0.00000000,0.11761519,0.26276925
-3.34667334,2.54787320,1.08877919,1.63721309,0.00018073,0.05354293,0.21134222,0.00000000,0.11136749,0.25690307
-3.34067034,2.48804669,1.06084793,1.60537587,0.00016854,0.05326875,0.20148272,0.00000000,0.10521552,0.25059550
-3.33466733,2.42606415,1.03166719,1.57221001,0.00015632,0.05288638,0.19265444,0.00000000,0.09918885,0.24389202
-3.32866433,2.36284935,1.00185319,1.53830448,0.00014424,0.05241252,0.18477787,0.00000000,0.09331808,0.23685087
-3.32266133,2.29929744,0.97199886,1.50421185,0.00013249,0.05186461,0.17777115,0.00000000,0.08763427,0.22954127
-3.31665833,2.23624865,0.94265568,1.47043224,0.00012122,0.05126013,0.17155234,0.00000000,0.08216825,0.22204121
-3.31065533,2.17446538,0.91431772,1.43740051,0.00011060,0.05061587,0.16604119,0.00000000,0.07694995,0.21443500
-3.30465233,2.11461389,0.88740842,1.40547737,0.00010076,0.04994729,0.16116040,0.00000000,0.07200773,0.20681076
-3.29864932,2.05725119,0.86227066,1.37494448,0.00009183,0.04926790,0.15683650,0.00000000,0.06736784,0.19925788
-3.29264632,2.00281753,0.83916041,1.34600392,0.00008393,0.04858873,0.15300040,0.00000000,0.06305392,0.19186459
-3.28664332,1.95163483,0.81824397,1.31878164,0.00007716,0.04791797,0.14958774,0.00000000,0.05908661,0.18471585
-3.28064032,1.90391058,0.79959891,1.29333478,0.00007160,0.04726063,0.14653904,0.00000000,0.05548336,0.17789147
-3.27463732,1.85974709,0.78321847,1.26966209,0.00006735,0.04661849,0.14379979,0.00000000,0.05225831,0.17146473
-3.26863432,1.81915516,0.76901902,1.24771707,0.00006448,0.04599010,0.14132053,0.00000000,0.04942233,0.16550131
-3.26263132,1.78207142,0.75685029,1.22742283,0.00006306,0.04537100,0.13905696,0.00000000,0.04698315,0.16005875
-3.25662831,1.74837832,0.74650767,1.20868800,0.00006316,0.04475405,0.13697008,0.00000000,0.04494560,0.15518630
-3.25062531,1.71792562,0.73774609,1.19142271,0.00006486,0.04412994,0.13502648,0.00000000,0.04331190,0.15092516
-3.24462231,1.69055222,0.73029471,1.17555404,0.00006822,0.04348774,0.13319859,0.00000000,0.04208202,0.14730902
-3.23861931,1.66610723,0.72387179,1.16103992,0.00007332,0.04281563,0.13146503,0.00000000,0.04125399,0.14436486
-3.23261631,1.64446925,0.71819910,1.14788106,0.00008023,0.04210157,0.12981098,0.00000000,0.04082422,0.14211389
-3.22661331,1.62556281,0.71301518,1.13613016,0.00008903,0.04133406,0.12822852,0.00000000,0.04078782,0.14057248
-3.22061031,1.60937130,0.70808692,1.12589820,0.00009979,0.04050283,0.12671679,0.00000000,0.04113876,0.13975311
-3.21460730,1.59594570,0.70321909,1.11735734,0.00011258,0.03959951,0.12528220,0.00000000,0.04187003,0.13966512
-3.20860430,1.58540887,0.69826127,1.11074047,0.00012747,0.03861818,0.12393829,0.00000000,0.04297368,0.14031524
-3.20260130,1.57795501,0.69311216,1.10633742,0.00014451,0.03755578,0.12270552,0.00000000,0.04444079,0.14170785
-3.19659830,1.57384455,0.68772107,1.10448783,0.00016374,0.03641246,0.12161072,0.00000000,0.04626129,0.14384500
-3.19059530,1.57339469,0.68208670,1.10557122,0.00018516,0.03519166,0.12068636,0.00000000,0.04842385,0.14672605
-3.18459230,1.57696597,0.67625325,1.10999447,0.00020878,0.03390019,0.11996950,0.00000000,0.05091558,0.15034707
-3.17858929,1.58494564,0.67030447,1.11817720,0.00023454,0.03254800,0.11950054,0.00000000,0.05372177,0.15470014
-3.17258629,1.59772849,0.66435562,1.13053560,0.00026239,0.03114794,0.11932171,0.00000000,0.05682565,0.15977235
-3.16658329,1.61569608,0.65854425,1.14746538,0.00029220,0.02971530,0.11947541,0.00000000,0.06020818,0.16554497
-3.16058029,1.63919529,0.65302003,1.16932425,0.00032381,0.02826735,0.12000235,0.00000000,0.06384786,0.17199254
-3.15457729,1.66851715,0.64793431,1.19641473,0.00035705,0.02682270,0.12093967,0.00000000,0.06772070,0.17908230
-3.14857429,1.70387686,0.64343000,1.22896779,0.00039166,0.02540073,0.12231901,0.00000000,0.07180025,0.18677383
-3.14257129,1.74539596,0.63963216,1.26712801,0.00042737,0.02402092,0.12416465,0.00000000,0.07605780,0.19501911
-3.13656828,1.79308735,0.63663991,1.31094072,0.00046387,0.02270222,0.12649176,0.00000000,0.08046268,0.20376300
-3.13056528,1.84684402,0.63451990,1.36034178,0.00050081,0.02146249,0.12930488,0.00000000,0.08498277,0.21294427
-3.12456228,1.90643181,0.63330176,1.41515036,0.00053783,0.02031796,0.13259673,0.00000000,0.08958506,0.22249693
-3.11855928,1.97148689,0.63297556,1.47506521,0.00057453,0.01928277,0.13634725,0.00000000,0.09423636,0.23235222
-3.11255628,2.04151791,0.63349144,1.53966466,0.00061054,0.01836864,0.14052324,0.00000000,0.09890408,0.24244070
-3.10655328,2.11591304,0.63476142,1.60841072,0.00064547,0.01758457,0.14507828,0.00000000,0.10355707,0.25269472
-3.10055028,2.19395173,0.63666300,1.68065711,0.00067895,0.01693670,0.14995332,0.00000000,0.10816645,0.26305098
-3.09454727,2.27482081,0.63904463,1.75566146,0.00071064,0.01642822,0.15507775,0.00000000,0.11270637,0.27345288
-3.08854427,2.35763440,0.64173246,1.83260128,0.00074023,0.01605941,0.16037095,0.00000000,0.11715473,0.28385281
-3.08254127,2.44145702,0.64453816,1.91059329,0.00076749,0.01582770,0.16574444,0.00000000,0.12149374,0.29421389
-3.07653827,2.52532897,0.64726729,1.98871575,0.00079219,0.01572791,0.17110453,0.00000000,0.12571023,0.30451127
-3.07053527,2.60829303,0.64972791,2.06603288,0.00081422,0.01575243,0.17635527,0.00000000,0.12979591,0.31473266
-3.06453227,2.68942147,0.65173884,2.14162055,0.00083350,0.01589152,0.18140187,0.00000000,0.13374722,0.32487819
-3.05852926,2.76784215,0.65313736,2.21459232,0.00085003,0.01613367,0.18615427,0.00000000,0.13756503,0.33495942
-3.05252626,2.84276275,0.65378588,2.28412466,0.00086386,0.01646587,0.19053086,0.00000000,0.14125414,0.34499756
-3.04652326,2.91349200,0.65357731,2.34948037,0.00087512,0.01687405,0.19446219,0.00000000,0.14482244,0.35502103
-3.04052026,2.97945699,0.65243897,2.41002899,0.00088398,0.01734342,0.19789447,0.00000000,0.14827997,0.36506234
-3.03451726,3.04021593,0.65033482,2.46526347,0.00089064,0.01785879,0.20079284,0.00000000,0.15163789,0.37515465
-3.02851426,3.09546560,0.64726608,2.51481199,0.00089537,0.01840500,0.20314415,0.00000000,0.15490722,0.38532797
-3.02251126,3.14504351,0.64327017,2.55844466,0.00089842,0.01896719,0.20495919,0.00000000,0.15809779,0.39560548
-3.01650825,3.18892453,0.63841816,2.59607458,0.00090005,0.01953115,0.20627425,0.00000000,0.16121703,0.40600004
-3.01050525,3.22721242,0.63281092,2.62775318,0.00090052,0.02008357,0.20715189,0.00000000,0.16426913,0.41651123
-3.00450225,3.26012676,0.62657413,2.65366036,0.00090008,0.02061233,0.20768087,0.00000000,0.16725423,0.42712312
-2.99849925,3.28798609,0.61985264,2.67408966,0.00089892,0.02110670,0.20797517,0.00000000,0.17016799,0.43780291
-2.99249625,3.31118829,0.61280423,2.68942955,0.00089719,0.02155756,0.20817216,0.00000000,0.17300146,0.44850065
-2.98649325,3.33018924,0.60559339,2.70014172,0.00089501,0.02195749,0.20842978,0.00000000,0.17574126,0.45915009
-2.98049025,3.34548097,0.59838514,2.70673765,0.00089241,0.02230097,0.20892293,0.00000000,0.17837013,0.46967056
-2.97448724,3.35757044,0.59133939,2.70975467,0.00088941,0.02258439,0.20983898,0.00000000,0.18086778,0.47997001
-2.96848424,3.36695994,0.58460593,2.70973277,0.00088594,0.02280614,0.21137266,0.00000000,0.18321209,0.48994885
-2.96248124,3.37413000,0.57832029,2.70719340,0.00088188,0.02296658,0.21372022,0.00000000,0.18538042,0.49950448
-2.95647824,3.37952548,0.57260061,2.70262114,0.00087709,0.02306800,0.21707325,0.00000000,0.18735111,0.50853623
-2.95047524,3.38354509,0.56754540,2.69644914,0.00087138,0.02311456,0.22161203,0.00000000,0.18910503,0.51695035
-2.94447224,3.38653463,0.56323233,2.68904873,0.00086456,0.02311214,0.22749889,0.00000000,0.19062699,0.52466479
-2.93846923,3.38878358,0.55971796,2.68072351,0.00085642,0.02306818,0.23487147,0.00000000,0.19190699,0.53161340
-2.93246623,3.39052479,0.55703810,2.67170776,0.00084675,0.02299144,0.24383634,0.00000000,0.19294127,0.53774922
-2.92646323,3.39193664,0.55520885,2.66216886,0.00083539,0.02289181,0.25446299,0.00000000,0.19373283,0.54304672
-2.92046023,3.39314700,0.55422802,2.65221316,0.00082218,0.02277994,0.26677864,0.00000000,0.19429173,0.54750267
-2.91445723,3.39423825,0.55407676,2.64189453,0.00080703,0.02266695,0.28076386,0.00000000,0.19463477,0.55113575
-2.90845423,3.39525261,0.55472124,2.63122476,0.00078990,0.02256411,0.29634944,0.00000000,0.19478481,0.55398459
-2.90245123,3.39619738,0.55611436,2.62018488,0.00077080,0.02248242,0.31341448,0.00000000,0.19476961,0.55610474
-2.89644822,3.39704941,0.55819713,2.60873677,0.00074981,0.02243230,0.33178622,0.00000000,0.19462041,0.55756436
-2.89044522,3.39775877,0.56090006,2.59683406,0.00072707,0.02242317,0.35124131,0.00000000,0.19437008,0.55843916
-2.88444222,3.39825157,0.56414414,2.58443202,0.00070281,0.02246317,0.37150907,0.00000000,0.19405128,0.55880688
-2.87843922,3.39843204,0.56784193,2.57149596,0.00067727,0.02255881,0.39227634,0.00000000,0.19369448,0.55874160
-2.87243622,3.39818438,0.57189837,2.55800788,0.00065079,0.02271474,0.41319419,0.00000000,0.19332612,0.55830833
-2.86643322,3.39737479,0.57621188,2.54397160,0.00062371,0.02293355,0.43388622,0.00000000,0.19296704,0.55755823
-2.86043022,3.39585429,0.58067558,2.52941632,0.00059644,0.02321566,0.45395822,0.00000000,0.19263118,0.55652491
-2.85442721,3.39346288,0.58517885,2.51439906,0.00056938,0.02355926,0.47300902,0.00000000,0.19232481,0.55522189
-2.84842421,3.39003546,0.58960937,2.49900626,0.00054294,0.02396036,0.49064202,0.00000000,0.19204622,0.55364158
-2.84242121,3.38540989,0.59385566,2.48335487,0.00051754,0.02441295,0.50647709,0.00000000,0.19178596,0.55175580
-2.83641821,3.37943706,0.59781017,2.46759335,0.00049358,0.02490916,0.52016242,0.00000000,0.19152760,0.54951788
-2.83041521,3.37199314,0.60137277,2.45190263,0.00047143,0.02543962,0.53138566,0.00000000,0.19124901,0.54686619
-2.82441221,3.36299316,0.60445471,2.43649728,0.00045142,0.02599375,0.53988415,0.00000000,0.19092402,0.54372885
-2.81840920,3.35240544,0.60698271,2.42162666,0.00043385,0.02656022,0.54545348,0.00000000,0.19052438,0.54002946
-2.81240620,3.34026601,0.60890306,2.40757592,0.00041897,0.02712735,0.54795436,0.00000000,0.19002195,0.53569338
-2.80640320,3.32669167,0.61018549,2.39466652,0.00040697,0.02768361,0.54731718,0.00000000,0.18939081,0.53065419
-2.80040020,3.31189079,0.61082647,2.38325568,0.00039799,0.02821801,0.54354422,0.00000000,0.18860942,0.52485992
-2.79439720,3.29617071,0.61085174,2.37373447,0.00039213,0.02872056,0.53670946,0.00000000,0.18766236,0.51827871
-2.78839420,3.27994057,0.61031780,2.36652392,0.00038942,0.02918264,0.52695581,0.00000000,0.18654186,0.51090347
-2.78239120,3.26370904,0.60931224,2.36206885,0.00038985,0.02959729,0.51449013,0.00000000,0.18524880,0.50275526
-2.77638819,3.24807627,0.60795267,2.36082906,0.00039336,0.02995943,0.49957613,0.00000000,0.18379315,0.49388526
-2.77038519,3.23372006,0.60638426,2.36326801,0.00039984,0.03026602,0.48252558,0.00000000,0.18219400,0.48437510
-2.76438219,3.22137649,0.60477603,2.36983888,0.00040915,0.03051612,0.46368812,0.00000000,0.18047891,0.47433552
-2.75837919,3.21181560,0.60331576,2.38096861,0.00042112,0.03071082,0.44344030,0.00000000,0.17868284,0.46390359
-2.75237619,3.20581324,0.60220401,2.39704037,0.00043553,0.03085310,0.42217418,0.00000000,0.17684664,0.45323847
-2.74637319,3.20412026,0.60164729,2.41837529,0.00045214,0.03094764,0.40028603,0.00000000,0.17501526,0.44251596
-2.74037019,3.20743069,0.60185082,2.44521443,0.00047068,0.03100054,0.37816560,0.00000000,0.17323563,0.43192232
-2.73436718,3.21635042,0.60301112,2.47770182,0.00049089,0.03101896,0.35618624,0.00000000,0.17155462,0.42164739
-2.72836418,3.23136811,0.60530891,2.51586979,0.00051245,0.03101079,0.33469634,0.00000000,0.17001689,0.41187767
-2.72236118,3.25282977,0.60890247,2.55962724,0.00053505,0.03098424,0.31401219,0.00000000,0.16866296,0.40278944
-2.71635818,3.28091833,0.61392183,2.60875190,0.00055836,0.03094749,0.29441247,0.00000000,0.16752752,0.39454248
-2.71035518,3.31563923,0.62046402,2.66288691,0.00058207,0.03090833,0.27613440,0.00000000,0.16663810,0.38727442
-2.70435218,3.35681263,0.62858949,2.72154205,0.00060582,0.03087381,0.25937149,0.00000000,0.16601404,0.38109622
-2.69834917,3.40407255,0.63831971,2.78409980,0.00062930,0.03085004,0.24427284,0.00000000,0.16566592,0.37608874
-2.69234617,3.45687267,0.64963605,2.84982576,0.00065216,0.03084191,0.23094378,0.00000000,0.16559546,0.37230067
-2.68634317,3.51449850,0.66247983,2.91788302,0.00067410,0.03085302,0.21944758,0.00000000,0.16579566,0.36974773
-2.68034017,3.57608491,0.67675335,2.98734975,0.00069480,0.03088554,0.20980815,0.00000000,0.16625147,0.36841322
-2.67433717,3.64063814,0.69232185,3.05723908,0.00071396,0.03094025,0.20201328,0.00000000,0.16694062,0.36824993
-2.66833417,3.70706111,0.70901605,3.12652044,0.00073133,0.03101659,0.19601838,0.00000000,0.16783476,0.36918310
-2.66233117,3.77418082,0.72663537,3.19414120,0.00074664,0.03111280,0.19175039,0.00000000,0.16890073,0.37111447
-2.65632816,3.84077671,0.74495133,3.25904801,0.00075968,0.03122606,0.18911173,0.00000000,0.17010196,0.37392728
-2.65032516,3.90560906,0.76371133,3.32020684,0.00077027,0.03135275,0.18798423,0.00000000,0.17139992,0.37749191
-2.64432216,3.96744654,0.78264254,3.37662136,0.00077826,0.03148870,0.18823281,0.00000000,0.17275558,0.38167211
-2.63831916,4.02509238,0.80145592,3.42734924,0.00078352,0.03162949,0.18970904,0.00000000,0.17413076,0.38633159
-2.63231616,4.07740875,0.81985045,3.47151626,0.00078600,0.03177076,0.19225449,0.00000000,0.17548953,0.39134079
-2.62631316,4.12333929,0.83751744,3.50832823,0.00078567,0.03190854,0.19570395,0.00000000,0.17679944,0.39658367
-2.62031016,4.16192959,0.85414527,3.53708110,0.00078254,0.03203960,0.19988849,0.00000000,0.17803270,0.40196428
-2.61430715,4.19234596,0.86942429,3.55716943,0.00077668,0.03216174,0.20463853,0.00000000,0.17916720,0.40741300
-2.60830415,4.21389237,0.88305217,3.56809363,0.00076820,0.03227414,0.20978694,0.00000000,0.18018750,0.41289216
-2.60230115,4.22602578,0.89473968,3.56946635,0.00075728,0.03237763,0.21517206,0.00000000,0.18108559,0.41840088
-2.59629815,4.22836967,0.90421667,3.56101823,0.00074414,0.03247493,0.22064090,0.00000000,0.18186161,0.42397889
-2.59029515,4.22072573,0.91123848,3.54260313,0.00072902,0.03257085,0.22605223,0.00000000,0.18252427,0.42970910
-2.58429215,4.20308328,0.91559230,3.51420286,0.00071226,0.03267241,0.23127976,0.00000000,0.18309120,0.43571874
-2.57828914,4.17562577,0.91710348,3.47593109,0.00069420,0.03278889,0.23621501,0.00000000,0.18358896,0.44217874
-2.57228614,4.13873394,0.91564148,3.42803629,0.00067526,0.03293179,0.24077003,0.00000000,0.18405278,0.44930134
-2.56628314,4.09298466,0.91112510,3.37090296,0.00065588,0.03311468,0.24487965,0.00000000,0.18452603,0.45733560
-2.56028014,4.03914486,0.90352675,3.30505079,0.00063654,0.03335287,0.24850314,0.00000000,0.18505925,0.46656091
-2.55427714,3.97815979,0.89287546,3.23113118,0.00061773,0.03366311,0.25162522,0.00000000,0.18570887,0.47727836
-2.54827414,3.91113524,0.87925840,3.14992048,0.00059999,0.03406300,0.25425610,0.00000000,0.18653548,0.48980010
-2.54227114,3.83931342,0.86282064,3.06230977,0.00058383,0.03457040,0.25643071,0.00000000,0.18760179,0.50443695
-2.53626813,3.76404270,0.84376309,2.96929076,0.00056980,0.03520265,0.25820679,0.00000000,0.18897017,0.52148446
-2.53026513,3.68674164,0.82233861,2.87193807,0.00055839,0.03597581,0.25966204,0.00000000,0.19069997,0.54120799
-2.52426213,3.60885833,0.79884632,2.77138805,0.00055010,0.03690374,0.26089036,0.00000000,0.19284466,0.56382722
-2.51825913,3.53182632,0.77362427,2.66881461,0.00054536,0.03799723,0.26199717,0.00000000,0.19544885,0.58950081
-2.51225613,3.45701874,0.74704085,2.56540298,0.00054456,0.03926313,0.26309416,0.00000000,0.19854540,0.61831185
-2.50625313,3.38570264,0.71948511,2.46232230,0.00054799,0.04070351,0.26429357,0.00000000,0.20215272,0.65025492
-2.50025013,3.31899555,0.69135648,2.36069805,0.00055590,0.04231502,0.26570231,0.00000000,0.20627241,0.68522548
-2.49424712,3.25782651,0.66305430,2.26158568,0.00056840,0.04408830,0.26741625,0.00000000,0.21088745,0.72301227
-2.48824412,3.20290345,0.63496764,2.16594647,0.00058552,0.04600766,0.26951486,0.00000000,0.21596097,0.76329341
-2.48224112,3.15468887,0.60746571,2.07462663,0.00060716,0.04805098,0.27205663,0.00000000,0.22143580,0.80563664
-2.47623812,3.11338519,0.58088929,1.98834085,0.00063312,0.05018987,0.27507541,0.00000000,0.22723485,0.84950414
-2.47023512,3.07893088,0.55554354,1.90766066,0.00066307,0.05239008,0.27857787,0.00000000,0.23326239,0.89426188
-2.46423212,3.05100763,0.53169227,1.83300828,0.00069657,0.05461221,0.28254241,0.00000000,0.23940620,0.93919367
-2.45822911,3.02905864,0.50955399,1.76465601,0.00073307,0.05681267,0.28691932,0.00000000,0.24554053,0.98351934
-2.45222611,3.01231721,0.48929961,1.70273108,0.00077194,0.05894490,0.29163242,0.00000000,0.25152987,1.02641666
-2.44622311,2.99984429,0.47105186,1.64722544,0.00081244,0.06096072,0.29658200,0.00000000,0.25723331,1.06704612
-2.44022011,2.99057336,0.45488627,1.59800989,0.00085381,0.06281190,0.30164895,0.00000000,0.26250928,1.10457767
-2.43421711,2.98336032,0.44083351,1.55485168,0.00089521,0.06445174,0.30669982,0.00000000,0.26722064,1.13821826
-2.42821411,2.97703591,0.42888291,1.51743442,0.00093583,0.06583668,0.31159267,0.00000000,0.27123966,1.16723905
-2.42221111,2.97045820,0.41898681,1.48537938,0.00097484,0.06692783,0.31618321,0.00000000,0.27445283,1.19100098
-2.41620810,2.96256244,0.41106548,1.45826691,0.00101146,0.06769238,0.32033114,0.00000000,0.27676519,1.20897755
-2.41020510,2.95240585,0.40501245,1.43565693,0.00104498,0.06810484,0.32390617,0.00000000,0.27810402,1.22077379
-2.40420210,2.93920530,0.40069981,1.41710766,0.00107475,0.06814790,0.32679360,0.00000000,0.27842160,1.22614037
-2.39819910,2.92236613,0.39798337,1.40219164,0.00110027,0.06781315,0.32889905,0.00000000,0.27769703,1.22498230
-2.39219610,2.90150095,0.39670752,1.39050865,0.00112111,0.06710139,0.33015223,0.00000000,0.27593694,1.21736178
-2.38619310,2.87643773,0.39670961,1.38169502,0.00113701,0.06602255,0.33050952,0.00000000,0.27317503,1.20349492
-2.38019010,2.84721733,0.39782376,1.37542936,0.00114783,0.06459542,0.32995537,0.00000000,0.26947053,1.18374275
-2.37418709,2.81408086,0.39988413,1.37143470,0.00115358,0.06284695,0.32850237,0.00000000,0.26490565,1.15859667
-2.36818409,2.77744803,0.40272764,1.36947753,0.00115437,0.06081129,0.32619017,0.00000000,0.25958201,1.12865941
-2.36218109,2.73788816,0.40619611,1.36936410,0.00115047,0.05852869,0.32308329,0.00000000,0.25361650,1.09462209
-2.35617809,2.69608548,0.41013805,1.37093464,0.00114224,0.05604413,0.31926798,0.00000000,0.24713645,1.05723880
-2.35017509,2.65280118,0.41440998,1.37405627,0.00113011,0.05340588,0.31484832,0.00000000,0.24027465,1.01729966
-2.34417209,2.60883409,0.41887756,1.37861528,0.00111459,0.05066410,0.30994188,0.00000000,0.23316428,0.97560385
-2.33816908,2.56498235,0.42341647,1.38450936,0.00109621,0.04786929,0.30467499,0.00000000,0.22593399,0.93293363
-2.33216608,2.52200800,0.42791319,1.39164068,0.00107553,0.04507099,0.29917801,0.00000000,0.21870351,0.89003059
-2.32616308,2.48060609,0.43226572,1.39990999,0.00105309,0.04231651,0.29358076,0.00000000,0.21157980,0.84757505
-2.32016008,2.44137973,0.43638415,1.40921234,0.00102940,0.03964982,0.28800823,0.00000000,0.20465401,0.80616944
-2.31415708,2.40482188,0.44019129,1.41943438,0.00100491,0.03711070,0.28257680,0.00000000,0.19799936,0.76632601
-2.30815408,2.37130421,0.44362308,1.43045348,0.00098000,0.03473398,0.27739105,0.00000000,0.19166990,0.72845942
-2.30215108,2.34107309,0.44662898,1.44213828,0.00095500,0.03254910,0.27254115,0.00000000,0.18570029,0.69288390
-2.29614807,2.31425204,0.44917204,1.45435049,0.00093013,0.03057977,0.26810101,0.00000000,0.18010650,0.65981508
-2.29014507,2.29084988,0.45122877,1.46694748,0.00090554,0.02884387,0.26412704,0.00000000,0.17488725,0.62937575
-2.28414207,2.27077330,0.45278857,1.47978521,0.00088130,0.02735347,0.26065749,0.00000000,0.17002626,0.60160510
-2.27813907,2.25384254,0.45385289,1.49272094,0.00085742,0.02611501,0.25771241,0.00000000,0.16549492,0.57647066
-2.27213607,2.23980875,0.45443377,1.50561530,0.00083385,0.02512956,0.25529402,0.00000000,0.16125544,0.55388200
-2.26613307,2.22837163,0.45455204,1.51833327,0.00081047,0.02439314,0.25338756,0.00000000,0.15726403,0.53370542
-2.26013007,2.21919602,0.45423503,1.53074384,0.00078718,0.02389716,0.25196231,0.00000000,0.15347423,0.51577872
-2.25412706,2.21192652,0.45351396,1.54271824,0.00076382,0.02362883,0.25097303,0.00000000,0.14983988,0.49992530
-2.24812406,2.20619935,0.45242095,1.55412672,0.00074027,0.02357160,0.25036146,0.00000000,0.14631794,0.48596683
-2.24212106,2.20165100,0.45098603,1.56483419,0.00071640,0.02370564,0.25005800,0.00000000,0.14287075,0.47373415
-2.23611806,2.19792372,0.44923410,1.57469507,0.00069211,0.02400829,0.24998352,0.00000000,0.13946777,0.46307577
-2.23011506,2.19466808,0.44718209,1.58354786,0.00066735,0.02445454,0.25005127,0.00000000,0.13608682,0.45386396
-2.22411206,2.19154313,0.44483662,1.59121016,0.00064209,0.02501752,0.25016890,0.00000000,0.13271470,0.44599834
-2.21810905,2.18821500,0.44219218,1.59747464,0.00061635,0.02566896,0.25024052,0.00000000,0.12934724,0.43940706
-2.21210605,2.18435495,0.43923013,1.60210680,0.00059019,0.02637975,0.25016895,0.00000000,0.12598888,0.43404585
-2.20610305,2.17963763,0.43591858,1.60484502,0.00056371,0.02712044,0.24985802,0.00000000,0.12265188,0.42989533
-2.20010005,2.17374073,0.43221328,1.60540333,0.00053705,0.02786181,0.24921491,0.00000000,0.11935518,0.42695699
-2.19409705,2.16634670,0.42805954,1.60347722,0.00051037,0.02857542,0.24815265,0.00000000,0.11612304,0.42524833
-2.18809405,2.15714708,0.42339510,1.59875260,0.00048384,0.02923423,0.24659253,0.00000000,0.11298368,0.42479774
-2.18209105,2.14584998,0.41815394,1.59091766,0.00045767,0.02981318,0.24446656,0.00000000,0.10996792,0.42563942
-2.17608804,2.13219044,0.41227078,1.57967722,0.00043204,0.03028970,0.24171973,0.00000000,0.10710785,0.42780897
-2.17008504,2.11594369,0.40568611,1.56476900,0.00040716,0.03064434,0.23831218,0.00000000,0.10443588,0.43133983
-2.16408204,2.09694049,0.39835146,1.54598106,0.00038322,0.03086116,0.23422101,0.00000000,0.10198387,0.43626095
-2.15807904,2.07508391,0.39023462,1.52316922,0.00036043,0.03092822,0.22944178,0.00000000,0.09978266,0.44259576
-2.15207604,2.05036649,0.38132456,1.49627372,0.00033896,0.03083782,0.22398956,0.00000000,0.09786186,0.45036247
-2.14607304,2.02288655,0.37163563,1.46533392,0.00031901,0.03058677,0.21789950,0.00000000,0.09624990,0.45957577
-2.14007004,1.99286265,0.36121093,1.43050013,0.00030076,0.03017640,0.21122676,0.00000000,0.09497438,0.47024956
-2.13406703,1.96064487,0.35012452,1.39204168,0.00028442,0.02961258,0.20404596,0.00000000,0.09406254,0.48240068
-2.12806403,1.92672210,0.33848234,1.35035058,0.00027019,0.02890549,0.19644996,0.00000000,0.09354186,0.49605309
-2.12206103,1.89172425,0.32642166,1.30594037,0.00025833,0.02806930,0.18854807,0.00000000,0.09344074,0.51124241
-2.11605803,1.85641903,0.31410921,1.25943981,0.00024913,0.02712176,0.18046374,0.00000000,0.09378900,0.52802013
-2.11005503,1.82170268,0.30173774,1.21158164,0.00024290,0.02608364,0.17233172,0.00000000,0.09461840,0.54645726
-2.10405203,1.78858489,0.28952146,1.16318660,0.00024006,0.02497807,0.16429490,0.00000000,0.09596281,0.56664707
-2.09804902,1.75816780,0.27769018,1.11514325,0.00024108,0.02382992,0.15650078,0.00000000,0.09785815,0.58870641
-2.09204602,1.73161986,0.26648268,1.06838444,0.00024650,0.02266497,0.14909779,0.00000000,0.10034201,0.61277545
-2.08604302,1.71014516,0.25613932,1.02386110,0.00025700,0.02150926,0.14223148,0.00000000,0.10345285,0.63901563
-2.08004002,1.69494919,0.24689442,0.98251463,0.00027332,0.02038832,0.13604081,0.00000000,0.10722893,0.66760562
-2.07403702,1.68720218,0.23896846,0.94524870,0.00029632,0.01932650,0.13065456,0.00000000,0.11170675,0.69873540
-2.06803402,1.68800133,0.23256062,0.91290168,0.00032697,0.01834632,0.12618797,0.00000000,0.11691929,0.73259841
-2.06203102,1.69833317,0.22784181,0.88622066,0.00036636,0.01746799,0.12273977,0.00000000,0.12289394,0.76938221
-2.05602801,1.71903747,0.22494853,0.86583802,0.00041565,0.01670892,0.12038960,0.00000000,0.12965033,0.80925772
-2.05002501,1.75077401,0.22397775,0.85225138,0.00047611,0.01608344,0.11919599,0.00000000,0.13719797,0.85236762
-2.04402201,1.79399356,0.22498307,0.84580767,0.00054907,0.01560249,0.11919479,0.00000000,0.14553415,0.89881439
-2.03801901,1.84891404,0.22797218,0.84669175,0.00063590,0.01527363,0.12039836,0.00000000,0.15464181,0.94864850
-2.03201601,1.91550314,0.23290588,0.85492009,0.00073799,0.01510094,0.12279517,0.00000000,0.16448789,1.00185736
-2.02601301,1.99346783,0.23969856,0.87033953,0.00085667,0.01508518,0.12635020,0.00000000,0.17502199,1.05835558
-2.02001001,2.08225166,0.24822024,0.89263128,0.00099324,0.01522398,0.13100581,0.00000000,0.18617562,1.11797715
-2.01400700,2.18103982,0.25830002,0.92131981,0.00114883,0.01551211,0.13668329,0.00000000,0.19786203,1.18046995
-2.00800400,2.28877222,0.26973085,0.95578641,0.00132442,0.01594186,0.14328484,0.00000000,0.20997672,1.24549297
-2.00200100,2.40416398,0.28227547,0.99528688,0.00152070,0.01650338,0.15069610,0.00000000,0.22239867,1.31261661
-1.99599800,2.52573296,0.29567331,1.03897268,0.00173809,0.01718516,0.15878900,0.00000000,0.23499218,1.38132597
-1.98999500,2.65183322,0.30964800,1.08591469,0.00197661,0.01797449,0.16742497,0.00000000,0.24760939,1.45102736
-1.98399200,2.78069344,0.32391536,1.13512892,0.00223586,0.01885783,0.17645827,0.00000000,0.26009338,1.52105767
-1.97798899,2.91045868,0.33819146,1.18560303,0.00251493,0.01982132,0.18573945,0.00000000,0.27228166,1.59069632
-1.97198599,3.03923421,0.35220039,1.23632284,0.00281241,0.02085114,0.19511877,0.00000000,0.28400998,1.65917951
-1.96598299,3.16512976,0.36568168,1.28629792,0.00312632,0.02193385,0.20444952,0.00000000,0.29511635,1.72571609
-1.95997999,3.28630248,0.37839675,1.33458528,0.00345410,0.02305669,0.21359099,0.00000000,0.30544499,1.78950450
-1.95397699,3.40099742,0.39013447,1.38031047,0.00379262,0.02420781,0.22241123,0.00000000,0.31485015,1.84975036
-1.94797399,3.50758397,0.40071542,1.42268549,0.00413822,0.02537637,0.23078936,0.00000000,0.32319962,1.90568382
-1.94197099,3.60458728,0.40999483,1.46102288,0.00448675,0.02655269,0.23861734,0.00000000,0.33037777,1.95657644
-1.93596798,3.69071397,0.41786405,1.49474584,0.00483361,0.02772816,0.24580137,0.00000000,0.33628807,2.00175681
-1.92996498,3.76487144,0.42425069,1.52339422,0.00517390,0.02889524,0.25226265,0.00000000,0.34085499,2.04062479
-1.92396198,3.82618081,0.42911733,1.54662641,0.00550249,0.03004726,0.25793779,0.00000000,0.34402515,2.07266377
-1.91795898,3.87398349,0.43245909,1.56421749,0.00581416,0.03117829,0.26277858,0.00000000,0.34576793,2.09745097
-1.91195598,3.90784189,0.43430016,1.57605400,0.00610375,0.03228289,0.26675154,0.00000000,0.34607525,2.11466540
-1.90595298,3.92753475,0.43468958,1.58212590,0.00636628,0.03335585,0.26983701,0.00000000,0.34496091,2.12409366
-1.89994997,3.93304804,0.43369648,1.58251631,0.00659713,0.03439201,0.27202802,0.00000000,0.34245930,2.12563332
-1.89394697,3.92456217,0.43140517,1.57738983,0.00679216,0.03538596,0.27332901,0.00000000,0.33862366,2.11929411
-1.88794397,3.90243640,0.42791015,1.56697997,0.00694787,0.03633190,0.27375444,0.00000000,0.33352409,2.10519680
-1.88194097,3.86719137,0.42331153,1.55157642,0.00706147,0.03722344,0.27332735,0.00000000,0.32724521,2.08357008
-1.87593797,3.81949045,0.41771086,1.53151279,0.00713101,0.03805357,0.27207803,0.00000000,0.31988375,2.05474521
-1.86993497,3.76012058,0.41120770,1.50715517,0.00715544,0.03881456,0.27004277,0.00000000,0.31154607,2.01914887
-1.86393197,3.68997314,0.40389695,1.47889199,0.00713465,0.03949808,0.26726271,0.00000000,0.30234573,1.97729407
-1.85792896,3.61002516,0.39586700,1.44712537,0.00706947,0.04009528,0.26378291,0.00000000,0.29240111,1.92976942
-1.85192596,3.52132126,0.38719875,1.41226413,0.00696167,0.04059703,0.25965159,0.00000000,0.28183325,1.87722680
-1.84592296,3.42495631,0.37796547,1.37471843,0.00681388,0.04099413,0.25491945,0.00000000,0.27076381,1.82036782
-1.83991996,3.32205919,0.36823331,1.33489599,0.00662956,0.04127767,0.24963929,0.00000000,0.25931327,1.75992916
-1.83391696,3.21377736,0.35806242,1.29319979,0.00641289,0.04143938,0.24386567,0.00000000,0.24759940,1.69666729
-1.82791396,3.10126268,0.34750856,1.25002697,0.00616865,0.04147202,0.23765470,0.00000000,0.23573587,1.63134290
-1.82191096,2.98565834,0.33662490,1.20576876,0.00590214,0.04136974,0.23106393,0.00000000,0.22383116,1.56470542
-1.81590795,2.86808700,0.32546401,1.16081116,0.00561902,0.04112852,0.22415234,0.00000000,0.21198766,1.49747829
-1.80990495,2.74964041,0.31407985,1.11553620,0.00532525,0.04074645,0.21698029,0.00000000,0.20030105,1.43034534
-1.80390195,2.63137054,0.30252947,1.07032349,0.00502692,0.04022411,0.20960958,0.00000000,0.18885979,1.36393876
-1.79789895,2.51428236,0.29087458,1.02555185,0.00473019,0.03956474,0.20210345,0.00000000,0.17774488,1.29882920
-1.79189595,2.39932838,0.27918263,0.98160092,0.00444119,0.03877444,0.19452657,0.00000000,0.16702975,1.23551828
-1.78589295,2.28740505,0.26752753,0.93885244,0.00416597,0.03786223,0.18694505,0.00000000,0.15678035,1.17443371
-1.77988994,2.17935077,0.25598984,0.89769120,0.00391042,0.03684001,0.17942632,0.00000000,0.14705535,1.11592732
-1.77388694,2.07594563,0.24465652,0.85850540,0.00368023,0.03572248,0.17203905,0.00000000,0.13790642,1.06027574
-1.76788394,1.97791237,0.23362015,0.82168634,0.00348087,0.03452689,0.16485286,0.00000000,0.12937867,1.00768381
-1.76188094,1.88591831,0.22297779,0.78762729,0.00331755,0.03327273,0.15793803,0.00000000,0.12151104,0.95829017
-1.75587794,1.80057783,0.21282931,0.75672144,0.00319522,0.03198134,0.15136510,0.00000000,0.11433676,0.91217482
-1.74987494,1.72245466,0.20327549,0.72935882,0.00311851,0.03067546,0.14520421,0.00000000,0.10788377,0.86936794
-1.74387194,1.65206376,0.19441575,0.70592213,0.00309173,0.02937867,0.13952447,0.00000000,0.10217505,0.82985949
-1.73786893,1.58987197,0.18634578,0.68678143,0.00311878,0.02811485,0.13439305,0.00000000,0.09722894,0.79360895
-1.73186593,1.53629712,0.17915493,0.67228773,0.00320317,0.02690759,0.12987415,0.00000000,0.09305928,0.76055459
-1.72586293,1.49170540,0.17292365,0.66276554,0.00334788,0.02577957,0.12602782,0.00000000,0.08967543,0.73062175
-1.71985993,1.45640649,0.16772100,0.65850453,0.00355529,0.02475202,0.12290869,0.00000000,0.08708220,0.70372974
-1.71385693,1.43064698,0.16360225,0.65975057,0.00382710,0.02384412,0.12056455,0.00000000,0.08527966,0.67979699
-1.70785393,1.41460181,0.16060677,0.66669648,0.00416419,0.02307258,0.11903495,0.00000000,0.08426284,0.65874430
-1.70185093,1.40836471,0.15875628,0.67947279,0.00456650,0.02245114,0.11834972,0.00000000,0.08402134,0.64049626
-1.69584792,1.41193795,0.15805349,0.69813910,0.00503293,0.02199028,0.11852764,0.00000000,0.08453900,0.62498088
-1.68984492,1.42522242,0.15848129,0.72267650,0.00556121,0.02169694,0.11957524,0.00000000,0.08579349,0.61212785
-1.68384192,1.44800891,0.16000246,0.75298159,0.00614780,0.02157438,0.12148585,0.00000000,0.08775608,0.60186559
-1.67783892,1.47997171,0.16256015,0.78886258,0.00678781,0.02162215,0.12423886,0.00000000,0.09039147,0.59411785
-1.67183592,1.52066533,0.16607885,0.83003807,0.00747499,0.02183617,0.12779950,0.00000000,0.09365778,0.58880015
-1.66583292,1.56952533,0.17046622,0.87613878,0.00820169,0.02220891,0.13211894,0.00000000,0.09750688,0.58581661
-1.65982991,1.62587389,0.17561551,0.92671262,0.00895894,0.02272967,0.13713492,0.00000000,0.10188479,0.58505776
-1.65382691,1.68893054,0.18140858,0.98123315,0.00973653,0.02338500,0.14277284,0.00000000,0.10673247,0.58639945
-1.64782391,1.75782822,0.18771957,1.03911144,0.01052320,0.02415918,0.14894735,0.00000000,0.11198679,0.58970343
-1.64182091,1.83163442,0.19441889,1.09971107,0.01130679,0.02503477,0.15556446,0.00000000,0.11758176,0.59481950
-1.63581791,1.90937683,0.20137768,1.16236587,0.01207455,0.02599320,0.16252391,0.00000000,0.12344990,0.60158935
-1.62981491,1.99007259,0.20847225,1.22639978,0.01281343,0.02701548,0.16972202,0.00000000,0.12952384,0.60985182
-1.62381191,2.07275996,0.21558866,1.29114791,0.01351042,0.02808278,0.17705464,0.00000000,0.13573782,0.61944947
-1.61780890,2.15653089,0.22262695,1.35597821,0.01415286,0.02917716,0.18442021,0.00000000,0.14202935,0.63023583
-1.61180590,2.24056285,0.22950503,1.42031229,0.01472888,0.03028213,0.19172281,0.00000000,0.14834061,0.64208297
-1.60580290,2.32414818,0.23616199,1.48364477,0.01522768,0.03138325,0.19887495,0.00000000,0.15461980,0.65488877
-1.59979990,2.40671938,0.24256053,1.54555988,0.01563993,0.03246859,0.20580011,0.00000000,0.16082210,0.66858333
-1.59379690,2.48786862,0.24868859,1.60574443,0.01595797,0.03352913,0.21243479,0.00000000,0.16691043,0.68313398
-1.58779390,2.56736013,0.25455985,1.66399645,0.01617615,0.03455903,0.21873002,0.00000000,0.17285572,0.69854830
-1.58179090,2.64513471,0.26021319,1.72022881,0.01629094,0.03555577,0.22465221,0.00000000,0.17863689,0.71487495
-1.57578789,2.72130533,0.26571090,1.77446748,0.01630103,0.03652020,0.23018337,0.00000000,0.18424032,0.73220174
-1.56978489,2.79614406,0.27113593,1.82684443,0.01620741,0.03745636,0.23532064,0.00000000,0.18965904,0.75065113
-1.56378189,2.87006041,0.27658793,1.87758525,0.01601327,0.03837130,0.24007507,0.00000000,0.19489148,0.77037292
-1.55777889,2.94357184,0.28217850,1.92699214,0.01572389,0.03927463,0.24446992,0.00000000,0.19993996,0.79153457
-1.55177589,3.01726788,0.28802562,1.97542281,0.01534648,0.04017809,0.24853830,0.00000000,0.20480907,0.81430928
-1.54577289,3.09176926,0.29424760,2.02326653,0.01488987,0.04109493,0.25232052,0.00000000,0.20950381,0.83886250
-1.53976988,3.16768407,0.30095671,2.07091819,0.01436429,0.04203925,0.25586108,0.00000000,0.21402779,0.86533743
-1.53376688,3.24556306,0.30825280,2.11875195,0.01378099,0.04302531,0.25920561,0.00000000,0.21838157,0.89384022
-1.52776388,3.32585637,0.31621719,2.16709556,0.01315192,0.04406673,0.26239774,0.00000000,0.22256113,0.92442564
-1.52176088,3.40887382,0.32490707,2.21620678,0.01248937,0.04517582,0.26547627,0.00000000,0.22655664,0.95708402
-1.51575788,3.49475087,0.33435071,2.26625313,0.01180564,0.04636281,0.26847253,0.00000000,0.23035167,0.99173017
-1.50975488,3.58342207,0.34454368,2.31729587,0.01111271,0.04763519,0.27140829,0.00000000,0.23392273,1.02819505
-1.50375188,3.67460355,0.35544633,2.36927922,0.01042198,0.04899719,0.27429413,0.00000000,0.23723926,1.06622064
-1.49774887,3.76778547,0.36698254,2.42202536,0.00974400,0.05044926,0.27712841,0.00000000,0.24026421,1.10545860
-1.49174587,3.86223513,0.37904007,2.47523530,0.00908828,0.05198775,0.27989693,0.00000000,0.24295485,1.14547285
-1.48574287,3.95701073,0.39147227,2.52849589,0.00846313,0.05360474,0.28257323,0.00000000,0.24526417,1.18574632
-1.47973987,4.05098538,0.40410132,2.58129244,0.00787555,0.05528799,0.28511948,0.00000000,0.24714249,1.22569159
-1.47373687,4.14288035,0.41672278,2.63302642,0.00733118,0.05702111,0.28748798,0.00000000,0.24853935,1.26466530
-1.46773387,4.23130616,0.42911137,2.68303732,0.00683427,0.05878387,0.28962313,0.00000000,0.24940562,1.30198575
-1.46173087,4.31480986,0.44102778,2.73062774,0.00638770,0.06055271,0.29146386,0.00000000,0.24969556,1.33695303
-1.45572786,4.39192626,0.45222607,2.77509041,0.00599301,0.06230135,0.29294629,0.00000000,0.24936889,1.36887100
-1.44972486,4.46123105,0.46246169,2.81573593,0.00565052,0.06400165,0.29400654,0.00000000,0.24839273,1.39707019
-1.44372186,4.52139340,0.47149952,2.85191992,0.00535939,0.06562443,0.29458367,0.00000000,0.24674324,1.42093067
-1.43771886,4.57122587,0.47912177,2.88306844,0.00511774,0.06714054,0.29462245,0.00000000,0.24440699,1.43990395
-1.43171586,4.60972946,0.48513539,2.90870049,0.00492281,0.06852186,0.29407592,0.00000000,0.24138194,1.45353309
-1.42571286,4.63613199,0.48937866,2.92844676,0.00477103,0.06974234,0.29290773,0.00000000,0.23767799,1.46147000
-1.41970985,4.64991833,0.49172685,2.94206384,0.00465822,0.07077903,0.29109394,0.00000000,0.23331715,1.46348933
-1.41370685,4.65085129,0.49209655,2.94944345,0.00457970,0.07161300,0.28862449,0.00000000,0.22833318,1.45949842
-1.40770385,4.63898256,0.49044866,2.95061648,0.00453045,0.07223016,0.28550404,0.00000000,0.22277095,1.44954272
-1.40170085,4.61465340,0.48678994,2.94575181,0.00450520,0.07262191,0.28175236,0.00000000,0.21668533,1.43380661
-1.39569785,4.57848530,0.48117298,2.93515017,0.00449865,0.07278562,0.27740406,0.00000000,0.21013984,1.41260960
-1.38969485,4.53136130,0.47369476,2.91923353,0.00450552,0.07272486,0.27250793,0.00000000,0.20320504,1.38639795
-1.38369185,4.47439879,0.46449381,2.89853059,0.00452071,0.07244945,0.26712568,0.00000000,0.19595673,1.35573223
-1.37768884,4.40891518,0.45374614,2.87365913,0.00453941,0.07197521,0.26133030,0.00000000,0.18847411,1.32127119
-1.37168584,4.33638790,0.44166006,2.84530606,0.00455721,0.07132358,0.25520407,0.00000000,0.18083784,1.28375266
-1.36568284,4.25841041,0.42847020,2.81420609,0.00457016,0.07052092,0.24883629,0.00000000,0.17312827,1.24397215
-1.35967984,4.17664582,0.41443091,2.78111975,0.00457489,0.06959767,0.24232078,0.00000000,0.16542363,1.20276002
-1.35367684,4.09278004,0.39980924,2.74681175,0.00456861,0.06858734,0.23575335,0.00000000,0.15779853,1.16095797
-1.34767384,4.00847589,0.38487786,2.71203038,0.00454921,0.06752542,0.22922924,0.00000000,0.15032258,1.11939577
-1.34167084,3.92532982,0.36990805,2.67748860,0.00451524,0.06644816,0.22284059,0.00000000,0.14305925,1.07886887
-1.33566783,3.84483264,0.35516301,2.64384745,0.00446594,0.06539137,0.21667419,0.00000000,0.13606497,1.04011771
-1.32966483,3.76833518,0.34089170,2.61170217,0.00440119,0.06438923,0.21080935,0.00000000,0.12938857,1.00380936
-1.32366183,3.69702012,0.32732334,2.58157143,0.00432151,0.06347318,0.20531612,0.00000000,0.12307087,0.97052192
-1.31765883,3.63188033,0.31466280,2.55388985,0.00422799,0.06267092,0.20025385,0.00000000,0.11714461,0.94073214
-1.31165583,3.57370440,0.30308677,2.52900381,0.00412222,0.06200561,0.19567015,0.00000000,0.11163455,0.91480655
-1.30565283,3.52306935,0.29274106,2.50717070,0.00400624,0.06149519,0.19160018,0.00000000,0.10655782,0.89299624
-1.29964982,3.48034047,0.28373884,2.48856129,0.00388244,0.06115196,0.18806645,0.00000000,0.10192449,0.87543519
-1.29364682,3.44567810,0.27615990,2.47326510,0.00375346,0.06098240,0.18507897,0.00000000,0.09773826,0.86214233
-1.28764382,3.41905057,0.27005097,2.46129828,0.00362214,0.06098717,0.18263580,0.00000000,0.09399731,0.85302683
-1.28164082,3.40025280,0.26542692,2.45261380,0.00349142,0.06116134,0.18072392,0.00000000,0.09069523,0.84789653
-1.27563782,3.38892952,0.26227289,2.44711319,0.00336425,0.06149489,0.17932054,0.00000000,0.08782209,0.84646899
-1.26963482,3.38460206,0.26054716,2.44465942,0.00324354,0.06197328,0.17839450,0.00000000,0.08536540,0.84838480
-1.26363182,3.38669764,0.26018472,2.44509036,0.00313212,0.06257825,0.17790806,0.00000000,0.08331123,0.85322259
-1.25762881,3.39457987,0.26110128,2.44823205,0.00303264,0.06328874,0.17781865,0.00000000,0.08164512,0.86051518
-1.25162581,3.40757918,0.26319775,2.45391132,0.00294757,0.06408175,0.17808084,0.00000000,0.08035304,0.86976637
-1.24562281,3.42502215,0.26636488,2.46196710,0.00287917,0.06493341,0.17864820,0.00000000,0.07942212,0.88046772
-1.23961981,3.44625838,0.27048791,2.47225998,0.00282945,0.06581982,0.17947511,0.00000000,0.07884131,0.89211483
-1.23361681,3.47068408,0.27545116,2.48467955,0.00280019,0.06671801,0.18051842,0.00000000,0.07860178,0.90422257
-1.22761381,3.49776148,0.28114228,2.49914923,0.00279286,0.06760667,0.18173889,0.00000000,0.07869720,0.91633886
-1.22161081,3.52703344,0.28745611,2.51562849,0.00280870,0.06846681,0.18310234,0.00000000,0.07912374,0.92805652
-1.21560780,3.55813294,0.29429790,2.53411227,0.00284861,0.06928223,0.18458052,0.00000000,0.07987992,0.93902297
-1.20960480,3.59078726,0.30158586,2.55462797,0.00291321,0.07003983,0.18615161,0.00000000,0.08096619,0.94894749
-1.20360180,3.62481704,0.30925298,2.57722998,0.00300278,0.07072975,0.18780037,0.00000000,0.08238443,0.95760602
-1.19759880,3.66013062,0.31724790,2.60199238,0.00311724,0.07134533,0.18951795,0.00000000,0.08413718,0.96484330
-1.19159580,3.69671420,0.32553505,2.62900022,0.00325613,0.07188294,0.19130133,0.00000000,0.08622685,0.97057268
-1.18559280,3.73461853,0.33409383,2.65833982,0.00341858,0.07234164,0.19315258,0.00000000,0.08865477,0.97477348
-1.17958979,3.77394321,0.34291708,2.69008881,0.00360324,0.07272277,0.19507770,0.00000000,0.09142033,0.97748636
-1.17358679,3.81481930,0.35200877,2.72430643,0.00380834,0.07302944,0.19708542,0.00000000,0.09451999,0.97880689
-1.16758379,3.85739130,0.36138115,2.76102452,0.00403158,0.07326602,0.19918583,0.00000000,0.09794648,0.97887763
-1.16158079,3.90179938,0.37105138,2.80023978,0.00427018,0.07343758,0.20138889,0.00000000,0.10168800,0.97787921
-1.15557779,3.94816254,0.38103789,2.84190737,0.00452084,0.07354946,0.20370312,0.00000000,0.10572767,0.97602066
-1.14957479,3.99656339,0.39135657,2.88593634,0.00477981,0.07360676,0.20613414,0.00000000,0.11004305,0.97352938
-1.14357179,4.04703497,0.40201698,2.93218661,0.00504290,0.07361401,0.20868357,0.00000000,0.11460587,0.97064116
-1.13756878,4.09954986,0.41301881,2.98046767,0.00530554,0.07357496,0.21134797,0.00000000,0.11938200,0.96759048
-1.13156578,4.15401175,0.42434859,3.03053870,0.00556291,0.07349231,0.21411803,0.00000000,0.12433156,0.96460139
-1.12556278,4.21024937,0.43597696,3.08210991,0.00580997,0.07336774,0.21697807,0.00000000,0.12940926,0.96187916
-1.11955978,4.26801270,0.44785658,3.13484478,0.00604163,0.07320187,0.21990572,0.00000000,0.13456492,0.95960300
-1.11355678,4.32697137,0.45992066,3.18836298,0.00625289,0.07299432,0.22287187,0.00000000,0.13974411,0.95791980
-1.10755378,4.38671492,0.47208238,3.24224369,0.00643895,0.07274392,0.22584099,0.00000000,0.14488907,0.95693921
-1.10155078,4.44675488,0.48423514,3.29602919,0.00659535,0.07244880,0.22877153,0.00000000,0.14993956,0.95672996
-1.09554777,4.50652866,0.49625361,3.34922867,0.00671816,0.07210659,0.23161671,0.00000000,0.15483401,0.95731762
-1.08954477,4.56540504,0.50799573,3.40132230,0.00680405,0.07171457,0.23432541,0.00000000,0.15951063,0.95868378
-1.08354177,4.62269157,0.51930552,3.45176572,0.00685043,0.07126982,0.23684328,0.00000000,0.16390865,0.96076662
-1.07753877,4.67764392,0.53001659,3.49999512,0.00685555,0.07076932,0.23911406,0.00000000,0.16796959,0.96346294
-1.07153577,4.72947731,0.53995648,3.54543329,0.00681852,0.07021003,0.24108095,0.00000000,0.17163851,0.96663164
-1.06553277,4.77738025,0.54895135,3.58749677,0.00673937,0.06958893,0.24268812,0.00000000,0.17486532,0.97009849
-1.05952976,4.82053062,0.55683131,3.62560444,0.00661906,0.06890305,0.24388228,0.00000000,0.17760600,0.97366212
-1.05352676,4.85811397,0.56343581,3.65918763,0.00645942,0.06814945,0.24461431,0.00000000,0.17982382,0.97710124
-1.04752376,4.88934400,0.56861919,3.68770177,0.00626308,0.06732527,0.24484081,0.00000000,0.18149041,0.98018259
-1.04152076,4.91348460,0.57225603,3.71063940,0.00603343,0.06642773,0.24452564,0.00000000,0.18258672,0.98266969
-1.03551776,4.92987298,0.57424618,3.72754424,0.00577442,0.06545417,0.24364140,0.00000000,0.18310383,0.98433190
-1.02951476,4.93794291,0.57451915,3.73802585,0.00549053,0.06440217,0.24217062,0.00000000,0.18304351,0.98495353
-1.02351176,4.93724729,0.57303780,3.74177414,0.00518653,0.06326963,0.24010690,0.00000000,0.18241863,0.98434260
-1.01750875,4.92747873,0.56980092,3.73857311,0.00486742,0.06205495,0.23745570,0.00000000,0.18125319,0.98233889
-1.01150575,4.90848721,0.56484488,3.72831300,0.00453823,0.06075727,0.23423484,0.00000000,0.17958213,0.97882096
-1.00550275,4.88029352,0.55824386,3.71099994,0.00420387,0.05937662,0.23047472,0.00000000,0.17745086,0.97371168
-0.99949975,4.84309779,0.55010892,3.68676253,0.00386906,0.05791421,0.22621811,0.00000000,0.17491438,0.96698214
-0.99349675,4.79728213,0.54058567,3.65585478,0.00353820,0.05637263,0.22151961,0.00000000,0.17203623,0.95865351
-0.98749375,4.74340702,0.52985079,3.61865490,0.00321524,0.05475606,0.21644475,0.00000000,0.16888710,0.94879703
-0.98149075,4.68220139,0.51810728,3.57565980,0.00290369,0.05307045,0.21106868,0.00000000,0.16554323,0.93753174
-0.97548774,4.61454644,0.50557890,3.52747550,0.00260652,0.05132357,0.20547463,0.00000000,0.16208463,0.92502037
-0.96948474,4.54145388,0.49250371,3.47480358,0.00232614,0.04952509,0.19975203,0.00000000,0.15859320,0.91146327
-0.96348174,4.46403947,0.47912723,3.41842431,0.00206445,0.04768652,0.19399448,0.00000000,0.15515080,0.89709099
-0.95747874,4.38349273,0.46569526,3.35917706,0.00182279,0.04582105,0.18829753,0.00000000,0.15183731,0.88215548
-0.95147574,4.30104450,0.45244690,3.29793894,0.00160202,0.04394335,0.18275646,0.00000000,0.14872878,0.86692072
-0.94547274,4.21793327,0.43960777,3.23560240,0.00140255,0.04206927,0.17746401,0.00000000,0.14589575,0.85165289
-0.93946973,4.13537199,0.42738392,3.17305274,0.00122438,0.04021547,0.17250823,0.00000000,0.14340173,0.83661075
-0.93346673,4.05451634,0.41595651,3.11114638,0.00106718,0.03839901,0.16797046,0.00000000,0.14130193,0.82203660
-0.92746373,3.97643575,0.40547746,3.05069055,0.00093033,0.03663689,0.16392351,0.00000000,0.13964218,0.80814807
-0.92146073,3.90208784,0.39606624,2.99242489,0.00081297,0.03494558,0.16043004,0.00000000,0.13845821,0.79513134
-0.91545773,3.83229710,0.38780779,2.93700552,0.00071409,0.03334058,0.15754127,0.00000000,0.13777510,0.78313567
-0.90945473,3.76773788,0.38075161,2.88499172,0.00063254,0.03183593,0.15529586,0.00000000,0.13760701,0.77226971
-0.90345173,3.70892211,0.37491194,2.83683522,0.00056708,0.03044385,0.15371914,0.00000000,0.13795711,0.76259941
-0.89744872,3.65619139,0.37026899,2.79287232,0.00051646,0.02917434,0.15282261,0.00000000,0.13881771,0.75414757
-0.89144572,3.60971336,0.36677102,2.75331850,0.00047935,0.02803497,0.15260364,0.00000000,0.14017053,0.74689506
-0.88544272,3.56948196,0.36433718,2.71826543,0.00045448,0.02703060,0.15304551,0.00000000,0.14198712,0.74078323
-0.87943972,3.53532125,0.36286092,2.68768039,0.00044056,0.02616335,0.15411760,0.00000000,0.14422937,0.73571769
-0.87343672,3.50689239,0.36221375,2.66140782,0.00043631,0.02543248,0.15577591,0.00000000,0.14685018,0.73157287
-0.86743372,3.48370362,0.36224933,2.63917306,0.00044053,0.02483455,0.15796376,0.00000000,0.14979411,0.72819740
-0.86143072,3.46512294,0.36280764,2.62058826,0.00045199,0.02436352,0.16061273,0.00000000,0.15299824,0.72541992
-0.85542771,3.45039342,0.36371914,2.60516059,0.00046953,0.02401100,0.16364387,0.00000000,0.15639311,0.72305512
-0.84942471,3.43865112,0.36480888,2.59230290,0.00049199,0.02376658,0.16696918,0.00000000,0.15990373,0.72090988
-0.84342171,3.42894552,0.36590049,2.58134675,0.00051827,0.02361822,0.17049322,0.00000000,0.16345084,0.71878939
-0.83741871,3.42026252,0.36681993,2.57155819,0.00054727,0.02355265,0.17411519,0.00000000,0.16695223,0.71650288
-0.83141571,3.41154979,0.36739912,2.56215597,0.00057794,0.02355589,0.17773098,0.00000000,0.17032428,0.71386920
-0.82541271,3.40174418,0.36747927,2.55233222,0.00060925,0.02361371,0.18123564,0.00000000,0.17348365,0.71072183
-0.81940970,3.38980088,0.36691404,2.54127515,0.00064023,0.02371215,0.18452586,0.00000000,0.17634904,0.70691347
-0.81340670,3.37472349,0.36557247,2.52819326,0.00066997,0.02383799,0.18750266,0.00000000,0.17884315,0.70231991
-0.80740370,3.35559432,0.36334153,2.51234044,0.00069760,0.02397921,0.19007394,0.00000000,0.18089462,0.69684329
-0.80140070,3.33160370,0.36012852,2.49304089,0.00072234,0.02412534,0.19215711,0.00000000,0.18243990,0.69041457
-0.79539770,3.30207719,0.35586298,2.46971293,0.00074351,0.02426786,0.19368143,0.00000000,0.18342508,0.68299507
-0.78939470,3.26649938,0.35049828,2.44189054,0.00076052,0.02440036,0.19459013,0.00000000,0.18380752,0.67457707
-0.78339170,3.22453293,0.34401263,2.40924156,0.00077290,0.02451870,0.19484202,0.00000000,0.18355714,0.66518347
-0.77738869,3.17603181,0.33640970,2.37158136,0.00078029,0.02462108,0.19441279,0.00000000,0.18265739,0.65486624
-0.77138569,3.12104757,0.32771847,2.32888119,0.00078247,0.02470789,0.19329557,0.00000000,0.18110579,0.64370393
-0.76538269,3.05982807,0.31799252,2.28127049,0.00077935,0.02478161,0.19150101,0.00000000,0.17891398,0.63179809
-0.75937969,2.99280840,0.30730870,2.22903274,0.00077097,0.02484647,0.18905662,0.00000000,0.17610728,0.61926878
-0.75337669,2.92059393,0.29576503,2.17259489,0.00075749,0.02490812,0.18600556,0.00000000,0.17272373,0.60624927
-0.74737369,2.84393629,0.28347806,2.11251063,0.00073919,0.02497316,0.18240482,0.00000000,0.16881268,0.59288026
-0.74137069,2.76370301,0.27057964,2.04943828,0.00071647,0.02504868,0.17832287,0.00000000,0.16443302,0.57930367
-0.73536768,2.68084258,0.25721326,1.98411425,0.00068980,0.02514178,0.17383693,0.00000000,0.15965096,0.56565655
-0.72936468,2.59634634,0.24353007,1.91732343,0.00065975,0.02525897,0.16902998,0.00000000,0.15453777,0.55206522
-0.72336168,2.51120943,0.22968469,1.84986813,0.00062694,0.02540581,0.16398757,0.00000000,0.14916724,0.53864010
-0.71735868,2.42639272,0.21583113,1.78253701,0.00059202,0.02558640,0.15879479,0.00000000,0.14361334,0.52547148
-0.71135568,2.34278786,0.20211871,1.71607591,0.00055566,0.02580304,0.15353322,0.00000000,0.13794783,0.51262652
-0.70535268,2.26118739,0.18868852,1.65116193,0.00051857,0.02605604,0.14827837,0.00000000,0.13223832,0.50014769
-0.69934967,2.18226135,0.17567016,1.58838232,0.00048141,0.02634350,0.14309746,0.00000000,0.12654652,0.48805273
-0.69334667,2.10654196,0.16317928,1.52821913,0.00044483,0.02666134,0.13804772,0.00000000,0.12092702,0.47633629
-0.68734367,2.03441677,0.15131568,1.47104050,0.00040947,0.02700341,0.13317532,0.00000000,0.11542645,0.46497307
-0.68134067,1.96613087,0.14016223,1.41709890,0.00037592,0.02736167,0.12851496,0.00000000,0.11008318,0.45392236
-0.67533767,1.90179773,0.12978459,1.36653627,0.00034473,0.02772661,0.12408998,0.00000000,0.10492745,0.44313383
-0.66933467,1.84141795,0.12023166,1.31939568,0.00031641,0.02808762,0.11991315,0.00000000,0.09998199,0.43255403
-0.66333167,1.78490470,0.11153667,1.27563861,0.00029145,0.02843354,0.11598796,0.00000000,0.09526292,0.42213352
-0.65732866,1.73211424,0.10371892,1.23516679,0.00027034,0.02875324,0.11231032,0.00000000,0.09078099,0.41183401
-0.65132566,1.68287962,0.09678602,1.19784716,0.00025351,0.02903621,0.10887062,0.00000000,0.08654306,0.40163513
-0.64532266,1.63704553,0.09073629,1.16353840,0.00024143,0.02927316,0.10565591,0.00000000,0.08255357,0.39154059
-0.63931966,1.59450205,0.08556153,1.13211745,0.00023457,0.02945658,0.10265226,0.00000000,0.07881612,0.38158305
-0.63331666,1.55521546,0.08124962,1.10350434,0.00023341,0.02958125,0.09984693,0.00000000,0.07533485,0.37182772
-0.62731366,1.51925400,0.07778702,1.07768380,0.00023850,0.02964465,0.09723043,0.00000000,0.07211571,0.36237419
-0.62131066,1.48680707,0.07516095,1.05472242,0.00025038,0.02964726,0.09479827,0.00000000,0.06916744,0.35335650
-0.61530765,1.45819651,0.07336114,1.03478009,0.00026968,0.02959275,0.09255229,0.00000000,0.06650220,0.34494129
-0.60930465,1.43387921,0.07238104,1.01811507,0.00029706,0.02948801,0.09050152,0.00000000,0.06413597,0.33732403
-0.60330165,1.41444041,0.07221837,1.00508214,0.00033320,0.02934302,0.08866256,0.00000000,0.06208839,0.33072360
-0.59729865,1.40057790,0.07287508,0.99612367,0.00037884,0.02917060,0.08705938,0.00000000,0.06038242,0.32537515
-0.59129565,1.39307740,0.07435662,0.99175398,0.00043470,0.02898601,0.08572266,0.00000000,0.05904353,0.32152178
-0.58529265,1.39278019,0.07667061,0.99253735,0.00050151,0.02880641,0.08468849,0.00000000,0.05809861,0.31940513
-0.57928964,1.40054405,0.07982493,0.99906073,0.00057993,0.02865023,0.08399672,0.00000000,0.05757459,0.31925542
-0.57328664,1.41719936,0.08382537,1.01190221,0.00067058,0.02853646,0.08368895,0.00000000,0.05749695,0.32128117
-0.56728364,1.44350207,0.08867297,1.03159668,0.00077393,0.02848382,0.08380610,0.00000000,0.05788797,0.32565922
-0.56128064,1.48008568,0.09436117,1.05860015,0.00089032,0.02851005,0.08438593,0.00000000,0.05876500,0.33252519
-0.55527764,1.52741447,0.10087296,1.09325451,0.00101988,0.02863107,0.08546042,0.00000000,0.06013881,0.34196513
-0.54927464,1.58574019,0.10817822,1.13575433,0.00116250,0.02886024,0.08705324,0.00000000,0.06201198,0.35400834
-0.54327164,1.65506442,0.11623138,1.18611744,0.00131781,0.02920778,0.08917744,0.00000000,0.06437753,0.36862211
-0.53726863,1.73510868,0.12496965,1.24416092,0.00148513,0.02968016,0.09183338,0.00000000,0.06721787,0.38570832
-0.53126563,1.82529398,0.13431190,1.30948380,0.00166345,0.03027980,0.09500717,0.00000000,0.07050408,0.40510242
-0.52526263,1.92473159,0.14415840,1.38145780,0.00185142,0.03100477,0.09866957,0.00000000,0.07419562,0.42657473
-0.51925963,2.03222585,0.15439139,1.45922696,0.00204737,0.03184881,0.10277558,0.00000000,0.07824048,0.44983440
-0.51325663,2.14628990,0.16487669,1.54171665,0.00224929,0.03280149,0.10726465,0.00000000,0.08257591,0.47453575
-0.50725363,2.26517427,0.17546625,1.62765230,0.00245489,0.03384853,0.11206156,0.00000000,0.08712953,0.50028721
-0.50125063,2.38690809,0.18600161,1.71558740,0.00266163,0.03497240,0.11707811,0.00000000,0.09182105,0.52666239
-0.49524762,2.50935180,0.19631827,1.80394020,0.00286677,0.03615297,0.12221534,0.00000000,0.09656438,0.55321325
-0.48924462,2.63025979,0.20625068,1.89103800,0.00306749,0.03736841,0.12736644,0.00000000,0.10127013,0.57948485
-0.48324162,2.74735095,0.21563778,1.97516746,0.00326092,0.03859614,0.13242015,0.00000000,0.10584848,0.60503125
-0.47723862,2.85838451,0.22432886,2.05462916,0.00344426,0.03981389,0.13726451,0.00000000,0.11021218,0.62943207
-0.47123562,2.96123826,0.23218946,2.12779425,0.00361486,0.04100077,0.14179084,0.00000000,0.11427979,0.65230906
-0.46523262,3.05398604,0.23910696,2.19316081,0.00377035,0.04213832,0.14589785,0.00000000,0.11797870,0.67334209
-0.45922961,3.13497106,0.24499586,2.24940766,0.00390869,0.04321152,0.14949555,0.00000000,0.12124819,0.69228388
-0.45322661,3.20287208,0.24980211,2.29544319,0.00402826,0.04420970,0.15250895,0.00000000,0.12404210,0.70897286
-0.44722361,3.25675913,0.25350668,2.33044695,0.00412795,0.04512721,0.15488131,0.00000000,0.12633108,0.72334353
-0.44122061,3.29613626,0.25612776,2.35390217,0.00420719,0.04596401,0.15657676,0.00000000,0.12810438,0.73543383
-0.43521761,3.32096922,0.25772175,2.36561759,0.00426600,0.04672598,0.15758224,0.00000000,0.12937099,0.74538908
-0.42921461,3.33169632,0.25838287,2.36573743,0.00430493,0.04742495,0.15790859,0.00000000,0.13016012,0.75346215
-0.42321161,3.32922183,0.25824118,2.35473905,0.00432513,0.04807855,0.15759082,0.00000000,0.13052094,0.76000969
-0.41720860,3.31489176,0.25745934,2.33341816,0.00432826,0.04870969,0.15668744,0.00000000,0.13052158,0.76548445
-0.41120560,3.29045278,0.25622794,2.30286214,0.00431640,0.04934591,0.15527892,0.00000000,0.13024751,0.77042379
-0.40520260,3.25799576,0.25475974,2.26441263,0.00429200,0.05001839,0.15346537,0.00000000,0.12979911,0.77543462
-0.39919960,3.21988609,0.25328289,2.21961884,0.00425779,0.05076083,0.15136345,0.00000000,0.12928880,0.78117533
-0.39319660,3.17868344,0.25203347,2.17018365,0.00421660,0.05160812,0.14910275,0.00000000,0.12883763,0.78833521
-0.38719360,3.13705432,0.25124755,2.11790473,0.00417133,0.05259496,0.14682162,0.00000000,0.12857147,0.79761197
-0.38119060,3.09768071,0.25115316,2.06461307,0.00412473,0.05375436,0.14466273,0.00000000,0.12861709,0.80968832
-0.37518759,3.06316850,0.25196234,2.01211162,0.00407937,0.05511620,0.14276859,0.00000000,0.12909807,0.82520825
-0.36918459,3.03595915,0.25386372,1.96211622,0.00403750,0.05670583,0.14127697,0.00000000,0.13013078,0.84475386
-0.36318159,3.01824801,0.25701576,1.91620129,0.00400093,0.05854280,0.14031658,0.00000000,0.13182065,0.86882368
-0.35717859,3.01191213,0.26154096,1.87575219,0.00397104,0.06063978,0.14000312,0.00000000,0.13425863,0.89781303
-0.35117559,3.01845004,0.26752126,1.84192573,0.00394864,0.06300167,0.14043568,0.00000000,0.13751824,0.93199734
-0.34517259,3.03893556,0.27499474,1.81562027,0.00393402,0.06562503,0.14169383,0.00000000,0.14165304,0.97151876
-0.33916958,3.07398656,0.28395381,1.79745579,0.00392694,0.06849772,0.14383522,0.00000000,0.14669478,1.01637670
-0.33316658,3.12374964,0.29434476,1.78776451,0.00392662,0.07159895,0.14689393,0.00000000,0.15265212,1.06642247
-0.32716358,3.18790039,0.30606894,1.78659157,0.00393183,0.07489952,0.15087946,0.00000000,0.15951011,1.12135832
-0.32116058,3.26565883,0.31898527,1.79370538,0.00394094,0.07836246,0.15577648,0.00000000,0.16723025,1.18074071
-0.31515758,3.35581862,0.33291411,1.80861663,0.00395201,0.08194385,0.16154519,0.00000000,0.17575123,1.24398788
-0.30915458,3.45678868,0.34764230,1.83060457,0.00396289,0.08559394,0.16812236,0.00000000,0.18499025,1.31039134
-0.30315158,3.56664507,0.36292919,1.85874944,0.00397131,0.08925843,0.17542290,0.00000000,0.19484488,1.37913100
-0.29714857,3.68319110,0.37851345,1.89196924,0.00397500,0.09287993,0.18334202,0.00000000,0.20519539,1.44929336
-0.29114557,3.80402328,0.39412040,1.92905938,0.00397176,0.09639941,0.19175780,0.00000000,0.21590747,1.51989244
-0.28514257,3.92660096,0.40946966,1.96873367,0.00395957,0.09975782,0.20053418,0.00000000,0.22683526,1.58989271
-0.27913957,4.04831722,0.42428282,2.00966521,0.00393669,0.10289755,0.20952424,0.00000000,0.23782460,1.65823343
-0.27313657,4.16656921,0.43829084,2.05052588,0.00390166,0.10576392,0.21857376,0.00000000,0.24871648,1.72385390
-0.26713357,4.27882583,0.45124115,2.09002334,0.00385344,0.10830647,0.22752490,0.00000000,0.25935056,1.78571893
-0.26113057,4.38269133,0.46290396,2.12693474,0.00379135,0.11048017,0.23622007,0.00000000,0.26956870,1.84284384
-0.25512756,4.47596338,0.47307784,2.16013625,0.00371515,0.11224633,0.24450573,0.00000000,0.27921851,1.89431865
-0.24912456,4.55668459,0.48159428,2.18862830,0.00362499,0.11357346,0.25223619,0.00000000,0.28815682,1.93933067
-0.24312156,4.62318661,0.48832123,2.21155594,0.00352142,0.11443778,0.25927728,0.00000000,0.29625293,1.97718514
-0.23711856,4.67412624,0.49316553,2.22822443,0.00340538,0.11482362,0.26550978,0.00000000,0.30339183,2.00732340
-0.23111556,4.70851314,0.49607409,2.23811008,0.00327809,0.11472355,0.27083258,0.00000000,0.30947705,2.02933805
-0.22511256,4.72572892,0.49703410,2.24086647,0.00314105,0.11413834,0.27516543,0.00000000,0.31443336,2.04298483
-0.21910955,4.72553749,0.49607206,2.23632634,0.00299600,0.11307680,0.27845127,0.00000000,0.31820898,2.04819084
-0.21310655,4.70808672,0.49325186,2.22449941,0.00284480,0.11155540,0.28065796,0.00000000,0.32077755,2.04505870
-0.20710355,4.67390148,0.48867204,2.20556648,0.00268944,0.10959778,0.28177946,0.00000000,0.32213945,2.03386650
-0.20110055,4.62386838,0.48246223,2.17987013,0.00253196,0.10723419,0.28183629,0.00000000,0.32232274,2.01506338
-0.19509755,4.55921241,0.47477910,2.14790241,0.00237438,0.10450080,0.28087531,0.00000000,0.32138332,1.98926063
-0.18909455,4.48146594,0.46580175,2.11028969,0.00221869,0.10143898,0.27896881,0.00000000,0.31940458,1.95721838
-0.18309155,4.39243065,0.45572693,2.06777526,0.00206680,0.09809445,0.27621275,0.00000000,0.31649619,1.91982809
-0.17708854,4.29413314,0.44476403,2.02119974,0.00192053,0.09451649,0.27272445,0.00000000,0.31279218,1.87809108
-0.17108554,4.18877494,0.43313010,1.97147986,0.00178155,0.09075703,0.26863950,0.00000000,0.30844827,1.83309361
-0.16508254,4.07867812,0.42104492,1.91958586,0.00165138,0.08686973,0.26410818,0.00000000,0.30363843,1.78597908
-0.15907954,3.96622762,0.40872637,1.86651799,0.00153143,0.08290912,0.25929135,0.00000000,0.29855072,1.73791813
-0.15307654,3.85381174,0.39638602,1.81328250,0.00142291,0.07892961,0.25435602,0.00000000,0.29338256,1.69007745
-0.14707354,3.74376226,0.38422513,1.76086769,0.00132693,0.07498463,0.24947066,0.00000000,0.28833551,1.64358826
-0.14107054,3.63829593,0.37243111,1.71022045,0.00124440,0.07112572,0.24480052,0.00000000,0.28360961,1.59951560
-0.13506753,3.53945896,0.36117436,1.66222389,0.00117613,0.06740169,0.24050294,0.00000000,0.27939768,1.55882922
-0.12906453,3.44907615,0.35060578,1.61767669,0.00112278,0.06385778,0.23672295,0.00000000,0.27587956,1.52237740
-0.12306153,3.36870641,0.34085463,1.57727460,0.00108491,0.06053500,0.23358928,0.00000000,0.27321659,1.49086444
-0.11705853,3.29960603,0.33202707,1.54159468,0.00106294,0.05746945,0.23121080,0.00000000,0.27154653,1.46483271
-0.11105553,3.24270094,0.32420521,1.51108283,0.00105720,0.05469180,0.22967367,0.00000000,0.27097911,1.44465008
-0.10505253,3.19856900,0.31744667,1.48604485,0.00106792,0.05222691,0.22903916,0.00000000,0.27159239,1.43050298
-0.09904952,3.16743282,0.31178477,1.46664145,0.00109525,0.05009353,0.22934226,0.00000000,0.27343005,1.42239562
-0.09304652,3.14916357,0.30722914,1.45288729,0.00113923,0.04830422,0.23059113,0.00000000,0.27649979,1.42015524
-0.08704352,3.14329533,0.30376697,1.44465417,0.00119982,0.04686533,0.23276730,0.00000000,0.28077285,1.42344323
-0.08104052,3.14904974,0.30136462,1.44167827,0.00127691,0.04577725,0.23582672,0.00000000,0.28618469,1.43177172
-0.07503752,3.16536985,0.29996973,1.44357105,0.00137032,0.04503465,0.23970155,0.00000000,0.29263684,1.44452493
-0.06903452,3.19096203,0.29951377,1.44983373,0.00147977,0.04462702,0.24430261,0.00000000,0.29999984,1.46098447
-0.06303152,3.22434429,0.29991484,1.45987458,0.00160494,0.04453922,0.24952242,0.00000000,0.30811713,1.48035759
-0.05702851,3.26389944,0.30108079,1.47302859,0.00174545,0.04475216,0.25523869,0.00000000,0.31680984,1.50180731
-0.05102551,3.30793104,0.30291255,1.48857893,0.00190085,0.04524359,0.26131820,0.00000000,0.32588216,1.52448325
-0.04502251,3.35472026,0.30530751,1.50577927,0.00207069,0.04598887,0.26762091,0.00000000,0.33512732,1.54755209
-0.03901951,3.40258174,0.30816291,1.52387649,0.00225449,0.04696186,0.27400417,0.00000000,0.34433372,1.57022646
-0.03301651,3.44991654,0.31137920,1.54213286,0.00245177,0.04813573,0.28032693,0.00000000,0.35329120,1.59179136
-0.02701351,3.49526051,0.31486311,1.55984717,0.00266208,0.04948376,0.28645378,0.00000000,0.36179716,1.61162709
-0.02101051,3.53732655,0.31853044,1.57637401,0.00288505,0.05098013,0.29225881,0.00000000,0.36966238,1.62922815
-0.01500750,3.57503954,0.32230843,1.59114071,0.00312037,0.05260049,0.29762906,0.00000000,0.37671625,1.64421728
-0.00900450,3.60756289,0.32613769,1.60366151,0.00336786,0.05432258,0.30246753,0.00000000,0.38281141,1.65635456
-0.00300150,3.63431611,0.32997344,1.61354849,0.00362746,0.05612660,0.30669572,0.00000000,0.38782761,1.66554110
0.00300150,3.65498288,0.33378619,1.62051896,0.00389927,0.05799547,0.31025550,0.00000000,0.39167458,1.67181756
0.00900450,3.66950971,0.33756172,1.62439930,0.00418357,0.05991493,0.31311039,0.00000000,0.39429402,1.67535747
0.01500750,3.67809531,0.34130036,1.62512503,0.00448078,0.06187350,0.31524608,0.00000000,0.39566055,1.67645586
0.02101051,3.68117112,0.34501558,1.62273732,0.00479150,0.06386221,0.31667034,0.00000000,0.39578160,1.67551354
0.02701351,3.67937405,0.34873201,1.61737609,0.00511644,0.06587427,0.31741209,0.00000000,0.39469640,1.67301780
0.03301651,3.67351226,0.35248284,1.60926993,0.00545640,0.06790457,0.31751991,0.00000000,0.39247393,1.66952013
0.03901951,3.66452537,0.35630684,1.59872342,0.00581220,0.06994906,0.31705982,0.00000000,0.38921006,1.66561189
0.04502251,3.65344068,0.36024505,1.58610226,0.00618459,0.07200414,0.31611250,0.00000000,0.38502400,1.66189879
0.05102551,3.64132704,0.36433731,1.57181683,0.00657418,0.07406593,0.31477001,0.00000000,0.38005405,1.65897507
0.05702851,3.62924814,0.36861893,1.55630489,0.00698132,0.07612964,0.31313223,0.00000000,0.37445302,1.65739855
0.06303152,3.61821722,0.37311748,1.54001404,0.00740598,0.07818900,0.31130294,0.00000000,0.36838332,1.65766717
0.06903452,3.60915494,0.37785012,1.52338485,0.00784764,0.08023575,0.30938594,0.00000000,0.36201203,1.66019832
0.07503752,3.60285227,0.38282141,1.50683509,0.00830519,0.08225938,0.30748115,0.00000000,0.35550604,1.66531146
0.08104052,3.59993991,0.38802196,1.49074604,0.00877678,0.08424696,0.30568108,0.00000000,0.34902752,1.67321497
0.08704352,3.60086579,0.39342794,1.47545114,0.00925981,0.08618328,0.30406760,0.00000000,0.34272989,1.68399772
0.09304652,3.60588136,0.39900148,1.46122762,0.00975084,0.08805116,0.30270932,0.00000000,0.33675428,1.69762574
0.09904952,3.61503754,0.40469207,1.44829127,0.01024553,0.08983200,0.30165966,0.00000000,0.33122684,1.71394424
0.10505253,3.62819026,0.41043881,1.43679459,0.01073875,0.09150654,0.30095561,0.00000000,0.32625674,1.73268475
0.11105553,3.64501531,0.41617349,1.42682809,0.01122454,0.09305580,0.30061739,0.00000000,0.32193502,1.75347736
0.11705853,3.66503155,0.42182430,1.41842454,0.01169629,0.09446211,0.30064880,0.00000000,0.31833423,1.77586721
0.12306153,3.68763119,0.42731988,1.41156575,0.01214686,0.09571026,0.30103845,0.00000000,0.31550875,1.79933470
0.12906453,3.71211533,0.43259359,1.40619122,0.01256874,0.09678861,0.30176161,0.00000000,0.31349578,1.82331834
0.13506753,3.73773265,0.43758756,1.40220800,0.01295434,0.09769006,0.30278261,0.00000000,0.31231681,1.84723914
0.14107054,3.76371906,0.44225642,1.39950090,0.01329614,0.09841300,0.30405763,0.00000000,0.31197934,1.87052535
0.14707354,3.78933580,0.44657020,1.39794235,0.01358702,0.09896191,0.30553772,0.00000000,0.31247885,1.89263634
0.15307654,3.81390396,0.45051636,1.39740111,0.01382051,0.09934772,0.30717181,0.00000000,0.31380064,1.91308429
0.15907954,3.83683314,0.45410075,1.39774921,0.01399098,0.09958785,0.30890953,0.00000000,0.31592153,1.93145274
0.16508254,3.85764284,0.45734724,1.39886660,0.01409394,0.09970589,0.31070375,0.00000000,0.31881126,1.94741106
0.17108554,3.87597534,0.46029613,1.40064327,0.01412616,0.09973091,0.31251248,0.00000000,0.32243339,1.96072397
0.17708854,3.89159938,0.46300142,1.40297875,0.01408586,0.09969641,0.31430031,0.00000000,0.32674582,1.97125596
0.18309155,3.90440493,0.46552697,1.40577904,0.01397278,0.09963900,0.31603906,0.00000000,0.33170074,1.97897030
0.18909455,3.91438941,0.46794182,1.40895156,0.01378822,0.09959680,0.31770780,0.00000000,0.33724429,1.98392284
0.19509755,3.92163687,0.47031501,1.41239851,0.01353501,0.09960769,0.31929217,0.00000000,0.34331571,1.98625120
0.20110055,3.92629154,0.47271023,1.41600934,0.01321742,0.09970747,0.32078317,0.00000000,0.34984651,1.98615998
0.20710355,3.92852815,0.47518051,1.41965332,0.01284107,0.09992801,0.32217550,0.00000000,0.35675941,1.98390302
0.21310655,3.92852099,0.47776354,1.42317285,0.01241267,0.10029551,0.32346556,0.00000000,0.36396758,1.97976376
0.21910955,3.92641429,0.48047778,1.42637841,0.01193991,0.10082904,0.32464936,0.00000000,0.37137418,1.97403507
0.22511256,3.92229601,0.48331967,1.42904584,0.01143112,0.10153924,0.32572055,0.00000000,0.37887235,1.96699949
0.23111556,3.91617711,0.48626214,1.43091640,0.01089510,0.10242748,0.32666861,0.00000000,0.38634593,1.95891138
0.23711856,3.90797766,0.48925463,1.43170006,0.01034082,0.10348538,0.32747748,0.00000000,0.39367085,1.94998168
0.24312156,3.89752109,0.49222441,1.43108196,0.00977721,0.10469477,0.32812469,0.00000000,0.40071734,1.94036626
0.24912456,3.88453679,0.49507946,1.42873190,0.00921292,0.10602813,0.32858111,0.00000000,0.40735288,1.93015846
0.25512756,3.86867107,0.49771234,1.42431657,0.00865614,0.10744941,0.32881131,0.00000000,0.41344587,1.91938608
0.26113057,3.84950574,0.50000520,1.41751357,0.00811443,0.10891526,0.32877460,0.00000000,0.41886978,1.90801287
0.26713357,3.82658297,0.50183530,1.40802682,0.00759461,0.11037661,0.32842660,0.00000000,0.42350776,1.89594428
0.27313657,3.79943492,0.50308092,1.39560200,0.00710267,0.11178050,0.32772131,0.00000000,0.42725730,1.88303705
0.27913957,3.76761602,0.50362716,1.38004143,0.00664372,0.11307210,0.32661352,0.00000000,0.43003481,1.86911190
0.28514257,3.73073590,0.50337139,1.36121709,0.00622197,0.11419675,0.32506143,0.00000000,0.43177982,1.85396846
0.29114557,3.68849080,0.50222795,1.33908121,0.00584076,0.11510214,0.32302933,0.00000000,0.43245855,1.83740159
0.29714857,3.64069142,0.50013192,1.31367348,0.00550255,0.11574024,0.32049006,0.00000000,0.43206656,1.81921793
0.30315158,3.58728559,0.49704172,1.28512450,0.00520905,0.11606919,0.31742731,0.00000000,0.43063042,1.79925184
0.30915458,3.52837423,0.49294055,1.25365511,0.00496120,0.11605485,0.31383737,0.00000000,0.42820809,1.77737984
0.31515758,3.46421978,0.48783646,1.21957166,0.00475928,0.11567216,0.30973043,0.00000000,0.42488809,1.75353259
0.32116058,3.39524669,0.48176139,1.18325728,0.00460298,0.11490602,0.30513121,0.00000000,0.42078734,1.72770397
0.32716358,3.32203386,0.47476902,1.14515985,0.00449144,0.11375197,0.30007901,0.00000000,0.41604772,1.69995671
0.33316658,3.24529960,0.46693188,1.10577701,0.00442331,0.11221641,0.29462702,0.00000000,0.41083162,1.67042429
0.33916958,3.16588011,0.45833786,1.06563929,0.00439683,0.11031643,0.28884111,0.00000000,0.40531638,1.63930924
0.34517259,3.08470253,0.44908634,1.02529210,0.00440981,0.10807940,0.28279803,0.00000000,0.39968815,1.60687771
0.35117559,3.00275420,0.43928431,0.98527753,0.00445972,0.10554217,0.27658312,0.00000000,0.39413521,1.57345090
0.35717859,2.92104966,0.42904261,0.94611688,0.00454368,0.10275000,0.27028774,0.00000000,0.38884114,1.53939369
0.36318159,2.84059697,0.41847268,0.90829475,0.00465846,0.09975532,0.26400648,0.00000000,0.38397804,1.50510106
0.36918459,2.76236519,0.40768370,0.87224538,0.00480057,0.09661619,0.25783421,0.00000000,0.37970023,1.47098313
0.37518759,2.68725406,0.39678055,0.83834175,0.00496619,0.09339479,0.25186331,0.00000000,0.37613853,1.43744938
0.38119060,2.61606752,0.38586241,0.80688781,0.00515126,0.09015565,0.24618088,0.00000000,0.37339542,1.40489294
0.38719360,2.54949176,0.37502200,0.77811392,0.00535146,0.08696396,0.24086639,0.00000000,0.37154137,1.37367566
0.39319660,2.48807852,0.36434550,0.75217565,0.00556227,0.08388385,0.23598953,0.00000000,0.37061228,1.34411456
0.39919960,2.43223417,0.35391296,0.72915539,0.00577902,0.08097667,0.23160858,0.00000000,0.37060826,1.31647043
0.40520260,2.38221438,0.34379892,0.70906675,0.00599691,0.07829937,0.22776913,0.00000000,0.37149384,1.29093887
0.41120560,2.33812451,0.33407332,0.69186103,0.00621112,0.07590306,0.22450333,0.00000000,0.37319940,1.26764427
0.41720860,2.29992497,0.32480228,0.67743528,0.00641684,0.07383157,0.22182956,0.00000000,0.37562393,1.24663697
0.42321161,2.26744121,0.31604868,0.66564137,0.00660937,0.07212031,0.21975253,0.00000000,0.37863895,1.22789359
0.42921461,2.24037750,0.30787241,0.65629546,0.00678419,0.07079527,0.21826383,0.00000000,0.38209334,1.21132053
0.43521761,2.21833366,0.30033015,0.64918737,0.00693710,0.06987225,0.21734268,0.00000000,0.38581903,1.19676047
0.44122061,2.20082389,0.29347460,0.64408928,0.00706424,0.06935635,0.21695713,0.00000000,0.38963727,1.18400154
0.44722361,2.18729696,0.28735326,0.64076355,0.00716222,0.06924174,0.21706535,0.00000000,0.39336515,1.17278870
0.45322661,2.17715689,0.28200665,0.63896926,0.00722819,0.06951167,0.21761710,0.00000000,0.39682229,1.16283690
0.45922961,2.16978346,0.27746623,0.63846742,0.00725993,0.07013887,0.21855536,0.00000000,0.39983730,1.15384542
0.46523262,2.16455201,0.27375206,0.63902479,0.00725588,0.07108618,0.21981789,0.00000000,0.40225392,1.14551278
0.47123562,2.16085199,0.27087044,0.64041644,0.00721519,0.07230751,0.22133893,0.00000000,0.40393646,1.13755176
0.47723862,2.15810408,0.26881167,0.64242718,0.00713777,0.07374911,0.22305076,0.00000000,0.40477455,1.12970375
0.48324162,2.15577551,0.26754826,0.64485212,0.00702428,0.07535106,0.22488531,0.00000000,0.40468687,1.12175216
0.48924462,2.15339356,0.26703359,0.64749668,0.00687611,0.07704905,0.22677566,0.00000000,0.40362389,1.11353417
0.49524762,2.15055718,0.26720146,0.65017634,0.00669537,0.07877632,0.22865755,0.00000000,0.40156948,1.10495075
0.50125063,2.14694673,0.26796637,0.65271632,0.00648479,0.08046568,0.23047074,0.00000000,0.39854140,1.09597431
0.50725363,2.14233191,0.26922489,0.65495160,0.00624769,0.08205165,0.23216042,0.00000000,0.39459070,1.08665410
0.51325663,2.13657791,0.27085792,0.65672738,0.00598787,0.08347256,0.23367854,0.00000000,0.38980010,1.07711901
0.51925963,2.12964975,0.27273399,0.65790005,0.00570952,0.08467251,0.23498501,0.00000000,0.38428137,1.06757786
0.52526263,2.12161479,0.27471329,0.65833887,0.00541708,0.08560323,0.23604889,0.00000000,0.37817197,1.05831712
0.53126563,2.11264342,0.27665254,0.65792814,0.00511513,0.08622563,0.23684951,0.00000000,0.37163101,1.04969623
0.53726863,2.10300759,0.27841014,0.65656983,0.00480830,0.08651104,0.23737728,0.00000000,0.36483469,1.04214060
0.54327164,2.09307722,0.27985174,0.65418648,0.00450110,0.08644213,0.23763451,0.00000000,0.35797137,1.03613241
0.54927464,2.08331413,0.28085556,0.65072411,0.00419785,0.08601333,0.23763586,0.00000000,0.35123657,1.03219957
0.55527764,2.07426339,0.28131751,0.64615487,0.00390255,0.08523093,0.23740848,0.00000000,0.34482782,1.03090291
0.56128064,2.06654199,0.28115562,0.64047917,0.00361882,0.08411266,0.23699190,0.00000000,0.33893973,1.03282192
0.56728364,2.06082455,0.28031363,0.63372703,0.00334981,0.08268692,0.23643745,0.00000000,0.33375921,1.03853933
0.57328664,2.05782643,0.27876354,0.62595849,0.00309818,0.08099161,0.23580724,0.00000000,0.32946114,1.04862486
0.57928964,2.05828417,0.27650692,0.61726275,0.00286602,0.07907265,0.23517277,0.00000000,0.32620441,1.06361842
0.58529265,2.06293369,0.27357500,0.60775624,0.00265490,0.07698221,0.23461305,0.00000000,0.32412851,1.08401322
0.59129565,2.07248685,0.27002743,0.59757933,0.00246583,0.07477686,0.23421239,0.00000000,0.32335065,1.11023916
0.59729865,2.08760681,0.26594984,0.58689201,0.00229932,0.07251551,0.23405776,0.00000000,0.32396348,1.14264700
0.60330165,2.10888325,0.26145033,0.57586849,0.00215541,0.07025742,0.23423596,0.00000000,0.32603344,1.18149366
0.60930465,2.13680816,0.25665501,0.56469113,0.00203372,0.06806027,0.23483063,0.00000000,0.32959967,1.22692933
0.61530765,2.17175321,0.25170293,0.55354388,0.00193352,0.06597834,0.23591916,0.00000000,0.33467353,1.27898660
0.62131066,2.21394970,0.24674048,0.54260552,0.00185383,0.06406092,0.23756968,0.00000000,0.34123869,1.33757226
0.62731366,2.26347182,0.24191578,0.53204315,0.00179344,0.06235099,0.23983826,0.00000000,0.34925165,1.40246190
0.63331666,2.32022416,0.23737308,0.52200608,0.00175101,0.06088415,0.24276640,0.00000000,0.35864284,1.47329782
0.63931966,2.38393399,0.23324749,0.51262051,0.00172516,0.05968788,0.24637885,0.00000000,0.36931792,1.54959019
0.64532266,2.45414865,0.22966037,0.50398520,0.00171450,0.05878106,0.25068202,0.00000000,0.38115959,1.63072163
0.65132566,2.53023823,0.22671532,0.49616829,0.00171766,0.05817388,0.25566287,0.00000000,0.39402949,1.71595512
0.65732866,2.61140356,0.22449511,0.48920536,0.00173341,0.05786790,0.26128832,0.00000000,0.40777033,1.80444491
0.66333167,2.69668901,0.22305942,0.48309881,0.00176057,0.05785645,0.26750536,0.00000000,0.42220814,1.89525023
0.66933467,2.78499970,0.22244351,0.47781845,0.00179813,0.05812519,0.27424164,0.00000000,0.43715458,1.98735126
0.67533767,2.87512248,0.22265782,0.47330329,0.00184518,0.05865280,0.28140666,0.00000000,0.45240923,2.07966688
0.68134067,2.96574977,0.22368824,0.46946437,0.00190091,0.05941188,0.28889344,0.00000000,0.46776198,2.17107366
0.68734367,3.05550557,0.22549721,0.46618836,0.00196461,0.06036986,0.29658058,0.00000000,0.48299536,2.26042552
0.69334667,3.14297266,0.22802534,0.46334191,0.00203562,0.06148996,0.30433480,0.00000000,0.49788698,2.34657353
0.69934967,3.22672049,0.23119349,0.46077645,0.00211329,0.06273223,0.31201370,0.00000000,0.51221203,2.42838545
0.70535268,3.30533276,0.23490525,0.45833319,0.00219695,0.06405452,0.31946877,0.00000000,0.52574592,2.50476458
0.71135568,3.37743448,0.23904966,0.45584834,0.00228590,0.06541349,0.32654858,0.00000000,0.53826712,2.57466762
0.71735868,3.44171796,0.24350409,0.45315815,0.00237933,0.06676555,0.33310216,0.00000000,0.54956026,2.63712156
0.72336168,3.49696749,0.24813725,0.45010390,0.00247635,0.06806782,0.33898228,0.00000000,0.55941948,2.69123925
0.72936468,3.54208266,0.25281229,0.44653653,0.00257596,0.06927896,0.34404896,0.00000000,0.56765209,2.73623404
0.73536768,3.57610012,0.25738993,0.44232093,0.00267705,0.07036011,0.34817272,0.00000000,0.57408252,2.77143314
0.74137069,3.59821394,0.26173164,0.43733979,0.00277843,0.07127564,0.35123791,0.00000000,0.57855647,2.79629015
0.74737369,3.60779439,0.26570288,0.43149709,0.00287888,0.07199393,0.35314583,0.00000000,0.58094524,2.81039668
0.75337669,3.60440514,0.26917630,0.42472095,0.00297717,0.07248815,0.35381762,0.00000000,0.58115001,2.81349291
0.75937969,3.58781861,0.27203497,0.41696603,0.00307215,0.07273687,0.35319693,0.00000000,0.57910607,2.80547741
0.76538269,3.55802936,0.27417559,0.40821539,0.00316280,0.07272474,0.35125224,0.00000000,0.57478662,2.78641558
0.77138569,3.51526484,0.27551154,0.39848168,0.00324832,0.07244292,0.34797875,0.00000000,0.56820614,2.75654683
0.77738869,3.45999327,0.27597576,0.38780775,0.00332824,0.07188960,0.34339975,0.00000000,0.55942292,2.71628973
0.78339170,3.39292773,0.27552340,0.37626657,0.00340242,0.07107021,0.33756743,0.00000000,0.54854080,2.66624500
0.78939470,3.31502603,0.27413397,0.36396048,0.00347123,0.06999764,0.33056308,0.00000000,0.53570962,2.60719547
0.79539770,3.22748549,0.27181304,0.35101968,0.00353549,0.06869222,0.32249649,0.00000000,0.52112459,2.54010264
0.80140070,3.13173219,0.26859326,0.33760003,0.00359661,0.06718155,0.31350467,0.00000000,0.50502423,2.46609920
0.80740370,3.02940394,0.26453464,0.32388007,0.00365656,0.06550009,0.30374978,0.00000000,0.48768692,2.38647716
0.81340670,2.92232700,0.25972391,0.31005736,0.00371784,0.06368866,0.29341620,0.00000000,0.46942606,2.30267110
0.81940970,2.81248607,0.25427308,0.29634415,0.00378351,0.06179367,0.28270696,0.00000000,0.45058402,2.21623652
0.82541271,2.70198803,0.24831694,0.28296249,0.00385707,0.05986618,0.27183942,0.00000000,0.43152477,2.12882334
0.83141571,2.59301980,0.24200974,0.27013878,0.00394238,0.05796078,0.26104035,0.00000000,0.41262562,2.04214469
0.83741871,2.48780103,0.23552097,0.25809798,0.00404356,0.05613437,0.25054053,0.00000000,0.39426821,1.95794174
0.84342171,2.38853285,0.22903041,0.24705763,0.00416483,0.05444475,0.24056904,0.00000000,0.37682891,1.87794518
0.84942471,2.29734397,0.22272269,0.23722174,0.00431033,0.05294921,0.23134731,0.00000000,0.36066917,1.80383437
0.85542771,2.21623560,0.21678139,0.22877485,0.00448398,0.05170302,0.22308325,0.00000000,0.34612583,1.73719543
0.86143072,2.14702716,0.21138307,0.22187633,0.00468929,0.05075788,0.21596555,0.00000000,0.33350199,1.67947945
0.86743372,2.09130452,0.20669143,0.21665526,0.00492914,0.05016058,0.21015834,0.00000000,0.32305855,1.63196243
0.87343672,2.05037266,0.20285179,0.21320591,0.00520568,0.04995152,0.20579649,0.00000000,0.31500677,1.59570828
0.87943972,2.02521469,0.19998627,0.21158415,0.00552013,0.05016360,0.20298163,0.00000000,0.30950216,1.57153634
0.88544272,2.01645896,0.19818981,0.21180487,0.00587265,0.05082111,0.20177913,0.00000000,0.30663983,1.55999495
0.89144572,2.02435572,0.19752723,0.21384052,0.00626229,0.05193895,0.20221606,0.00000000,0.30645163,1.56134197
0.89744872,2.04876470,0.19803158,0.21762100,0.00668695,0.05352203,0.20428038,0.00000000,0.30890499,1.57553370
0.90345173,2.08915445,0.19970367,0.22303482,0.00714332,0.05556501,0.20792131,0.00000000,0.31390381,1.60222251
0.90945473,2.14461401,0.20251314,0.22993165,0.00762699,0.05805231,0.21305089,0.00000000,0.32129116,1.64076397
0.91545773,2.21387686,0.20640072,0.23812622,0.00813254,0.06095837,0.21954679,0.00000000,0.33085397,1.69023339
0.92146073,2.29535680,0.21128177,0.24740342,0.00865367,0.06424828,0.22725620,0.00000000,0.34232936,1.74945161
0.92746373,2.38719477,0.21705094,0.25752457,0.00918342,0.06787865,0.23600071,0.00000000,0.35541270,1.81701937
0.93346673,2.48731517,0.22358762,0.26823455,0.00971439,0.07179871,0.24558204,0.00000000,0.36976686,1.89135913
0.93946973,2.59348980,0.23076208,0.27926972,0.01023899,0.07595170,0.25578834,0.00000000,0.38503260,1.97076319
0.94547274,2.70340704,0.23844186,0.29036612,0.01074976,0.08027633,0.26640086,0.00000000,0.40083962,2.05344617
0.95147574,2.81474383,0.24649810,0.30126786,0.01123962,0.08470841,0.27720073,0.00000000,0.41681784,2.13760004
0.95747874,2.92523740,0.25481158,0.31173524,0.01170215,0.08918252,0.28797559,0.00000000,0.43260862,2.22144963
0.96348174,3.03275394,0.26327806,0.32155225,0.01213184,0.09363370,0.29852572,0.00000000,0.44787535,2.30330618
0.96948474,3.13535147,0.27181257,0.33053326,0.01252436,0.09799898,0.30866956,0.00000000,0.46231311,2.38161702
0.97548774,3.23133401,0.28035261,0.33852839,0.01287667,0.10221887,0.31824821,0.00000000,0.47565696,2.45500914
0.98149075,3.31929504,0.28885982,0.34542759,0.01318717,0.10623863,0.32712898,0.00000000,0.48768852,2.52232491
0.98749375,3.39814818,0.29732018,0.35116289,0.01345579,0.11000930,0.33520760,0.00000000,0.49824067,2.58264848
0.99349675,3.46714422,0.30574267,0.35570914,0.01368395,0.11348853,0.34240926,0.00000000,0.50720008,2.63532182
0.99949975,3.52587354,0.31415641,0.35908273,0.01387451,0.11664109,0.34868838,0.00000000,0.51450759,2.67994986
1.00550275,3.57425461,0.32260642,0.36133883,0.01403165,0.11943914,0.35402716,0.00000000,0.52015645,2.71639478
1.01150575,3.61250908,0.33114835,0.36256689,0.01416070,0.12186227,0.35843313,0.00000000,0.52418857,2.74475997
1.01750875,3.64112532,0.33984229,0.36288486,0.01426796,0.12389728,0.36193583,0.00000000,0.52668899,2.76536476
1.02351176,3.66081248,0.34874610,0.36243240,0.01436039,0.12553775,0.36458289,0.00000000,0.52777891,2.77871145
1.02951476,3.67244781,0.35790874,0.36136329,0.01444540,0.12678359,0.36643569,0.00000000,0.52760767,2.78544659
1.03551776,3.67702010,0.36736382,0.35983764,0.01453062,0.12764033,0.36756494,0.00000000,0.52634413,2.78631867
1.04152076,3.67557237,0.37712388,0.35801404,0.01462361,0.12811849,0.36804642,0.00000000,0.52416779,2.78213452
1.04752376,3.66914685,0.38717577,0.35604228,0.01473164,0.12823287,0.36795702,0.00000000,0.52126030,2.77371668
1.05352676,3.65873499,0.39747735,0.35405678,0.01486157,0.12800196,0.36737143,0.00000000,0.51779751,2.76186399
1.05952976,3.64523486,0.40795582,0.35217118,0.01501961,0.12744733,0.36635938,0.00000000,0.51394260,2.74731716
1.06553277,3.62941779,0.41850777,0.35047425,0.01521130,0.12659315,0.36498381,0.00000000,0.50984046,2.73073088
1.07153577,3.61190546,0.42900103,0.34902727,0.01544141,0.12546577,0.36329966,0.00000000,0.50561352,2.71265342
1.07753877,3.59315786,0.43927823,0.34786300,0.01571393,0.12409343,0.36135355,0.00000000,0.50135912,2.69351436
1.08354177,3.57347207,0.44916190,0.34698614,0.01603206,0.12250600,0.35918399,0.00000000,0.49714844,2.67362034
1.08954477,3.55299099,0.45846089,0.34637528,0.01639828,0.12073479,0.35682224,0.00000000,0.49302679,2.65315845
1.09554777,3.53172057,0.46697780,0.34598602,0.01681439,0.11881233,0.35429346,0.00000000,0.48901519,2.63220626
1.10155078,3.50955386,0.47451689,0.34575521,0.01728155,0.11677225,0.35161815,0.00000000,0.48511297,2.61074734
1.10755378,3.48629978,0.48089227,0.34560585,0.01780035,0.11464905,0.34881355,0.00000000,0.48130110,2.58869069
1.11355678,3.46171422,0.48593579,0.34545250,0.01837083,0.11247786,0.34589505,0.00000000,0.47754597,2.56589256
1.11955978,3.43553153,0.48950418,0.34520669,0.01899251,0.11029413,0.34287733,0.00000000,0.47380331,2.54217890
1.12556278,3.40749413,0.49148529,0.34478231,0.01966436,0.10813329,0.33977519,0.00000000,0.47002210,2.51736707
1.13156578,3.37737858,0.49180283,0.34410044,0.02038478,0.10603032,0.33660409,0.00000000,0.46614808,2.49128536
1.13756878,3.34501682,0.49041963,0.34309351,0.02115155,0.10401930,0.33338027,0.00000000,0.46212684,2.46378935
1.14357179,3.31031151,0.48733910,0.34170868,0.02196172,0.10213297,0.33012064,0.00000000,0.45790630,2.43477430
1.14957479,3.27324506,0.48260500,0.33991013,0.02281157,0.10040220,0.32684234,0.00000000,0.45343853,2.40418316
1.15557779,3.23388237,0.47629949,0.33768046,0.02369647,0.09885562,0.32356213,0.00000000,0.44868102,2.37201021
1.16158079,3.19236760,0.46853955,0.33502087,0.02461084,0.09751920,0.32029573,0.00000000,0.44359726,2.33830044
1.16758379,3.14891573,0.45947216,0.33195055,0.02554803,0.09641591,0.31705715,0.00000000,0.43815696,2.30314520
1.17358679,3.10379989,0.44926839,0.32850506,0.02650034,0.09556551,0.31385809,0.00000000,0.43233585,2.26667482
1.17958979,3.05733558,0.43811675,0.32473397,0.02745900,0.09498441,0.31070751,0.00000000,0.42611524,2.22904902
1.18559280,3.00986299,0.42621618,0.32069801,0.02841417,0.09468555,0.30761139,0.00000000,0.41948152,2.19044586
1.19159580,2.96172868,0.41376902,0.31646567,0.02935508,0.09467843,0.30457271,0.00000000,0.41242567,2.15105020
1.19759880,2.91326761,0.40097425,0.31210968,0.03027015,0.09496913,0.30159160,0.00000000,0.40494283,2.11104247
1.20360180,2.86478662,0.38802138,0.30770339,0.03114715,0.09556038,0.29866564,0.00000000,0.39703210,2.07058838
1.20960480,2.81655004,0.37508512,0.30331725,0.03197347,0.09645160,0.29579034,0.00000000,0.38869645,2.02983010
1.21560780,2.76876804,0.36232111,0.29901559,0.03273637,0.09763888,0.29295959,0.00000000,0.37994290,1.98887948
1.22161081,2.72158817,0.34986272,0.29485373,0.03342329,0.09911498,0.29016606,0.00000000,0.37078277,1.94781339
1.22761381,2.67509018,0.33781918,0.29087566,0.03402215,0.10086915,0.28740164,0.00000000,0.36123206,1.90667137
1.23361681,2.62928419,0.32627475,0.28711216,0.03452175,0.10288693,0.28465762,0.00000000,0.35131191,1.86545558
1.23961981,2.58411222,0.31528910,0.28357965,0.03491204,0.10514989,0.28192481,0.00000000,0.34104889,1.82413292
1.24562281,2.53945260,0.30489868,0.28027958,0.03518448,0.10763525,0.27919344,0.00000000,0.33047529,1.78263907
1.25162581,2.49512721,0.29511897,0.27719858,0.03533232,0.11031551,0.27645296,0.00000000,0.31962919,1.74088423
1.25762881,2.45091113,0.28594739,0.27430909,0.03535091,0.11315813,0.27369176,0.00000000,0.30855429,1.69876024
1.26363182,2.40654424,0.27736679,0.27157070,0.03523788,0.11612525,0.27089683,0.00000000,0.29729957,1.65614874
1.26963482,2.36174438,0.26934919,0.26893195,0.03499332,0.11917351,0.26805348,0.00000000,0.28591864,1.61293001
1.27563782,2.31622175,0.26185968,0.26633259,0.03461988,0.12225409,0.26514518,0.00000000,0.27446894,1.56899221
1.28164082,2.26969397,0.25486027,0.26370629,0.03412283,0.12531303,0.26215365,0.00000000,0.26301075,1.52424064
1.28764382,2.22190141,0.24831354,0.26098346,0.03351000,0.12829166,0.25905910,0.00000000,0.25160615,1.47860672
1.29364682,2.17262232,0.24218594,0.25809442,0.03279169,0.13112756,0.25584088,0.00000000,0.24031786,1.43205642
1.29964982,2.12168732,0.23645063,0.25497246,0.03198054,0.13375560,0.25247836,0.00000000,0.22920817,1.38459779
1.30565283,2.06899266,0.23108975,0.25155692,0.03109121,0.13610944,0.24895216,0.00000000,0.21833800,1.33628750
1.31165583,2.01451204,0.22609611,0.24779604,0.03014018,0.13812325,0.24524557,0.00000000,0.20776603,1.28723587
1.31765883,1.95830617,0.22147418,0.24364952,0.02914538,0.13973357,0.24134623,0.00000000,0.19754810,1.23761059
1.32366183,1.90053013,0.21724043,0.23909065,0.02812578,0.14088141,0.23724773,0.00000000,0.18773681,1.18763853
1.32966483,1.84143769,0.21342299,0.23410799,0.02710107,0.14151431,0.23295133,0.00000000,0.17838130,1.13760595
1.33566783,1.78138279,0.21006072,0.22870642,0.02609119,0.14158845,0.22846742,0.00000000,0.16952730,1.08785671
1.34167084,1.72081758,0.20720162,0.22290772,0.02511597,0.14107049,0.22381665,0.00000000,0.16121732,1.03878868
1.34767384,1.66028727,0.20490082,0.21675034,0.02419471,0.13993929,0.21903071,0.00000000,0.15349098,0.99084822
1.35367684,1.60042164,0.20321812,0.21028871,0.02334585,0.13818715,0.21415260,0.00000000,0.14638538,0.94452306
1.35967984,1.54192337,0.20221514,0.20359185,0.02258664,0.13582076,0.20923623,0.00000000,0.13993557,0.90033344
1.36568284,1.48555360,0.20195241,0.19674155,0.02193286,0.13286160,0.20434555,0.00000000,0.13417489,0.85882194
1.37168584,1.43211498,0.20248627,0.18983000,0.02139863,0.12934582,0.19955293,0.00000000,0.12913529,0.82054217
1.37768884,1.38243266,0.20386581,0.18295711,0.02099618,0.12532370,0.19493710,0.00000000,0.12484745,0.78604662
1.38369185,1.33733391,0.20613005,0.17622756,0.02073577,0.12085845,0.19058046,0.00000000,0.12134078,0.75587384
1.38969485,1.29762688,0.20930534,0.16974774,0.02062565,0.11602469,0.18656616,0.00000000,0.11864320,0.73053556
1.39569785,1.26407915,0.21340310,0.16362259,0.02067195,0.11090649,0.18297484,0.00000000,0.11678076,0.71050381
1.40170085,1.23739671,0.21841816,0.15795265,0.02087879,0.10559505,0.17988132,0.00000000,0.11577697,0.69619851
1.40770385,1.21820404,0.22432746,0.15283114,0.02124823,0.10018624,0.17735142,0.00000000,0.11565208,0.68797579
1.41370685,1.20702579,0.23108952,0.14834143,0.02178041,0.09477795,0.17543893,0.00000000,0.11642213,0.68611738
1.41970985,1.20427062,0.23864439,0.14455484,0.02247359,0.08946749,0.17418314,0.00000000,0.11809785,0.69082133
1.42571286,1.21021770,0.24691432,0.14152874,0.02332425,0.08434905,0.17360676,0.00000000,0.12068360,0.70219425
1.43171586,1.22500611,0.25580490,0.13930523,0.02432720,0.07951131,0.17371465,0.00000000,0.12417612,0.72024531
1.43771886,1.24862750,0.26520688,0.13791010,0.02547566,0.07503533,0.17449312,0.00000000,0.12856342,0.74488221
1.44372186,1.28092214,0.27499843,0.13735239,0.02676142,0.07099278,0.17591017,0.00000000,0.13382362,0.77590914
1.44972486,1.32157851,0.28504774,0.13762425,0.02817494,0.06744450,0.17791636,0.00000000,0.13992391,0.81302690
1.45572786,1.37013628,0.29521601,0.13870131,0.02970545,0.06443941,0.18044649,0.00000000,0.14681972,0.85583521
1.46173087,1.42599283,0.30536060,0.14054331,0.03134119,0.06201389,0.18342191,0.00000000,0.15445395,0.90383714
1.46773387,1.48841294,0.31533826,0.14309516,0.03306948,0.06019146,0.18675336,0.00000000,0.16275656,0.95644572
1.47373687,1.55654157,0.32500841,0.14628825,0.03487697,0.05898296,0.19034421,0.00000000,0.17164434,1.01299259
1.47973987,1.62941933,0.33423618,0.15004204,0.03674985,0.05838688,0.19409402,0.00000000,0.18102108,1.07273853
1.48574287,1.70600054,0.34289537,0.15426582,0.03867404,0.05839018,0.19790215,0.00000000,0.19077807,1.13488574
1.49174587,1.78517313,0.35087105,0.15886074,0.04063543,0.05896927,0.20167131,0.00000000,0.20079503,1.19859163
1.49774887,1.86578036,0.35806179,0.16372195,0.04262014,0.06009120,0.20531093,0.00000000,0.21094144,1.26298382
1.50375188,1.94664355,0.36438155,0.16874088,0.04461472,0.06171508,0.20874016,0.00000000,0.22107839,1.32717613
1.50975488,2.02658554,0.36976107,0.17380757,0.04660636,0.06379360,0.21189046,0.00000000,0.23106082,1.39028499
1.51575788,2.10445420,0.37414891,0.17881320,0.04858305,0.06627460,0.21470761,0.00000000,0.24074024,1.45144614
1.52176088,2.17914549,0.37751192,0.18365248,0.05053368,0.06910277,0.21715310,0.00000000,0.24996782,1.50983101
1.52776388,2.24962540,0.37983542,0.18822611,0.05244812,0.07222123,0.21920495,0.00000000,0.25859782,1.56466238
1.53376688,2.31495038,0.38112290,0.19244320,0.05431722,0.07557319,0.22085787,0.00000000,0.26649124,1.61522896
1.53976988,2.37428543,0.38139537,0.19622346,0.05613267,0.07910349,0.22212280,0.00000000,0.27351963,1.66089830
1.54577289,2.42691951,0.38069043,0.19949930,0.05788692,0.08276000,0.22302598,0.00000000,0.27956880,1.70112785
1.55177589,2.47227782,0.37906096,0.20221761,0.05957293,0.08649494,0.22360745,0.00000000,0.28454244,1.73547363
1.55777889,2.50993042,0.37657372,0.20434121,0.06118396,0.09026599,0.22391926,0.00000000,0.28836536,1.76359636
1.56378189,2.53959706,0.37330761,0.20584993,0.06271325,0.09403721,0.22402329,0.00000000,0.29098623,1.78526483
1.56978489,2.56114806,0.36935186,0.20674118,0.06415381,0.09777973,0.22398895,0.00000000,0.29237973,1.80035643
1.57578789,2.57460110,0.36480405,0.20703012,0.06549811,0.10147220,0.22389070,0.00000000,0.29254787,1.80885484
1.58179090,2.58011430,0.35976808,0.20674914,0.06673794,0.10510098,0.22380561,0.00000000,0.29152049,1.81084510
1.58779390,2.57797560,0.35435206,0.20594692,0.06786423,0.10866000,0.22381093,0.00000000,0.28935475,1.80650614
1.59379690,2.56858899,0.34866613,0.20468685,0.06886710,0.11215042,0.22398174,0.00000000,0.28613381,1.79610136
1.59979990,2.55245815,0.34282040,0.20304498,0.06973584,0.11557997,0.22438886,0.00000000,0.28196438,1.77996734
1.60580290,2.53016803,0.33692275,0.20110751,0.07045919,0.11896200,0.22509679,0.00000000,0.27697362,1.75850153
1.61180590,2.50236501,0.33107681,0.19896786,0.07102561,0.12231435,0.22616202,0.00000000,0.27130514,1.73214907
1.61780890,2.46973650,0.32537996,0.19672349,0.07142369,0.12565795,0.22763144,0.00000000,0.26511450,1.70138956
1.62381191,2.43299056,0.31992143,0.19447247,0.07164263,0.12901525,0.22954105,0.00000000,0.25856425,1.66672404
1.62981491,2.39283631,0.31478059,0.19231010,0.07167282,0.13240858,0.23191488,0.00000000,0.25181881,1.62866276
1.63581791,2.34996564,0.31002538,0.19032553,0.07150637,0.13585835,0.23476411,0.00000000,0.24503935,1.58771413
1.64182091,2.30503694,0.30571097,0.18859858,0.07113770,0.13938134,0.23808645,0.00000000,0.23837890,1.54437504
1.64782391,2.25866118,0.30187862,0.18719699,0.07056405,0.14298898,0.24186581,0.00000000,0.23197788,1.49912297
1.65382691,2.21139077,0.29855498,0.18617403,0.06978587,0.14668579,0.24607218,0.00000000,0.22596029,1.45240981
1.65982991,2.16371150,0.29575154,0.18556671,0.06880721,0.15046810,0.25066183,0.00000000,0.22043069,1.40465758
1.66583292,2.11603754,0.29346463,0.18539462,0.06763590,0.15432291,0.25557785,0.00000000,0.21547196,1.35625602
1.67183592,2.06870983,0.29167574,0.18565954,0.06628358,0.15822729,0.26075106,0.00000000,0.21114422,1.30756181
1.67783892,2.02199758,0.29035230,0.18634566,0.06476565,0.16214800,0.26610124,0.00000000,0.20748456,1.25889945
1.68384192,1.97610286,0.28944900,0.18742064,0.06310101,0.16604175,0.27153889,0.00000000,0.20450786,1.21056344
1.68984492,1.93116798,0.28890949,0.18883734,0.06131177,0.16985579,0.27696731,0.00000000,0.20220856,1.16282163
1.69584792,1.88728536,0.28866863,0.19053622,0.05942277,0.17352908,0.28228512,0.00000000,0.20056314,1.11591942
1.70185093,1.84450949,0.28865504,0.19244825,0.05746105,0.17699388,0.28738920,0.00000000,0.19953335,1.07008453
1.70785393,1.80287038,0.28879418,0.19449828,0.05545536,0.18017782,0.29217791,0.00000000,0.19906995,1.02553208
1.71385693,1.76238799,0.28901157,0.19660878,0.05343553,0.18300627,0.29655446,0.00000000,0.19911673,0.98246978
1.71985993,1.72308690,0.28923620,0.19870356,0.05143197,0.18540500,0.30043050,0.00000000,0.19961463,0.94110266
1.72586293,1.68501055,0.28940402,0.20071159,0.04947511,0.18730303,0.30372954,0.00000000,0.20050575,0.90163745
1.73186593,1.64823423,0.28946128,0.20257055,0.04759499,0.18863546,0.30639023,0.00000000,0.20173703,0.86428594
1.73786893,1.61287608,0.28936748,0.20422991,0.04582086,0.18934620,0.30836923,0.00000000,0.20326336,0.82926738
1.74387194,1.57910538,0.28909804,0.20565359,0.04418078,0.18939051,0.30964343,0.00000000,0.20505001,0.79680946
1.74987494,1.54714743,0.28864616,0.20682176,0.04270141,0.18873709,0.31021158,0.00000000,0.20707428,0.76714782
1.75587794,1.51728456,0.28802408,0.20773192,0.04140768,0.18736973,0.31009494,0.00000000,0.20932607,0.74052388
1.76188094,1.48985285,0.28726335,0.20839903,0.04032258,0.18528838,0.30933704,0.00000000,0.21180759,0.71718094
1.76788394,1.46523443,0.28641422,0.20885474,0.03946689,0.18250955,0.30800241,0.00000000,0.21453208,0.69735861
1.77388694,1.44384554,0.28554405,0.20914571,0.03885891,0.17906604,0.30617434,0.00000000,0.21752161,0.68128563
1.77988994,1.42612058,0.28473488,0.20933107,0.03851411,0.17500603,0.30395171,0.00000000,0.22080409,0.66917132
1.78589295,1.41249286,0.28408002,0.20947921,0.03844475,0.17039152,0.30144503,0.00000000,0.22440974,0.66119602
1.79189595,1.40337307,0.28368013,0.20966398,0.03865945,0.16529624,0.29877191,0.00000000,0.22836717,0.65750098
1.79789895,1.39912628,0.28363867,0.20996052,0.03916270,0.15980315,0.29605215,0.00000000,0.23269929,0.65817809
1.80390195,1.40004915,0.28405724,0.21044109,0.03995437,0.15400159,0.29340268,0.00000000,0.23741946,0.66326024
1.80990495,1.40634841,0.28503080,0.21117087,0.04102920,0.14798437,0.29093283,0.00000000,0.24252800,0.67271277
1.81590795,1.41812228,0.28664324,0.21220426,0.04237631,0.14184486,0.28873988,0.00000000,0.24800940,0.68642685
1.82191096,1.43534602,0.28896342,0.21358174,0.04397886,0.13567421,0.28690553,0.00000000,0.25383052,0.70421512
1.82791396,1.45786294,0.29204205,0.21532753,0.04581379,0.12955895,0.28549319,0.00000000,0.25993975,0.72581043
1.83391696,1.48538169,0.29590936,0.21744825,0.04785174,0.12357905,0.28454645,0.00000000,0.26626756,0.75086783
1.83991996,1.51748057,0.30057398,0.21993262,0.05005719,0.11780645,0.28408879,0.00000000,0.27272815,0.77897023
1.84592296,1.55361901,0.30602283,0.22275232,0.05238885,0.11230428,0.28412451,0.00000000,0.27922243,0.80963769
1.85192596,1.59315616,0.31222217,0.22586388,0.05480027,0.10712666,0.28464083,0.00000000,0.28564211,0.84234026
1.85792896,1.63537573,0.31911960,0.22921166,0.05724079,0.10231913,0.28561113,0.00000000,0.29187467,0.87651397
1.86393197,1.67951634,0.32664697,0.23273153,0.05965666,0.09791960,0.28699889,0.00000000,0.29780900,0.91157942
1.86993497,1.72480566,0.33472393,0.23635528,0.06199242,0.09395989,0.28876232,0.00000000,0.30334148,0.94696217
1.87593797,1.77049684,0.34326183,0.24001535,0.06419247,0.09046744,0.29085917,0.00000000,0.30838191,0.98211406
1.88194097,1.81590507,0.35216777,0.24364960,0.06620273,0.08746746,0.29325147,0.00000000,0.31285926,1.01653440
1.88794397,1.86044237,0.36134847,0.24720587,0.06797238,0.08498499,0.29590988,0.00000000,0.31672654,1.04978988
1.89394697,1.90364850,0.37071372,0.25064597,0.06945549,0.08304698,0.29881726,0.00000000,0.31996474,1.08153224
1.89994997,1.94521605,0.38017918,0.25394886,0.07061266,0.08168414,0.30197124,0.00000000,0.32258543,1.11151256
1.90595298,1.98500816,0.38966838,0.25711283,0.07141236,0.08093238,0.30538563,0.00000000,0.32463178,1.13959140
1.91195598,2.02306759,0.39911376,0.26015642,0.07183206,0.08083383,0.30909037,0.00000000,0.32617799,1.16574399
1.91795898,2.05961619,0.40845683,0.26311803,0.07185907,0.08143727,0.31313022,0.00000000,0.32732702,1.19006010
1.92396198,2.09504471,0.41764739,0.26605422,0.07149093,0.08279793,0.31756201,0.00000000,0.32820667,1.21273844
1.92996498,2.12989301,0.42664194,0.26903676,0.07073549,0.08497665,0.32245076,0.00000000,0.32896422,1.23407553
1.93596798,2.16482149,0.43540160,0.27214847,0.06961059,0.08803831,0.32786477,0.00000000,0.32975987,1.25444974
1.94197099,2.20057515,0.44388952,0.27547824,0.06814333,0.09204976,0.33387007,0.00000000,0.33075920,1.27430091
1.94797399,2.23794187,0.45206828,0.27911536,0.06636904,0.09707705,0.34052447,0.00000000,0.33212514,1.29410659
1.95397699,2.27770709,0.45989736,0.28314348,0.06432995,0.10318232,0.34787172,0.00000000,0.33400978,1.31435608
1.95997999,2.32060711,0.46733101,0.28763473,0.06207364,0.11042033,0.35593597,0.00000000,0.33654647,1.33552343
1.96598299,2.36728354,0.47431675,0.29264407,0.05965138,0.11883481,0.36471713,0.00000000,0.33984252,1.35804078
1.97198599,2.41824122,0.48079459,0.29820443,0.05711636,0.12845483,0.37418714,0.00000000,0.34397310,1.38227335
1.97798899,2.47381184,0.48669719,0.30432286,0.05452205,0.13929127,0.38428779,0.00000000,0.34897634,1.40849741
1.98399200,2.53412530,0.49195084,0.31097789,0.05192054,0.15133375,0.39492985,0.00000000,0.35485016,1.43688225
1.98999500,2.59909031,0.49647739,0.31811841,0.04936117,0.16454798,0.40599401,0.00000000,0.36155091,1.46747715
1.99599800,2.66838540,0.50019695,0.32566401,0.04688933,0.17887384,0.41733327,0.00000000,0.36899383,1.50020411
2.00200100,2.74146101,0.50303120,0.33350691,0.04454558,0.19422434,0.42877698,0.00000000,0.37705546,1.53485655
2.00800400,2.81755271,0.50490715,0.34151543,0.04236503,0.21048541,0.44013607,0.00000000,0.38557782,1.57110445
2.01400700,2.89570502,0.50576110,0.34953868,0.04037711,0.22751685,0.45120953,0.00000000,0.39437422,1.60850546
2.02001001,2.97480501,0.50554260,0.35741252,0.03860553,0.24515423,0.46179148,0.00000000,0.40323642,1.64652169
2.02601301,3.05362418,0.50421808,0.36496621,0.03706862,0.26321193,0.47167878,0.00000000,0.41194292,1.68454151
2.03201601,3.13086679,0.50177415,0.37202969,0.03577986,0.28148717,0.48067859,0.00000000,0.42026788,1.72190526
2.03801901,3.20522254,0.49822011,0.37844099,0.03474861,0.29976491,0.48861566,0.00000000,0.42799042,1.75793396
2.04402201,3.27542133,0.49358983,0.38405339,0.03398095,0.31782356,0.49533893,0.00000000,0.43490385,1.79195954
2.05002501,3.34028760,0.48794269,0.38874218,0.03348062,0.33544118,0.50072719,0.00000000,0.44082436,1.82335542
2.05602801,3.39879189,0.48136374,0.39241046,0.03324991,0.35240204,0.50469355,0.00000000,0.44559900,1.85156596
2.06203102,3.45009723,0.47396288,0.39499389,0.03329054,0.36850322,0.50718857,0.00000000,0.44911236,1.87613346
2.06803402,3.49359833,0.46587336,0.39646407,0.03360436,0.38356100,0.50820196,0.00000000,0.45129189,1.89672147
2.07403702,3.52895169,0.45724947,0.39683048,0.03419395,0.39741668,0.50776281,0.00000000,0.45211145,1.91313326
2.08004002,3.55609513,0.44826364,0.39614085,0.03506293,0.40994167,0.50593844,0.00000000,0.45159310,1.92532455
2.08604302,3.57525577,0.43910300,0.39447992,0.03621606,0.42104143,0.50283198,0.00000000,0.44980685,1.93340972
2.09204602,3.58694578,0.42996559,0.39196670,0.03765911,0.43065831,0.49857882,0.00000000,0.44686859,1.93766124
2.09804902,3.59194599,0.42105619,0.38875035,0.03939844,0.43877276,0.49334214,0.00000000,0.44293602,1.93850188
2.10405203,3.59127755,0.41258200,0.38500476,0.04144032,0.44540320,0.48730769,0.00000000,0.43820293,1.93649017
2.11005503,3.58616287,0.40474809,0.38092217,0.04379008,0.45060423,0.48067820,0.00000000,0.43289194,1.93229932
2.11605803,3.57797706,0.39775286,0.37670600,0.04645102,0.45446339,0.47366741,0.00000000,0.42724591,1.92669057
2.12206103,3.56819192,0.39178340,0.37256319,0.04942328,0.45709661,0.46649411,0.00000000,0.42151856,1.92048181
2.12806403,3.55831459,0.38701085,0.36869643,0.05270255,0.45864248,0.45937628,0.00000000,0.41596440,1.91451300
2.13406703,3.54982365,0.38358590,0.36529638,0.05627887,0.45925565,0.45252558,0.00000000,0.41082858,1.90960963
2.14007004,3.54410523,0.38163438,0.36253445,0.06013551,0.45909970,0.44614223,0.00000000,0.40633693,1.90654608
2.14607304,3.54239215,0.38125309,0.36055621,0.06424795,0.45833991,0.44041047,0.00000000,0.40268674,1.90601042
2.15207604,3.54570892,0.38250601,0.35947580,0.06858320,0.45713616,0.43549465,0.00000000,0.40003847,1.90857237
2.15807904,3.55482518,0.38542091,0.35937149,0.07309934,0.45563644,0.43153611,0.00000000,0.39850902,1.91465608
2.16408204,3.57021998,0.38998667,0.36028270,0.07774547,0.45397136,0.42865075,0.00000000,0.39816653,1.92451909
2.17008504,3.59205887,0.39615140,0.36220846,0.08246207,0.45224979,0.42692752,0.00000000,0.39902735,1.93823856
2.17608804,3.62018502,0.40382146,0.36510744,0.08718175,0.45055602,0.42642766,0.00000000,0.40105493,1.95570575
2.18209105,3.65412523,0.41286169,0.36889967,0.09183048,0.44894856,0.42718487,0.00000000,0.40416104,1.97662912
2.18809405,3.69311068,0.42309691,0.37346971,0.09632920,0.44746050,0.42920621,0.00000000,0.40820907,2.00054596
2.19409705,3.73611175,0.43431467,0.37867122,0.10059579,0.44610155,0.43247382,0.00000000,0.41301945,2.02684237
2.20010005,3.78188526,0.44626959,0.38433283,0.10454735,0.44486147,0.43694730,0.00000000,0.41837689,2.05478050
2.20610305,3.82903218,0.45868887,0.39026491,0.10810270,0.44371481,0.44256667,0.00000000,0.42403906,2.08353191
2.21210605,3.87606277,0.47127925,0.39626704,0.11118496,0.44262644,0.44925578,0.00000000,0.42974654,2.11221546
2.21810905,3.92146609,0.48373494,0.40213580,0.11372417,0.44155774,0.45692595,0.00000000,0.43523339,2.13993780
2.22411206,3.96378034,0.49574645,0.40767255,0.11565975,0.44047279,0.46547977,0.00000000,0.44023794,2.16583451
2.23011506,4.00166039,0.50700998,0.41269081,0.11694271,0.43934442,0.47481473,0.00000000,0.44451335,2.18910970
2.23611806,4.03393910,0.51723694,0.41702293,0.11753760,0.43815952,0.48482660,0.00000000,0.44783733,2.20907220
2.24212106,4.05967918,0.52616321,0.42052573,0.11742390,0.43692332,0.49541230,0.00000000,0.45002075,2.22516633
2.24812406,4.07821306,0.53355786,0.42308480,0.11659699,0.43566239,0.50647219,0.00000000,0.45091449,2.23699589
2.25412706,4.08916868,0.53923074,0.42461741,0.11506848,0.43442613,0.51791155,0.00000000,0.45041459,2.24433996
2.26013007,4.09248003,0.54303874,0.42507380,0.11286607,0.43328662,0.52964125,0.00000000,0.44846509,2.24715998
2.26613307,4.08838209,0.54489035,0.42443691,0.11003265,0.43233682,0.54157766,0.00000000,0.44505877,2.24559769
2.27213607,4.07739063,0.54474829,0.42272058,0.10662508,0.43168720,0.55364170,0.00000000,0.44023571,2.23996426
2.27813907,4.06026822,0.54263008,0.41996642,0.10271226,0.43146098,0.56575721,0.00000000,0.43407972,2.23072122
2.28414207,4.03797845,0.53860665,0.41623954,0.09837298,0.43178826,0.57784884,0.00000000,0.42671302,2.21845433
2.29014507,4.01163112,0.53279876,0.41162348,0.09369337,0.43279929,0.58983954,0.00000000,0.41828938,2.20384194
2.29614807,3.98242125,0.52537172,0.40621461,0.08876419,0.43461724,0.60164798,0.00000000,0.40898618,2.18761934
2.30215108,3.95156542,0.51652846,0.40011638,0.08367804,0.43735093,0.61318615,0.00000000,0.39899580,2.17054119
2.30815408,3.92023866,0.50650136,0.39343374,0.07852660,0.44108777,0.62435718,0.00000000,0.38851680,2.15334374
2.31415708,3.88951515,0.49554312,0.38626804,0.07339806,0.44588741,0.63505393,0.00000000,0.37774532,2.13670886
2.32016008,3.86031545,0.48391728,0.37871270,0.06837473,0.45177624,0.64515821,0.00000000,0.36686716,2.12123139
2.32616308,3.83336292,0.47188853,0.37084985,0.06353099,0.45874313,0.65454094,0.00000000,0.35605080,2.10739133
2.33216608,3.80915087,0.45971354,0.36274803,0.05893170,0.46673663,0.66306327,0.00000000,0.34544184,2.09553210
2.33816908,3.78792192,0.44763239,0.35446107,0.05463088,0.47566367,0.67057873,0.00000000,0.33515877,2.08584545
2.34417209,3.76965986,0.43586116,0.34602809,0.05067096,0.48538983,0.67693627,0.00000000,0.32529052,2.07836376
2.35017509,3.75409415,0.42458587,0.33747461,0.04708243,0.49574131,0.68198413,0.00000000,0.31589553,2.07295952
2.35617809,3.74071633,0.41395797,0.32881448,0.04388389,0.50650840,0.68557444,0.00000000,0.30700245,2.06935201
2.36218109,3.72880702,0.40409158,0.32005261,0.04108252,0.51745036,0.68756822,0.00000000,0.29861224,2.06712056
2.36818409,3.71747221,0.39506238,0.31118818,0.03867488,0.52830157,0.68784064,0.00000000,0.29070155,2.06572353
2.37418709,3.70568664,0.38690842,0.30221806,0.03664805,0.53877874,0.68628634,0.00000000,0.28322704,2.06452221
2.38019010,3.69234242,0.37963239,0.29314034,0.03498090,0.54858888,0.68282441,0.00000000,0.27613041,2.06280839
2.38619310,3.67630053,0.37320551,0.28395757,0.03364565,0.55743786,0.67740289,0.00000000,0.26934384,2.05983442
2.39219610,3.65644315,0.36757263,0.27467968,0.03260946,0.56503917,0.67000261,0.00000000,0.26279554,2.05484464
2.39819910,3.63172449,0.36265835,0.26532625,0.03183609,0.57112265,0.66064002,0.00000000,0.25641516,2.04710673
2.40420210,3.60121840,0.35837380,0.25592822,0.03128753,0.57544293,0.64936899,0.00000000,0.25013872,2.03594202
2.41020510,3.56416074,0.35462385,0.24652872,0.03092560,0.57778723,0.63628144,0.00000000,0.24391296,2.02075349
2.41620810,3.51998516,0.35131427,0.23718318,0.03071340,0.57798228,0.62150667,0.00000000,0.23769894,2.00105050
2.42221111,3.46835096,0.34835856,0.22795869,0.03061656,0.57590015,0.60520942,0.00000000,0.23147461,1.97646951
2.42821411,3.40916201,0.34568421,0.21893255,0.03060438,0.57146275,0.58758666,0.00000000,0.22523655,1.94678986
2.43421711,3.34257638,0.34323788,0.21019023,0.03065068,0.56464484,0.56886326,0.00000000,0.21900061,1.91194433
2.44022011,3.26900608,0.34098948,0.20182278,0.03073443,0.55547545,0.54928655,0.00000000,0.21280160,1.87202399
2.44622311,3.18910730,0.33893478,0.19392379,0.03084010,0.54403762,0.52912000,0.00000000,0.20669213,1.82727730
2.45222611,3.10376136,0.33709645,0.18658612,0.03095781,0.53046644,0.50863627,0.00000000,0.20074061,1.77810351
2.45822911,3.01404739,0.33552361,0.17989847,0.03108314,0.51494560,0.48810978,0.00000000,0.19502856,1.72504072
2.46423212,2.92120762,0.33428965,0.17394194,0.03121679,0.49770234,0.46780914,0.00000000,0.18964750,1.66874906
2.47023512,2.82660690,0.33348872,0.16878676,0.03136398,0.47900113,0.44798968,0.00000000,0.18469536,1.60998971
2.47623812,2.73168790,0.33323085,0.16448937,0.03153371,0.45913635,0.42888636,0.00000000,0.18027287,1.54960067
2.48224112,2.63792403,0.33363603,0.16108976,0.03173786,0.43842415,0.41070735,0.00000000,0.17647980,1.48847018
2.48824412,2.54677184,0.33482764,0.15860953,0.03199019,0.41719379,0.39362860,0.00000000,0.17341150,1.42750900
2.49424712,2.45962492,0.33692545,0.15705040,0.03230533,0.39577889,0.37778946,0.00000000,0.17115563,1.36762254
2.50025013,2.37777122,0.34003870,0.15639348,0.03269775,0.37450883,0.36328972,0.00000000,0.16978947,1.30968407
2.50625313,2.30235550,0.34425951,0.15659927,0.03318076,0.35370062,0.35018809,0.00000000,0.16937767,1.25450998
2.51225613,2.23434834,0.34965714,0.15760840,0.03376571,0.33365151,0.33850215,0.00000000,0.16997063,1.20283805
2.51825913,2.17452289,0.35627325,0.15934307,0.03446116,0.31463255,0.32820993,0.00000000,0.17160362,1.15530947
2.52426213,2.12344024,0.36411861,0.16170928,0.03527240,0.29688341,0.31925281,0.00000000,0.17429651,1.11245523
2.53026513,2.08144349,0.37317115,0.16459957,0.03620099,0.28060830,0.31153987,0.00000000,0.17805406,1.07468715
2.53626813,2.04866071,0.38337583,0.16789644,0.03724464,0.26597335,0.30495323,0.00000000,0.18286694,1.04229376
2.54227114,2.02501608,0.39464591,0.17147605,0.03839721,0.25310524,0.29935434,0.00000000,0.18871307,1.01544076
2.54827414,2.01024826,0.40686585,0.17521231,0.03964889,0.24209107,0.29459079,0.00000000,0.19555940,0.99417597
2.55427714,2.00393489,0.41989539,0.17898097,0.04098661,0.23297934,0.29050342,0.00000000,0.20336387,0.97843792
2.56028014,2.00552150,0.43357474,0.18266372,0.04239459,0.22578198,0.28693332,0.00000000,0.21207743,0.96806772
2.56628314,2.01435321,0.44773047,0.18615207,0.04385489,0.22047705,0.28372853,0.00000000,0.22164602,0.96282319
2.57228614,2.02970759,0.46218169,0.18935078,0.04534816,0.21701217,0.28075005,0.00000000,0.23201228,0.96239457
2.57828914,2.05082676,0.47674638,0.19218080,0.04685438,0.21530827,0.27787696,0.00000000,0.24311699,0.96642089
2.58429215,2.07694737,0.49124718,0.19458149,0.04835353,0.21526360,0.27501055,0.00000000,0.25489999,0.97450630
2.59029515,2.10732705,0.50551678,0.19651215,0.04982628,0.21675783,0.27207716,0.00000000,0.26730072,0.98623552
2.59629815,2.14126644,0.51940227,0.19795265,0.05125456,0.21965604,0.26902993,0.00000000,0.28025818,1.00118800
2.60230115,2.17812599,0.53276856,0.19890328,0.05262210,0.22381261,0.26584921,0.00000000,0.29371046,1.01895029
2.60830415,2.21733742,0.54550072,0.19938379,0.05391474,0.22907480,0.26254199,0.00000000,0.30759385,1.03912630
2.61430715,2.25840994,0.55750522,0.19943163,0.05512074,0.23528611,0.25914020,0.00000000,0.32184166,1.06134550
2.62031016,2.30093149,0.56871025,0.19909958,0.05623088,0.24228936,0.25569839,0.00000000,0.33638290,1.08526889
2.62631316,2.34456604,0.57906512,0.19845292,0.05723848,0.24992945,0.25229068,0.00000000,0.35114089,1.11059310
2.63231616,2.38904759,0.58853924,0.19756620,0.05813934,0.25805591,0.24900748,0.00000000,0.36603214,1.13705272
2.63831916,2.43417205,0.59712050,0.19651981,0.05893157,0.26652515,0.24595198,0.00000000,0.38096552,1.16442128
2.64432216,2.47978810,0.60481372,0.19539665,0.05961533,0.27520261,0.24323681,0.00000000,0.39584188,1.19251108
2.65032516,2.52578785,0.61163899,0.19427884,0.06019264,0.28396457,0.24098084,0.00000000,0.41055439,1.22117234
2.65632816,2.57209836,0.61763038,0.19324487,0.06066702,0.29269988,0.23930642,0.00000000,0.42498940,1.25029164
2.66233117,2.61867440,0.62283486,0.19236710,0.06104323,0.30131141,0.23833702,0.00000000,0.43902820,1.27979019
2.66833417,2.66549289,0.62731165,0.19170983,0.06132693,0.30971724,0.23819527,0.00000000,0.45254928,1.30962165
2.67433717,2.71254906,0.63113186,0.19132795,0.06152444,0.31785153,0.23900146,0.00000000,0.46543130,1.33976970
2.68034017,2.75985408,0.63437834,0.19126611,0.06164242,0.32566510,0.24087229,0.00000000,0.47755645,1.37024515
2.68634317,2.80743356,0.63714557,0.19155853,0.06168765,0.33312541,0.24391984,0.00000000,0.48881413,1.40108252
2.69234617,2.85532645,0.63953936,0.19222922,0.06166673,0.34021620,0.24825057,0.00000000,0.49910460,1.43233569
2.69834917,2.90358343,0.64167620,0.19329261,0.06158589,0.34693646,0.25396408,0.00000000,0.50834257,1.46407265
2.70435218,2.95226404,0.64368200,0.19475440,0.06145077,0.35329889,0.26115178,0.00000000,0.51646020,1.49636900
2.71035518,3.00143189,0.64569008,0.19661264,0.06126616,0.35932772,0.26989493,0.00000000,0.52340968,1.52930014
2.71635818,3.05114748,0.64783824,0.19885870,0.06103583,0.36505602,0.28026239,0.00000000,0.52916482,1.56293226
2.72236118,3.10145832,0.65026496,0.20147822,0.06076239,0.37052259,0.29230766,0.00000000,0.53372185,1.59731224
2.72836418,3.15238652,0.65310472,0.20445183,0.06044706,0.37576841,0.30606560,0.00000000,0.53709916,1.63245671
2.73436718,3.20391427,0.65648257,0.20775561,0.06008964,0.38083302,0.32154864,0.00000000,0.53933604,1.66834094
2.74037019,3.25596797,0.66050828,0.21136129,0.05968843,0.38575080,0.33874282,0.00000000,0.54049059,1.70488794
2.74637319,3.30840208,0.66527024,0.21523613,0.05924021,0.39054750,0.35760384,0.00000000,0.54063677,1.74195874
2.75237619,3.36098402,0.67082958,0.21934266,0.05874038,0.39523725,0.37805334,0.00000000,0.53986095,1.77934443
2.75837919,3.41338160,0.67721486,0.22363812,0.05818308,0.39982005,0.39997577,0.00000000,0.53825808,1.81676081
2.76438219,3.46515436,0.68441772,0.22807402,0.05756148,0.40428023,0.42321616,0.00000000,0.53592775,1.85384647
2.77038519,3.51575015,0.69238992,0.23259565,0.05686811,0.40858576,0.44757900,0.00000000,0.53297054,1.89016471
2.77638819,3.56450805,0.70104195,0.23714184,0.05609525,0.41268864,0.47282858,0.00000000,0.52948462,1.92520985
2.78239120,3.61066842,0.71024357,0.24164497,0.05523544,0.41652641,0.49869091,0.00000000,0.52556311,1.95841794
2.78839420,3.65339011,0.71982634,0.24603142,0.05428198,0.42002461,0.52485741,0.00000000,0.52129212,1.98918186
2.79439720,3.69177488,0.72958803,0.25022246,0.05322941,0.42310030,0.55099021,0.00000000,0.51674971,2.01687030
2.80040020,3.72489800,0.73929899,0.25413559,0.05207411,0.42566624,0.57672927,0.00000000,0.51200564,2.04084989
2.80640320,3.75184376,0.74871008,0.25768644,0.05081464,0.42763569,0.60170082,0.00000000,0.50712195,2.06050954
2.81240620,3.77174428,0.75756178,0.26079097,0.04945223,0.42892741,0.62552707,0.00000000,0.50215430,2.07528577
2.81840920,3.78381937,0.76559417,0.26336813,0.04799096,0.42947067,0.64783658,0.00000000,0.49715370,2.08468759
2.82441221,3.78741527,0.77255715,0.26534262,0.04643797,0.42920988,0.66827516,0.00000000,0.49216857,2.08831977
2.83041521,3.78203982,0.77822048,0.26664773,0.04480342,0.42810861,0.68651645,0.00000000,0.48724688,2.08590280
2.83641821,3.76739189,0.78238298,0.26722815,0.04310038,0.42615265,0.70227204,0.00000000,0.48243803,2.07728865
2.84242121,3.74338319,0.78488059,0.26704236,0.04134447,0.42335200,0.71530031,0.00000000,0.47779435,2.06247106
2.84842421,3.71015073,0.78559271,0.26606469,0.03955349,0.41974156,0.72541392,0.00000000,0.47337191,2.04158978
2.85442721,3.66805916,0.78444663,0.26428681,0.03774680,0.41538048,0.73248521,0.00000000,0.46923069,2.01492831
2.86043022,3.61769240,0.78141972,0.26171849,0.03594470,0.41035018,0.73644959,0.00000000,0.46543374,1.98290514
2.86643322,3.55983494,0.77653950,0.25838768,0.03416771,0.40475117,0.73730653,0.00000000,0.46204570,1.94605892
2.87243622,3.49544355,0.76988140,0.25433979,0.03243581,0.39869871,0.73511823,0.00000000,0.45913032,1.90502820
2.87843922,3.42561096,0.76156455,0.24963629,0.03076773,0.39231776,0.73000609,0.00000000,0.45674748,1.86052685
2.88444222,3.35152328,0.75174580,0.24435257,0.02918026,0.38573722,0.72214501,0.00000000,0.45494963,1.81331637
2.89044522,3.27441355,0.74061233,0.23857530,0.02768763,0.37908406,0.71175614,0.00000000,0.45377801,1.76417663
2.89644822,3.19551366,0.72837325,0.23239931,0.02630104,0.37247743,0.69909805,0.00000000,0.45325887,1.71387639
2.90245123,3.11600740,0.71525068,0.22592424,0.02502828,0.36602325,0.68445720,0.00000000,0.45339990,1.66314526
2.90845423,3.03698664,0.70147069,0.21925103,0.02387357,0.35980934,0.66813776,0.00000000,0.45418720,1.61264831
2.91445723,2.95941315,0.68725462,0.21247851,0.02283744,0.35390163,0.65045158,0.00000000,0.45558303,1.56296460
2.92046023,2.88408744,0.67281098,0.20570020,0.02191692,0.34834138,0.63170853,0.00000000,0.45752444,1.51457049
2.92646323,2.81162614,0.65832855,0.19900144,0.02110573,0.34314364,0.61220770,0.00000000,0.45992298,1.46782841
2.93246623,2.74244863,0.64397063,0.19245704,0.02039467,0.33829707,0.59222975,0.00000000,0.46266565,1.42298132
2.93846923,2.67677311,0.62987077,0.18612948,0.01977218,0.33376493,0.57203067,0.00000000,0.46561693,1.38015290
2.94447224,2.61462196,0.61613003,0.18006768,0.01922483,0.32948739,0.55183711,0.00000000,0.46862202,1.33935316
2.95047524,2.55583559,0.60281582,0.17430643,0.01873804,0.32538482,0.53184332,0.00000000,0.47151115,1.30048888
2.95647824,2.50009379,0.58996219,0.16886649,0.01829665,0.32136199,0.51220977,0.00000000,0.47410468,1.26337813
2.96248124,2.44694306,0.57757150,0.16375517,0.01788565,0.31731294,0.49306330,0.00000000,0.47621897,1.22776785
2.96848424,2.39582853,0.56561735,0.15896751,0.01749072,0.31312632,0.47449865,0.00000000,0.47767266,1.19335364
2.97448724,2.34612857,0.55404849,0.15448784,0.01709881,0.30869084,0.45658128,0.00000000,0.47829318,1.15980053
2.98049025,2.29719066,0.54279357,0.15029171,0.01669862,0.30390071,0.43935116,0.00000000,0.47792319,1.12676388
2.98649325,2.24836678,0.53176655,0.14634805,0.01628094,0.29866082,0.42282735,0.00000000,0.47642673,1.09390938
2.99249625,2.19904701,0.52087245,0.14262142,0.01583894,0.29289138,0.40701306,0.00000000,0.47369482,1.06093135
2.99849925,2.14869005,0.51001329,0.13907439,0.01536830,0.28653195,0.39190107,0.00000000,0.46965035,1.02756881
3.00450225,2.09684983,0.49909401,0.13566974,0.01486727,0.27954463,0.37747914,0.00000000,0.46425204,0.99361862
3.01050525,2.04319729,0.48802828,0.13237262,0.01433664,0.27191646,0.36373527,0.00000000,0.45749738,0.95894558
3.01650825,1.98753717,0.47674384,0.12915245,0.01377955,0.26366076,0.35066268,0.00000000,0.44942444,0.92348928
3.02251126,1.92981935,0.46518741,0.12598458,0.01320129,0.25481767,0.33826411,0.00000000,0.44011253,0.88726758
3.02851426,1.87014483,0.45332886,0.12285162,0.01260904,0.24545364,0.32655566,0.00000000,0.42968169,0.85037712
3.03451726,1.80876651,0.44116475,0.11974440,0.01201156,0.23566013,0.31556963,0.00000000,0.41829100,0.81299082
3.04052026,1.74608507,0.42872083,0.11666264,0.01141879,0.22555151,0.30535662,0.00000000,0.40613588,0.77535289
3.04652326,1.68264026,0.41605370,0.11361517,0.01084156,0.21526227,0.29598654,0.00000000,0.39344432,0.73777167
3.05252626,1.61909821,0.40325135,0.11061978,0.01029120,0.20494364,0.28754864,0.00000000,0.38047226,0.70061064
3.05852926,1.55623504,0.39043268,0.10770275,0.00977925,0.19475979,0.28015043,0.00000000,0.36749812,0.66427813
3.06453227,1.49491743,0.37774585,0.10489797,0.00931707,0.18488371,0.27391553,0.00000000,0.35481673,0.62921591
3.07053527,1.43608059,0.36536555,0.10224574,0.00891564,0.17549277,0.26898048,0.00000000,0.34273264,0.59588732
3.07653827,1.38070408,0.35348921,0.09979130,0.00858526,0.16676437,0.26549043,0.00000000,0.33155306,0.56476490
3.08254127,1.32978601,0.34233219,0.09758309,0.00833531,0.15887138,0.26359411,0.00000000,0.32158043,0.53631808
3.08854427,1.28431613,0.33212204,0.09567080,0.00817407,0.15197785,0.26343778,0.00000000,0.31310491,0.51100103
3.09454727,1.24524823,0.32309208,0.09410323,0.00810858,0.14623475,0.26515878,0.00000000,0.30639672,0.48924086
3.10055028,1.21347243,0.31547421,0.09292620,0.00814440,0.14177606,0.26887852,0.00000000,0.30169868,0.47142637
3.10655328,1.18978789,0.30949152,0.09218028,0.00828556,0.13871508,0.27469538,0.00000000,0.29921899,0.45789750
3.11255628,1.17487653,0.30535047,0.09189872,0.00853441,0.13714116,0.28267774,0.00000000,0.29912440,0.44893550
3.11855928,1.16927842,0.30323333,0.09210549,0.00889148,0.13711684,0.29285734,0.00000000,0.30153404,0.44475416
3.12456228,1.17336937,0.30329074,0.09281355,0.00935548,0.13867544,0.30522349,0.00000000,0.30651403,0.44549198
3.13056528,1.18734163,0.30563491,0.09402342,0.00992317,0.14181921,0.31971816,0.00000000,0.31407307,0.45120563
3.13656828,1.21118817,0.31033349,0.09572219,0.01058934,0.14651805,0.33623245,0.00000000,0.32415926,0.46186468
3.14257129,1.24469132,0.31740462,0.09788294,0.01134680,0.15270889,0.35460464,0.00000000,0.33665822,0.47734798
3.14857429,1.28741639,0.32681298,0.10046462,0.01218641,0.16029574,0.37461990,0.00000000,0.35139291,0.49744162
3.15457729,1.33871075,0.33846745,0.10341257,0.01309714,0.16915052,0.39601198,0.00000000,0.36812493,0.52183884
3.16058029,1.39770878,0.35222015,0.10665945,0.01406619,0.17911465,0.41846679,0.00000000,0.38655778,0.55014196
3.16658329,1.46334304,0.36786719,0.11012677,0.01507913,0.19000145,0.44162793,0.00000000,0.40634179,0.58186648
3.17258629,1.53436153,0.38515114,0.11372683,0.01612014,0.20159935,0.46510405,0.00000000,0.42708094,0.61644742
3.17858929,1.60935111,0.40376507,0.11736519,0.01717224,0.21367584,0.48847781,0.00000000,0.44834127,0.65324801
3.18459230,1.68676650,0.42335835,0.12094336,0.01821763,0.22598224,0.51131620,0.00000000,0.46966083,0.69157058
3.19059530,1.76496436,0.44354383,0.12436181,0.01923805,0.23825897,0.53318184,0.00000000,0.49056091,0.73066966
3.19659830,1.84224157,0.46390645,0.12752305,0.02021513,0.25024147,0.55364493,0.00000000,0.51055812,0.76976692
3.20260130,1.91687662,0.48401289,0.13033473,0.02113084,0.26166640,0.57229527,0.00000000,0.52917707,0.80806779
3.20860430,1.98717289,0.50342212,0.13271263,0.02196790,0.27227803,0.58875405,0.00000000,0.54596319,0.84477925
3.21460730,2.05150241,0.52169641,0.13458337,0.02271018,0.28183470,0.60268482,0.00000000,0.56049511,0.87912844
3.22061031,2.10834874,0.53841258,0.13588677,0.02334313,0.29011493,0.61380328,0.00000000,0.57239639,0.91038131
3.22661331,2.15634730,0.55317304,0.13657780,0.02385412,0.29692320,0.62188554,0.00000000,0.58134592,0.93786094
3.23261631,2.19432190,0.56561633,0.13662786,0.02423280,0.30209499,0.62677439,0.00000000,0.58708673,0.96096479
3.23861931,2.22131601,0.57542675,0.13602565,0.02447130,0.30550108,0.62838354,0.00000000,0.58943283,0.97918023
3.24462231,2.23661771,0.58234272,0.13477728,0.02456448,0.30705074,0.62669947,0.00000000,0.58827389,0.99209784
3.25062531,2.23977724,0.58616370,0.13290585,0.02451001,0.30669386,0.62178102,0.00000000,0.58357745,0.99942189
3.25662831,2.23061673,0.58675528,0.13045041,0.02430842,0.30442188,0.61375666,0.00000000,0.57538877,1.00097762
3.26263132,2.20923156,0.58405234,0.12746439,0.02396307,0.30026746,0.60281959,0.00000000,0.56382826,0.99671494
3.26863432,2.17598347,0.57806014,0.12401358,0.02347998,0.29430294,0.58922089,0.00000000,0.54908668,0.98670848
3.27463732,2.13148573,0.56885335,0.12017374,0.02286767,0.28663774,0.57326113,0.00000000,0.53141833,0.97115387
3.28064032,2.07658099,0.55657297,0.11602797,0.02213690,0.27741462,0.55528053,0.00000000,0.51113261,0.95036048
3.28664332,2.01231283,0.54142144,0.11166387,0.02130035,0.26680524,0.53564839,0.00000000,0.48858423,0.92474080
3.29264632,1.93989216,0.52365594,0.10717079,0.02037223,0.25500495,0.51475193,0.00000000,0.46416265,0.89479698
3.29864932,1.86065987,0.50358037,0.10263705,0.01936796,0.24222723,0.49298522,0.00000000,0.43828097,0.86110508
3.30465233,1.77604721,0.48153618,0.09814740,0.01830373,0.22869785,0.47073833,0.00000000,0.41136497,0.82429760
3.31065533,1.68753556,0.45789246,0.09378076,0.01719612,0.21464909,0.44838740,0.00000000,0.38384250,0.78504506
3.31665833,1.59661694,0.43303575,0.08960834,0.01606172,0.20031413,0.42628566,0.00000000,0.35613365,0.74403726
3.32266133,1.50475691,0.40735987,0.08569214,0.01491678,0.18592187,0.40475595,0.00000000,0.32864209,0.70196508
3.32866433,1.41336091,0.38125623,0.08208398,0.01377692,0.17169228,0.38408476,0.00000000,0.30174760,0.65950334
3.33466733,1.32374521,0.35510492,0.07882487,0.01265683,0.15783237,0.36451802,0.00000000,0.27580014,0.61729533
3.34067034,1.23711320,0.32926682,0.07594502,0.01157008,0.14453298,0.34625870,0.00000000,0.25111546,0.57593957
3.34667334,1.15453742,0.30407709,0.07346419,0.01052895,0.13196619,0.32946609,0.00000000,0.22797210,0.53597891
3.35267634,1.07694763,0.27984013,0.07139245,0.00954434,0.12028357,0.31425685,0.00000000,0.20660991,0.49789250
3.35867934,1.00512470,0.25682598,0.06973128,0.00862573,0.10961505,0.30070742,0.00000000,0.18722982,0.46209035
3.36468234,0.93969983,0.23526845,0.06847499,0.00778118,0.10006846,0.28885775,0.00000000,0.16999460,0.42891062
3.37068534,0.88115868,0.21536455,0.06761221,0.00701741,0.09172950,0.27871594,0.00000000,0.15503057,0.39861930
3.37668834,0.82984935,0.19727534,0.06712758,0.00633986,0.08466217,0.27026351,0.00000000,0.14242988,0.37141205
3.38269135,0.78599340,0.18112799,0.06700333,0.00575285,0.07890942,0.26346096,0.00000000,0.13225313,0.34741782
3.38869435,0.74969891,0.16701863,0.06722085,0.00525976,0.07449406,0.25825326,0.00000000,0.12453217,0.32670368
3.39469735,0.72097446,0.15501594,0.06776205,0.00486317,0.07141965,0.25457506,0.00000000,0.11927290,0.30928062
3.40070035,0.69974326,0.14516517,0.06861048,0.00456503,0.06967144,0.25235512,0.00000000,0.11645782,0.29510971
3.40670335,0.68585656,0.13749218,0.06975220,0.00436691,0.06921729,0.25152003,0.00000000,0.11604831,0.28410836
3.41270635,0.67910572,0.13200750,0.07117625,0.00427011,0.07000844,0.25199680,0.00000000,0.11798660,0.27615626
3.41870935,0.67923252,0.12870995,0.07287492,0.00427587,0.07198028,0.25371444,0.00000000,0.12219733,0.27110083
3.42471236,0.68593742,0.12758988,0.07484357,0.00438545,0.07505309,0.25660443,0.00000000,0.12858884,0.26876198
3.43071536,0.69888592,0.12863168,0.07708021,0.00460030,0.07913274,0.26060020,0.00000000,0.13705413,0.26893621
3.43671836,0.71771295,0.13181567,0.07958486,0.00492208,0.08411154,0.26563573,0.00000000,0.14747176,0.27139993
3.44272136,0.74202581,0.13711915,0.08235871,0.00535274,0.08986917,0.27164360,0.00000000,0.15970660,0.27591226
3.44872436,0.77140594,0.14451682,0.08540308,0.00589444,0.09627392,0.27855256,0.00000000,0.17361073,0.28221740
3.45472736,0.80541012,0.15398037,0.08871846,0.00654960,0.10318415,0.28628513,0.00000000,0.18902441,0.29004674
3.46073037,0.84357144,0.16547750,0.09230348,0.00732068,0.11045015,0.29475530,0.00000000,0.20577735,0.29912104
3.46673337,0.88540064,0.17897038,0.09615399,0.00821014,0.11791632,0.30386669,0.00000000,0.22369020,0.30915269
3.47273637,0.93038802,0.19441364,0.10026230,0.00922016,0.12542372,0.31351152,0.00000000,0.24257638,0.31984844
3.47873937,0.97800628,0.21175202,0.10461655,0.01035245,0.13281301,0.32357023,0.00000000,0.26224417,0.33091256
3.48474237,1.02771429,0.23091780,0.10920036,0.01160794,0.13992752,0.33391221,0.00000000,0.28249891,0.34205053
3.49074537,1.07896178,0.25182814,0.11399259,0.01298653,0.14661667,0.34439744,0.00000000,0.30314540,0.35297328
3.49674837,1.13119476,0.27438240,0.11896739,0.01448671,0.15273927,0.35487900,0.00000000,0.32399025,0.36340191
3.50275138,1.18386141,0.29845958,0.12409434,0.01610523,0.15816689,0.36520642,0.00000000,0.34484403,0.37307265
3.50875438,1.23641794,0.32391597,0.12933880,0.01783681,0.16278687,0.37522950,0.00000000,0.36552319,0.38174195
3.51475738,1.28833424,0.35058323,0.13466230,0.01967381,0.16650511,0.38480257,0.00000000,0.38585156,0.38919148
3.52076038,1.33909874,0.37826677,0.14002301,0.02160596,0.16924826,0.39378866,0.00000000,0.40566141,0.39523266
3.52676338,1.38822229,0.40674483,0.14537617,0.02362019,0.17096530,0.40206355,0.00000000,0.42479393,0.39971068
3.53276638,1.43524076,0.43576818,0.15067462,0.02570044,0.17162850,0.40951921,0.00000000,0.44309922,0.40250751
3.53876938,1.47971640,0.46506061,0.15586914,0.02782770,0.17123358,0.41606655,0.00000000,0.46043581,0.40354395
3.54477239,1.52123795,0.49432036,0.16090885,0.02998004,0.16979909,0.42163730,0.00000000,0.47666985,0.40278050
3.55077539,1.55941960,0.52322249,0.16574152,0.03213282,0.16736511,0.42618484,0.00000000,0.49167400,0.40021696
3.55677839,1.59389949,0.55142236,0.17031391,0.03425900,0.16399122,0.42968403,0.00000000,0.50532634,0.39589076
3.56278139,1.62433777,0.57856017,0.17457210,0.03632961,0.15975392,0.43213006,0.00000000,0.51750944,0.38987419
3.56878439,1.65041505,0.60426662,0.17846189,0.03831427,0.15474363,0.43353647,0.00000000,0.52810968,0.38227058
3.57478739,1.67183161,0.62816956,0.18192926,0.04018193,0.14906128,0.43393256,0.00000000,0.53701726,0.37320967
3.58079040,1.68830780,0.64990161,0.18492107,0.04190156,0.14281487,0.43336031,0.00000000,0.54412665,0.36284235
3.58679340,1.69958610,0.66910851,0.18738578,0.04344303,0.13611596,0.43187121,0.00000000,0.54933800,0.35133514
3.59279640,1.70543493,0.68545791,0.18927452,0.04477794,0.12907630,0.42952313,0.00000000,0.55255915,0.33886459
3.59879940,1.70565433,0.69864849,0.19054214,0.04588048,0.12180482,0.42637759,0.00000000,0.55370849,0.32561182
3.60480240,1.70008334,0.70841886,0.19114860,0.04672824,0.11440490,0.42249742,0.00000000,0.55271831,0.31175755
3.61080540,1.68860871,0.71455600,0.19106032,0.04730299,0.10697222,0.41794522,0.00000000,0.54953871,0.29747764
3.61680840,1.67117438,0.71690285,0.19025166,0.04759125,0.09959305,0.41278240,0.00000000,0.54414158,0.28293944
3.62281141,1.64779120,0.71536459,0.18870633,0.04758487,0.09234312,0.40706900,0.00000000,0.53652457,0.26829886
3.62881441,1.61854596,0.70991344,0.18641870,0.04728129,0.08528702,0.40086412,0.00000000,0.52671472,0.25369832
3.63481741,1.58360913,0.70059150,0.18339485,0.04668373,0.07847807,0.39422683,0.00000000,0.51477133,0.23926550
3.64082041,1.54324046,0.68751159,0.17965344,0.04580115,0.07195866,0.38721738,0.00000000,0.50078811,0.22511278
3.64682341,1.49779181,0.67085584,0.17522607,0.04464799,0.06576088,0.37989854,0.00000000,0.48489399,0.21133733
3.65282641,1.44770680,0.65087217,0.17015738,0.04324380,0.05990756,0.37233676,0.00000000,0.46725292,0.19802174
3.65882941,1.39351683,0.62786854,0.16450450,0.04161260,0.05441336,0.36460303,0.00000000,0.44806212,0.18523492
3.66483242,1.33583357,0.60220544,0.15833625,0.03978224,0.04928608,0.35677328,0.00000000,0.42754916,0.17303334
3.67083542,1.27533794,0.57428661,0.15173174,0.03778348,0.04452796,0.34892807,0.00000000,0.40596772,0.16146231
3.67683842,1.21276605,0.54454864,0.14477860,0.03564917,0.04013700,0.34115167,0.00000000,0.38359237,0.15055731
3.68284142,1.14889267,0.51344973,0.13757095,0.03341327,0.03610816,0.33353049,0.00000000,0.36071240,0.14034520
3.68884442,1.08451288,0.48145807,0.13020705,0.03110992,0.03243446,0.32615081,0.00000000,0.33762513,0.13084539
3.69484742,1.02042298,0.44904044,0.12278684,0.02877257,0.02910801,0.31909627,0.00000000,0.31462899,0.12207080
3.70085043,0.95740132,0.41665131,0.11540945,0.02643315,0.02612077,0.31244489,0.00000000,0.29201651,0.11402873
3.70685343,0.89619010,0.38472308,0.10817078,0.02412133,0.02346532,0.30626627,0.00000000,0.27006771,0.10672154
3.71285643,0.83747890,0.35365759,0.10116126,0.02186398,0.02113537,0.30061888,0.00000000,0.24904403,0.10014735
3.71885943,0.78189075,0.32381933,0.09446389,0.01968467,0.01912624,0.29554793,0.00000000,0.22918306,0.09430061
3.72486243,0.72997114,0.29553047,0.08815261,0.01760339,0.01743516,0.29108384,0.00000000,0.21069424,0.08917271
3.73086543,0.68218046,0.26906777,0.08229106,0.01563636,0.01606151,0.28724161,0.00000000,0.19375558,0.08475267
3.73686843,0.63889001,0.24466147,0.07693177,0.01379600,0.01500707,0.28402117,0.00000000,0.17851153,0.08102781
3.74287144,0.60038150,0.22249586,0.07211578,0.01209106,0.01427602,0.28140866,0.00000000,0.16507195,0.07798457
3.74887444,0.56684979,0.20271159,0.06787262,0.01052680,0.01387509,0.27937876,0.00000000,0.15351204,0.07560940
3.75487744,0.53840862,0.18540925,0.06422073,0.00910529,0.01381353,0.27789778,0.00000000,0.14387332,0.07388965
3.76088044,0.51509859,0.17065410,0.06116819,0.00782577,0.01410304,0.27692746,0.00000000,0.13616535,0.07281453
3.76688344,0.49689697,0.15848148,0.05871361,0.00668508,0.01475766,0.27642919,0.00000000,0.13036811,0.07237601
3.77288644,0.48372852,0.14890267,0.05684735,0.00567808,0.01579358,0.27636837,0.00000000,0.12643491,0.07256959
3.77888944,0.47547674,0.14191079,0.05555274,0.00479807,0.01722887,0.27671856,0.00000000,0.12429565,0.07339487
3.78489245,0.47199489,0.13748646,0.05480743,0.00403726,0.01908303,0.27746524,0.00000000,0.12386029,0.07485600
3.79089545,0.47311609,0.13560288,0.05458462,0.00338712,0.02137657,0.27860876,0.00000000,0.12502242,0.07696167
3.79689845,0.47866221,0.13623016,0.05485431,0.00283880,0.02413035,0.28016636,0.00000000,0.12766276,0.07972483
3.80290145,0.48845099,0.13933861,0.05558440,0.00238339,0.02736484,0.28217297,0.00000000,0.13165264,0.08316207
3.80890445,0.50230122,0.14490093,0.05674162,0.00201224,0.03109930,0.28468078,0.00000000,0.13685722,0.08729248
3.81490745,0.52003594,0.15289318,0.05829230,0.00171715,0.03535076,0.28775744,0.00000000,0.14313848,0.09213629
3.82091046,0.54148355,0.16329454,0.06020299,0.00149054,0.04013305,0.29148302,0.00000000,0.15035806,0.09771305
3.82691346,0.56647709,0.17608587,0.06244086,0.00132559,0.04545566,0.29594587,0.00000000,0.15837966,0.10403964
3.83291646,0.59485194,0.19124723,0.06497402,0.00121632,0.05132269,0.30123753,0.00000000,0.16707126,0.11112802
3.83891946,0.62644224,0.20875457,0.06777162,0.00115764,0.05773176,0.30744693,0.00000000,0.17630703,0.11898300
3.84492246,0.66107659,0.22857567,0.07080394,0.00114537,0.06467307,0.31465435,0.00000000,0.18596895,0.12759999
3.85092546,0.69857343,0.25066586,0.07404230,0.00117623,0.07212861,0.32292530,0.00000000,0.19594818,0.13696301
3.85692846,0.73873663,0.27496359,0.07745910,0.00124785,0.08007152,0.33230480,0.00000000,0.20614624,0.14704292
3.86293147,0.78135189,0.30138636,0.08102769,0.00135875,0.08846584,0.34281235,0.00000000,0.21647598,0.15779622
3.86893447,0.82618431,0.32982728,0.08472241,0.00150825,0.09726648,0.35443790,0.00000000,0.22686235,0.16916431
3.87493747,0.87297756,0.36015269,0.08851864,0.00169655,0.10641953,0.36713909,0.00000000,0.23724320,0.18107342
3.88094047,0.92145516,0.39220097,0.09239294,0.00192459,0.11586306,0.38084001,0.00000000,0.24756984,0.19343524
3.88694347,0.97132370,0.42578304,0.09632332,0.00219411,0.12552817,0.39543144,0.00000000,0.25780774,0.20614824
3.89294647,1.02227846,0.46068449,0.10028960,0.00250757,0.13534046,0.41077283,0.00000000,0.26793712,0.21909973
3.89894947,1.07401107,0.49666956,0.10427385,0.00286813,0.14522182,0.42669575,0.00000000,0.27795359,0.23216848
3.90495248,1.12621902,0.53348694,0.10826096,0.00327966,0.15509246,0.44300874,0.00000000,0.28786881,0.24522796
3.91095548,1.17861664,0.57087712,0.11223921,0.00374663,0.16487305,0.45950341,0.00000000,0.29771110,0.25814992
3.91695848,1.23094693,0.60858115,0.11620091,0.00427411,0.17448699,0.47596139,0.00000000,0.30752593,0.27080820
3.92296148,1.28299352,0.64635033,0.12014294,0.00486764,0.18386263,0.49216174,0.00000000,0.31737635,0.28308260
3.92896448,1.33459208,0.68395635,0.12406722,0.00553315,0.19293521,0.50788862,0.00000000,0.32734300,0.29486264
3.93496748,1.38564011,0.72120126,0.12798110,0.00627683,0.20164863,0.52293865,0.00000000,0.33752377,0.30605083
3.94097049,1.43610448,0.75792666,0.13189738,0.00710494,0.20995673,0.53712760,0.00000000,0.34803290,0.31656559
3.94697349,1.48602585,0.79402152,0.13583425,0.00802358,0.21782407,0.55029612,0.00000000,0.35899934,0.32634326
3.95297649,1.53551920,0.82942780,0.13981480,0.00903850,0.22522621,0.56231418,0.00000000,0.37056432,0.33533944
3.95897949,1.58477007,0.86414360,0.14386625,0.01015474,0.23214937,0.57308395,0.00000000,0.38287789,0.34352934
3.96498249,1.63402621,0.89822317,0.14801881,0.01137642,0.23858944,0.58254110,0.00000000,0.39609457,0.35090722
3.97098549,1.68358455,0.93177363,0.15230422,0.01270633,0.24455051,0.59065432,0.00000000,0.41036792,0.35748486
3.97698849,1.73377384,0.96494828,0.15675396,0.01414565,0.25004292,0.59742326,0.00000000,0.42584415,0.36328925
3.98299150,1.78493341,0.99793662,0.16139723,0.01569362,0.25508097,0.60287504,0.00000000,0.44265503,0.36835954
3.98899450,1.83738899,1.03095139,0.16625876,0.01734726,0.25968034,0.60705943,0.00000000,0.46091011,0.37274349
3.99499750,1.89142667,1.06421318,0.17135650,0.01910107,0.26385562,0.61004327,0.00000000,0.48068872,0.37649355
4.00100050,1.94726620,1.09793329,0.17669943,0.02094692,0.26761778,0.61190430,0.00000000,0.50203200,0.37966292
4.00700350,2.00503530,1.13229581,0.18228546,0.02287386,0.27097215,0.61272484,0.00000000,0.52493547,0.38230172
4.01300650,2.06474613,1.16743969,0.18809962,0.02486813,0.27391667,0.61258586,0.00000000,0.54934248,0.38445354
4.01900950,2.12627578,1.20344197,0.19411278,0.02691320,0.27644090,0.61156164,0.00000000,0.57513903,0.38615264
4.02501251,2.18935180,1.24030308,0.20028072,0.02899000,0.27852561,0.60971547,0.00000000,0.60215040,0.38742187
4.03101551,2.25354405,1.27793511,0.20654398,0.03107715,0.28014314,0.60709657,0.00000000,0.63013987,0.38827153
4.03701851,2.31826374,1.31615389,0.21282829,0.03315133,0.28125862,0.60373854,0.00000000,0.65880993,0.38869915
4.04302151,2.38276997,1.35467537,0.21904574,0.03518780,0.28183173,0.59965919,0.00000000,0.68780607,0.38869031
4.04902451,2.44618410,1.39311672,0.22509668,0.03716091,0.28181925,0.59486197,0.00000000,0.71672317,0.38822031
4.05502751,2.50751141,1.43100227,0.23087224,0.03904468,0.28117798,0.58933864,0.00000000,0.74511452,0.38725672
4.06103052,2.56566938,1.46777421,0.23625744,0.04081346,0.27986801,0.58307319,0.00000000,0.77250309,0.38576256
4.06703352,2.61952150,1.50280744,0.24113475,0.04244255,0.27785613,0.57604649,0.00000000,0.79839479,0.38369990
4.07303652,2.66791513,1.53542829,0.24538801,0.04390885,0.27511911,0.56824147,0.00000000,0.82229319,0.38103368
4.07903952,2.70972166,1.56493601,0.24890638,0.04519135,0.27164667,0.55964841,0.00000000,0.84371502,0.37773557
4.08504252,2.74387725,1.59062620,0.25158834,0.04627176,0.26744399,0.55026993,0.00000000,0.86220596,0.37378744
4.09104552,2.76942203,1.61181516,0.25334547,0.04713485,0.26253346,0.54012531,0.00000000,0.87735584,0.36918441
4.09704852,2.78553621,1.62786395,0.25410571,0.04776879,0.25695575,0.52925390,0.00000000,0.88881268,0.36393716
4.10305153,2.79157103,1.63820130,0.25381620,0.04816542,0.25076983,0.51771722,0.00000000,0.89629481,0.35807339
4.10905453,2.78707346,1.64234414,0.25244533,0.04832033,0.24405215,0.50559967,0.00000000,0.89960062,0.35163832
4.11505753,2.77180327,1.63991512,0.24998401,0.04823286,0.23689490,0.49300774,0.00000000,0.89861538,0.34469416
4.12106053,2.74574185,1.63065628,0.24644614,0.04790606,0.22940335,0.48006775,0.00000000,0.89331487,0.33731860
4.12706353,2.70909253,1.61443841,0.24186813,0.04734642,0.22169252,0.46692208,0.00000000,0.88376566,0.32960231
4.13306653,2.66227230,1.59126590,0.23630769,0.04656369,0.21388320,0.45372428,0.00000000,0.87012198,0.32164572
4.13906953,2.60589571,1.56127684,0.22984173,0.04557050,0.20609765,0.44063318,0.00000000,0.85261954,0.31355506
4.14507254,2.54075173,1.52473871,0.22256370,0.04438204,0.19845509,0.42780634,0.00000000,0.83156638,0.30543803
4.15107554,2.46777480,1.48203980,0.21458036,0.04301561,0.19106716,0.41539324,0.00000000,0.80733145,0.29739922
4.15707854,2.38801158,1.43367699,0.20600819,0.04149021,0.18403378,0.40352854,0.00000000,0.78033132,0.28953558
4.16308154,2.30258502,1.38024042,0.19696957,0.03982615,0.17743934,0.39232583,0.00000000,0.75101573,0.28193218
4.16908454,2.21265742,1.32239590,0.18758901,0.03804463,0.17134962,0.38187220,0.00000000,0.71985271,0.27465844
4.17508754,2.11939418,1.26086563,0.17798943,0.03616730,0.16580946,0.37222385,0.00000000,0.68731383,0.26776508
4.18109055,2.02392979,1.19640823,0.16828876,0.03421596,0.16084134,0.36340322,0.00000000,0.65386023,0.26128196
4.18709355,1.92733739,1.12979878,0.15859699,0.03221213,0.15644495,0.35539751,0.00000000,0.61993010,0.25521685
4.19309655,1.83060302,1.06180946,0.14901369,0.03017680,0.15259768,0.34815895,0.00000000,0.58592795,0.24955527
4.19909955,1.73460543,0.99319167,0.13962610,0.02813013,0.14925607,0.34160663,0.00000000,0.55221599,0.24426141
4.20510255,1.64010184,0.92465994,0.13050795,0.02609115,0.14635818,0.33562991,0.00000000,0.51910802,0.23928006
4.21110555,1.54771991,0.85687821,0.12171874,0.02407761,0.14382659,0.33009324,0.00000000,0.48686561,0.23453937
4.21710855,1.45795568,0.79044865,0.11330373,0.02210574,0.14157207,0.32484205,0.00000000,0.45569685,0.22995453
4.22311156,1.37117703,0.72590324,0.10529448,0.02019012,0.13949766,0.31970962,0.00000000,0.42575720,0.22543187
4.22911456,1.28763210,0.66369819,0.09770973,0.01834358,0.13750290,0.31452434,0.00000000,0.39715240,0.22087345
4.23511756,1.20746152,0.60421100,0.09055684,0.01657707,0.13548812,0.30911721,0.00000000,0.36994300,0.21618175
4.24112056,1.13071377,0.54774009,0.08383332,0.01489966,0.13335858,0.30332907,0.00000000,0.34415006,0.21126427
4.24712356,1.05736227,0.49450675,0.07752866,0.01331848,0.13102817,0.29701735,0.00000000,0.31976178,0.20603779
4.25312656,0.98732342,0.44465900,0.07162614,0.01183882,0.12842266,0.29006191,0.00000000,0.29674045,0.20043219
4.25912956,0.92047429,0.39827706,0.06610468,0.01046409,0.12548227,0.28236972,0.00000000,0.27502946,0.19439349
4.26513257,0.85666937,0.35538007,0.06094053,0.00919602,0.12216357,0.27387833,0.00000000,0.25455996,0.18788613
4.27113557,0.79575534,0.31593357,0.05610879,0.00803467,0.11844048,0.26455782,0.00000000,0.23525691,0.18089436
4.27713857,0.73758359,0.27985756,0.05158472,0.00697867,0.11430461,0.25441129,0.00000000,0.21704428,0.17342262
4.28314157,0.68201981,0.24703452,0.04734479,0.00602531,0.10976476,0.24347394,0.00000000,0.19984922,0.16549512
4.28914457,0.62895081,0.21731745,0.04336744,0.00517079,0.10484576,0.23181079,0.00000000,0.18360526,0.15715444
4.29514757,0.57828838,0.19053729,0.03963359,0.00441036,0.09958668,0.21951325,0.00000000,0.16825435,0.14845949
4.30115058,0.52997045,0.16650994,0.03612690,0.00373853,0.09403860,0.20669478,0.00000000,0.15374792,0.13948278
4.30715358,0.48395984,0.14504233,0.03283378,0.00314926,0.08826202,0.19348581,0.00000000,0.14004709,0.13030731
4.31315658,0.44024119,0.12593780,0.02974326,0.00263615,0.08232406,0.18002830,0.00000000,0.12712203,0.12102311
4.31915958,0.39881628,0.10900057,0.02684667,0.00219259,0.07629560,0.16647021,0.00000000,0.11495084,0.11172381
4.32516258,0.35969857,0.09403931,0.02413727,0.00181197,0.07024852,0.15296000,0.00000000,0.10351789,0.10250312
4.33116558,0.32290726,0.08087001,0.02160975,0.00148772,0.06425315,0.13964163,0.00000000,0.09281210,0.09345171
4.33716858,0.28846135,0.06931796,0.01925981,0.00121353,0.05837592,0.12665006,0.00000000,0.08282496,0.08465434
4.34317159,0.25637434,0.05921921,0.01708371,0.00098337,0.05267749,0.11410752,0.00000000,0.07354880,0.07618749
4.34917459,0.22664948,0.05042141,0.01507781,0.00079160,0.04721125,0.10212058,0.00000000,0.06497513,0.06811755
4.35517759,0.19927625,0.04278420,0.01323829,0.00063298,0.04202223,0.09077814,0.00000000,0.05709330,0.06049951
4.36118059,0.17422784,0.03617926,0.01156085,0.00050276,0.03714651,0.08015029,0.00000000,0.04988949,0.05337628
4.36718359,0.15145992,0.03049011,0.01004057,0.00039664,0.03261102,0.07028802,0.00000000,0.04334607,0.04677854
4.37318659,0.13091054,0.02561174,0.00867177,0.00031080,0.02843372,0.06122368,0.00000000,0.03744123,0.04072506
4.37918959,0.11250109,0.02145012,0.00744807,0.00024189,0.02462413,0.05297215,0.00000000,0.03214905,0.03522347
4.38519260,0.09613825,0.01792166,0.00636240,0.00018697,0.02118408,0.04553251,0.00000000,0.02743975,0.03027140
4.39119560,0.08171653,0.01495266,0.00540712,0.00014353,0.01810870,0.03889007,0.00000000,0.02328025,0.02585783
4.39719860,0.06912150,0.01247885,0.00457422,0.00010942,0.01538757,0.03301881,0.00000000,0.01963488,0.02196466
4.40320160,0.05823325,0.01044488,0.00385547,0.00008285,0.01300585,0.02788377,0.00000000,0.01646613,0.01856835
4.40920460,0.04892998,0.00880392,0.00324267,0.00006229,0.01094550,0.02344360,0.00000000,0.01373556,0.01564157
4.41520760,0.04109161,0.00751732,0.00272782,0.00004651,0.00918646,0.01965298,0.00000000,0.01140467,0.01315483
4.42121061,0.03460311,0.00655433,0.00230337,0.00003449,0.00770770,0.01646482,0.00000000,0.00943569,0.01107793
4.42721361,0.02935753,0.00589179,0.00196236,0.00002539,0.00648819,0.01383235,0.00000000,0.00779230,0.00938134
4.43321661,0.02525861,0.00551392,0.00169865,0.00001857,0.00550779,0.01171077,0.00000000,0.00644033,0.00803735
4.43921961,0.02222292,0.00541206,0.00150696,0.00001348,0.00474787,0.01005878,0.00000000,0.00534819,0.00702100
4.44522261,0.02018134,0.00558442,0.00138307,0.00000972,0.00419191,0.00883961,0.00000000,0.00448734,0.00631086
4.45122561,0.01908009,0.00603574,0.00132378,0.00000696,0.00382585,0.00802183,0.00000000,0.00383243,0.00588948
4.45722861,0.01888113,0.00677690,0.00132701,0.00000495,0.00363833,0.00757986,0.00000000,0.00336152,0.00574375
4.46323162,0.01956190,0.00782439,0.00139174,0.00000349,0.00362079,0.00749409,0.00000000,0.00305603,0.00586493
4.46923462,0.02111456,0.00919973,0.00151796,0.00000245,0.00376743,0.00775083,0.00000000,0.00290063,0.00624857
4.47523762,0.02354464,0.01092857,0.00170658,0.00000170,0.00407501,0.00834190,0.00000000,0.00288305,0.00689416
4.48124062,0.02686913,0.01303980,0.00195927,0.00000118,0.00454258,0.00926407,0.00000000,0.00299380,0.00780462
4.48724362,0.03111405,0.01556431,0.00227830,0.00000081,0.00517110,0.01051824,0.00000000,0.00322581,0.00898568
4.49324662,0.03631162,0.01853365,0.00266632,0.00000055,0.00596297,0.01210848,0.00000000,0.00357402,0.01044504
4.49924962,0.04249696,0.02197847,0.00312614,0.00000037,0.00692148,0.01404092,0.00000000,0.00403495,0.01219144
4.50525263,0.04970450,0.02592676,0.00366046,0.00000025,0.00805022,0.01632249,0.00000000,0.00460620,0.01423363
4.51125563,0.05796414,0.03040203,0.00427155,0.00000017,0.00935242,0.01895967,0.00000000,0.00528601,0.01657928
4.51725863,0.06729731,0.03542129,0.00496101,0.00000011,0.01083039,0.02195717,0.00000000,0.00607274,0.01923381
4.52326163,0.07771304,0.04099312,0.00572946,0.00000007,0.01248477,0.02531659,0.00000000,0.00696443,0.02219932
4.52926463,0.08920418,0.04711574,0.00657623,0.00000005,0.01431404,0.02903525,0.00000000,0.00795839,0.02547343
4.53526763,0.10174405,0.05377519,0.00749915,0.00000003,0.01631394,0.03310507,0.00000000,0.00905076,0.02904840
4.54127064,0.11528348,0.06094383,0.00849429,0.00000002,0.01847700,0.03751169,0.00000000,0.01023625,0.03291021
4.54727364,0.12974864,0.06857915,0.00955580,0.00000001,0.02079227,0.04223375,0.00000000,0.01150788,0.03703800
4.55327664,0.14503966,0.07662293,0.01067582,0.00000001,0.02324512,0.04724257,0.00000000,0.01285679,0.04140366
4.55927964,0.16103031,0.08500109,0.01184444,0.00000001,0.02581719,0.05250202,0.00000000,0.01427225,0.04597175
4.56528264,0.17756874,0.09362397,0.01304974,0.00000000,0.02848654,0.05796885,0.00000000,0.01574163,0.05069970
4.57128564,0.19447937,0.10238736,0.01427793,0.00000000,0.03122801,0.06359332,0.00000000,0.01725062,0.05553835
4.57728864,0.21156603,0.11117417,0.01551359,0.00000000,0.03401368,0.06932018,0.00000000,0.01878342,0.06043288
4.58329165,0.22861610,0.11985671,0.01673997,0.00000000,0.03681353,0.07509000,0.00000000,0.02032315,0.06532396
4.58929465,0.24540574,0.12829963,0.01793942,0.00000000,0.03959628,0.08084074,0.00000000,0.02185223,0.07014920
4.59529765,0.26170595,0.13636336,0.01909380,0.00000000,0.04233021,0.08650960,0.00000000,0.02335289,0.07484490
4.60130065,0.27728908,0.14390796,0.02018502,0.00000000,0.04498421,0.09203487,0.00000000,0.02480770,0.07934789
4.60730365,0.29193581,0.15079723,0.02119558,0.00000000,0.04752870,0.09735791,0.00000000,0.02620011,0.08359739
4.61330665,0.30544190,0.15690292,0.02210910,0.00000000,0.04993660,0.10242502,0.00000000,0.02751495,0.08753700
4.61930965,0.31762476,0.16210884,0.02291086,0.00000000,0.05218413,0.10718910,0.00000000,0.02873893,0.09111641
4.62531266,0.32832915,0.16631473,0.02358827,0.00000000,0.05425159,0.11161100,0.00000000,0.02986100,0.09429303
4.63131566,0.33743198,0.16943961,0.02413125,0.00000000,0.05612384,0.11566060,0.00000000,0.03087270,0.09703324
4.63731866,0.34484579,0.17142454,0.02453260,0.00000000,0.05779060,0.11931729,0.00000000,0.03176827,0.09931329
4.64332166,0.35052078,0.17223468,0.02478819,0.00000000,0.05924654,0.12257008,0.00000000,0.03254475,0.10111984
4.64932466,0.35444525,0.17186037,0.02489701,0.00000000,0.06049109,0.12541717,0.00000000,0.03320186,0.10244995
4.65532766,0.35664444,0.17031741,0.02486123,0.00000000,0.06152804,0.12786506,0.00000000,0.03374178,0.10331072
4.66133067,0.35717785,0.16764635,0.02468595,0.00000000,0.06236487,0.12992715,0.00000000,0.03416879,0.10371840
4.66733367,0.35613517,0.16391092,0.02437903,0.00000000,0.06301197,0.13162214,0.00000000,0.03448887,0.10369723
4.67333667,0.35363106,0.15919561,0.02395065,0.00000000,0.06348168,0.13297203,0.00000000,0.03470913,0.10327789
4.67933967,0.34979910,0.15360265,0.02341293,0.00000000,0.06378732,0.13400014,0.00000000,0.03483731,0.10249575
4.68534267,0.34478531,0.14724834,0.02277942,0.00000000,0.06394216,0.13472905,0.00000000,0.03488117,0.10138908
4.69134567,0.33874145,0.14025912,0.02206456,0.00000000,0.06395849,0.13517877,0.00000000,0.03484801,0.09999711
4.69734867,0.33181868,0.13276740,0.02128318,0.00000000,0.06384678,0.13536510,0.00000000,0.03474419,0.09835836
4.70335168,0.32416178,0.12490745,0.02044999,0.00000000,0.06361506,0.13529846,0.00000000,0.03457476,0.09650904
4.70935468,0.31590423,0.11681149,0.01957915,0.00000000,0.06326851,0.13498315,0.00000000,0.03434322,0.09448177
4.71535768,0.30716444,0.10860604,0.01868382,0.00000000,0.06280922,0.13441711,0.00000000,0.03405139,0.09230467
4.72136068,0.29804328,0.10040890,0.01777595,0.00000000,0.06223634,0.13359225,0.00000000,0.03369947,0.09000079
4.72736368,0.28862280,0.09232657,0.01686595,0.00000000,0.06154630,0.13249523,0.00000000,0.03328613,0.08758792
4.73336668,0.27896639,0.08445239,0.01596265,0.00000000,0.06073342,0.13110873,0.00000000,0.03280885,0.08507883
4.73936968,0.26912002,0.07686527,0.01507323,0.00000000,0.05979056,0.12941307,0.00000000,0.03226422,0.08248174
4.74537269,0.25911449,0.06962917,0.01420325,0.00000000,0.05870997,0.12738807,0.00000000,0.03164846,0.07980118
4.75137569,0.24896845,0.06279307,0.01335677,0.00000000,0.05748421,0.12501505,0.00000000,0.03095784,0.07703897
4.75737869,0.23869193,0.05639154,0.01253653,0.00000000,0.05610703,0.12227877,0.00000000,0.03018919,0.07419531
4.76338169,0.22829006,0.05044576,0.01174414,0.00000000,0.05457422,0.11916927,0.00000000,0.02934037,0.07126999
4.76938469,0.21776669,0.04496484,0.01098033,0.00000000,0.05288437,0.11568345,0.00000000,0.02841068,0.06826340
4.77538769,0.20712780,0.03994748,0.01024515,0.00000000,0.05103945,0.11182626,0.00000000,0.02740116,0.06517760
4.78139070,0.19638428,0.03538362,0.00953822,0.00000000,0.04904518,0.10761147,0.00000000,0.02631482,0.06201700
4.78739370,0.18555410,0.03125633,0.00885893,0.00000000,0.04691123,0.10306198,0.00000000,0.02515677,0.05878900
4.79339670,0.17466375,0.02754349,0.00820661,0.00000000,0.04465116,0.09820964,0.00000000,0.02393420,0.05550424
4.79939970,0.16374876,0.02421951,0.00758066,0.00000000,0.04228218,0.09309461,0.00000000,0.02265627,0.05217667
4.80540270,0.15285358,0.02125684,0.00698064,0.00000000,0.03982470,0.08776426,0.00000000,0.02133388,0.04882335
4.81140570,0.14203071,0.01862729,0.00640636,0.00000000,0.03730173,0.08227186,0.00000000,0.01997943,0.04546403
4.81740870,0.13133927,0.01630323,0.00585787,0.00000000,0.03473816,0.07667486,0.00000000,0.01860637,0.04212053
4.82341171,0.12084314,0.01425856,0.00533546,0.00000000,0.03215994,0.07103316,0.00000000,0.01722891,0.03881610
4.82941471,0.11060888,0.01246948,0.00483965,0.00000000,0.02959330,0.06540726,0.00000000,0.01586158,0.03557454
4.83541771,0.10070357,0.01091520,0.00437112,0.00000000,0.02706392,0.05985648,0.00000000,0.01451885,0.03241948
4.84142071,0.09119273,0.00957847,0.00393065,0.00000000,0.02459619,0.05443738,0.00000000,0.01321480,0.02937355
4.84742371,0.08213845,0.00844605,0.00351910,0.00000000,0.02221257,0.04920235,0.00000000,0.01196288,0.02645772
4.85342671,0.07359801,0.00750916,0.00313733,0.00000000,0.01993308,0.04419854,0.00000000,0.01077567,0.02369075
4.85942971,0.06562274,0.00676388,0.00278620,0.00000000,0.01777487,0.03946705,0.00000000,0.00966482,0.02108869
4.86543272,0.05825761,0.00621165,0.00246649,0.00000000,0.01575206,0.03504258,0.00000000,0.00864102,0.01866470
4.87143572,0.05154115,0.00585970,0.00217897,0.00000000,0.01387559,0.03095327,0.00000000,0.00771409,0.01642886
4.87743872,0.04550598,0.00572167,0.00192435,0.00000000,0.01215330,0.02722101,0.00000000,0.00689316,0.01438824
4.88344172,0.04017983,0.00581817,0.00170335,0.00000000,0.01059011,0.02386195,0.00000000,0.00618691,0.01254714
4.88944472,0.03558683,0.00617748,0.00151675,0.00000000,0.00918830,0.02088729,0.00000000,0.00560391,0.01090729
4.89544772,0.03174917,0.00683619,0.00136544,0.00000000,0.00794790,0.01830420,0.00000000,0.00515295,0.00946837
4.90145073,0.02868898,0.00783994,0.00125048,0.00000000,0.00686707,0.01611692,0.00000000,0.00484346,0.00822837
4.90745373,0.02643020,0.00924400,0.00117318,0.00000000,0.00594258,0.01432788,0.00000000,0.00468584,0.00718420
4.91345673,0.02500039,0.01111375,0.00113518,0.00000000,0.00517028,0.01293877,0.00000000,0.00469189,0.00633209
4.91945973,0.02443243,0.01352504,0.00113849,0.00000000,0.00454547,0.01195162,0.00000000,0.00487504,0.00566815
4.92546273,0.02476578,0.01656412,0.00118555,0.00000000,0.00406337,0.01136966,0.00000000,0.00525063,0.00518876
4.93146573,0.02604743,0.02032740,0.00127924,0.00000000,0.00371941,0.01119806,0.00000000,0.00583600,0.00489095
4.93746873,0.02833223,0.02492054,0.00142288,0.00000000,0.00350951,0.01144433,0.00000000,0.00665050,0.00477265
4.94347174,0.03168260,0.03045719,0.00162023,0.00000000,0.00343026,0.01211864,0.00000000,0.00771529,0.00483285
4.94947474,0.03616758,0.03705695,0.00187538,0.00000000,0.00347902,0.01323364,0.00000000,0.00905307,0.00507164
4.95547774,0.04186107,0.04484275,0.00219265,0.00000000,0.00365391,0.01480417,0.00000000,0.01068751,0.00549015
4.96148074,0.04883934,0.05393751,0.00257650,0.00000000,0.00395376,0.01684650,0.00000000,0.01264259,0.00609034
4.96748374,0.05717781,0.06446002,0.00303130,0.00000000,0.00437791,0.01937739,0.00000000,0.01494168,0.00687468
4.97348674,0.06694706,0.07652023,0.00356111,0.00000000,0.00492596,0.02241286,0.00000000,0.01760653,0.00784572
4.97948974,0.07820832,0.09021389,0.00416947,0.00000000,0.00559751,0.02596667,0.00000000,0.02065602,0.00900562
4.98549275,0.09100842,0.10561677,0.00485914,0.00000000,0.00639177,0.03004868,0.00000000,0.02410488,0.01035553
4.99149575,0.10537449,0.12277861,0.00563176,0.00000000,0.00730716,0.03466305,0.00000000,0.02796224,0.01189499
4.99749875,0.12130859,0.14171702,0.00648761,0.00000000,0.00834092,0.03980650,0.00000000,0.03223030,0.01362126
5.00350175,0.13878250,0.16241162,0.00742532,0.00000000,0.00948870,0.04546644,0.00000000,0.03690290,0.01552873
5.00950475,0.15773297,0.18479875,0.00844163,0.00000000,0.01074420,0.05161943,0.00000000,0.04196434,0.01760830
5.01550775,0.17805774,0.20876707,0.00953117,0.00000000,0.01209885,0.05822979,0.00000000,0.04738832,0.01984692
5.02151076,0.19961257,0.23415431,0.01068628,0.00000000,0.01354152,0.06524855,0.00000000,0.05313718,0.02222717
5.02751376,0.22220961,0.26074562,0.01189697,0.00000000,0.01505843,0.07261284,0.00000000,0.05916150,0.02472706
5.03351676,0.24561728,0.28827365,0.01315091,0.00000000,0.01663305,0.08024585,0.00000000,0.06540010,0.02731998
5.03951976,0.26956193,0.31642069,0.01443346,0.00000000,0.01824617,0.08805726,0.00000000,0.07178048,0.02997481
5.04552276,0.29373129,0.34482287,0.01572794,0.00000000,0.01987615,0.09594434,0.00000000,0.07821978,0.03265629
5.05152576,0.31777979,0.37307667,0.01701589,0.00000000,0.02149919,0.10379366,0.00000000,0.08462621,0.03532561
5.05752876,0.34133576,0.40074734,0.01827740,0.00000000,0.02308985,0.11148340,0.00000000,0.09090095,0.03794113
5.06353177,0.36401015,0.42737934,0.01949166,0.00000000,0.02462157,0.11888616,0.00000000,0.09694052,0.04045936
5.06953477,0.38540667,0.45250835,0.02063747,0.00000000,0.02606737,0.12587228,0.00000000,0.10263950,0.04283608
5.07553777,0.40513299,0.47567441,0.02169382,0.00000000,0.02740057,0.13231343,0.00000000,0.10789347,0.04502754
5.08154077,0.42281238,0.49643573,0.02264055,0.00000000,0.02859560,0.13808643,0.00000000,0.11260216,0.04699177
5.08754377,0.43809559,0.51438263,0.02345895,0.00000000,0.02962876,0.14307713,0.00000000,0.11667261,0.04868989
5.09354677,0.45067221,0.52915092,0.02413242,0.00000000,0.03047901,0.14718408,0.00000000,0.12002216,0.05008733
5.09954977,0.46028109,0.54043417,0.02464696,0.00000000,0.03112865,0.15032193,0.00000000,0.12258130,0.05115503
5.10555278,0.46671929,0.54799426,0.02499172,0.00000000,0.03156392,0.15242437,0.00000000,0.12429599,0.05187042
5.11155578,0.46984926,0.55166976,0.02515933,0.00000000,0.03177551,0.15344645,0.00000000,0.12512961,0.05221819
5.11755878,0.46960361,0.55138166,0.02514618,0.00000000,0.03175883,0.15336614,0.00000000,0.12506422,0.05219083
5.12356178,0.46598759,0.54713614,0.02495255,0.00000000,0.03151425,0.15218514,0.00000000,0.12410123,0.05178891
5.12956478,0.45907885,0.53902443,0.02458261,0.00000000,0.03104699,0.14992881,0.00000000,0.12226132,0.05102106
5.13556778,0.44902468,0.52721948,0.02404423,0.00000000,0.03036702,0.14664523,0.00000000,0.11958371,0.04990364
5.14157079,0.43603677,0.51196986,0.02334876,0.00000000,0.02948865,0.14240354,0.00000000,0.11612479,0.04846018
5.14757379,0.42038381,0.49359107,0.02251058,0.00000000,0.02843006,0.13729150,0.00000000,0.11195612,0.04672054
5.15357679,0.40238225,0.47245467,0.02154664,0.00000000,0.02721263,0.13141243,0.00000000,0.10716197,0.04471988
5.15957979,0.38238566,0.44897581,0.02047587,0.00000000,0.02586028,0.12488182,0.00000000,0.10183650,0.04249750
5.16558279,0.36077326,0.42359975,0.01931857,0.00000000,0.02439866,0.11782351,0.00000000,0.09608071,0.04009555
5.17158579,0.33793801,0.39678788,0.01809580,0.00000000,0.02285434,0.11036583,0.00000000,0.08999926,0.03755769
5.17758879,0.31427490,0.36900399,0.01682869,0.00000000,0.02125403,0.10263779,0.00000000,0.08369732,0.03492782
5.18359180,0.29016986,0.34070120,0.01553793,0.00000000,0.01962383,0.09476542,0.00000000,0.07727770,0.03224884
5.18959480,0.26598972,0.31231024,0.01424313,0.00000000,0.01798856,0.08686853,0.00000000,0.07083807,0.02956151
5.19559780,0.24207356,0.28422922,0.01296248,0.00000000,0.01637114,0.07905784,0.00000000,0.06446875,0.02690352
5.20160080,0.21872570,0.25681547,0.01171226,0.00000000,0.01479215,0.07143276,0.00000000,0.05825077,0.02430869
5.20760380,0.19621049,0.23037937,0.01050662,0.00000000,0.01326948,0.06407960,0.00000000,0.05225455,0.02180640
5.21360680,0.17474895,0.20518043,0.00935740,0.00000000,0.01181806,0.05707057,0.00000000,0.04653894,0.01942121
5.21960980,0.15451722,0.18142547,0.00827404,0.00000000,0.01044981,0.05046316,0.00000000,0.04115085,0.01717270
5.22561281,0.13564667,0.15926873,0.00726357,0.00000000,0.00917362,0.04430031,0.00000000,0.03612526,0.01507547
5.23161581,0.11822555,0.13881382,0.00633071,0.00000000,0.00799545,0.03861081,0.00000000,0.03148569,0.01313933
5.23761881,0.10230185,0.12011711,0.00547803,0.00000000,0.00691855,0.03341036,0.00000000,0.02724491,0.01136960
5.24362181,0.08788720,0.10319223,0.00470616,0.00000000,0.00594370,0.02870273,0.00000000,0.02340602,0.00976759
5.24962481,0.07496140,0.08801548,0.00401401,0.00000000,0.00506955,0.02448135,0.00000000,0.01996363,0.00833104
5.25562781,0.06347748,0.07453171,0.00339907,0.00000000,0.00429290,0.02073086,0.00000000,0.01690525,0.00705475
5.26163082,0.05336686,0.06266038,0.00285767,0.00000000,0.00360914,0.01742887,0.00000000,0.01421260,0.00593107
5.26763382,0.04454445,0.05230159,0.00238525,0.00000000,0.00301249,0.01454759,0.00000000,0.01186302,0.00495057
5.27363682,0.03691352,0.04334179,0.00197663,0.00000000,0.00249642,0.01205544,0.00000000,0.00983076,0.00410249
5.27963982,0.03037017,0.03565895,0.00162625,0.00000000,0.00205390,0.00991847,0.00000000,0.00808815,0.00337527
5.28564282,0.02480727,0.02912731,0.00132837,0.00000000,0.00167769,0.00810171,0.00000000,0.00660664,0.00275703
5.29164582,0.02011781,0.02362121,0.00107726,0.00000000,0.00136054,0.00657020,0.00000000,0.00535775,0.00223585
5.29764882,0.01619766,0.01901839,0.00086735,0.00000000,0.00109543,0.00528993,0.00000000,0.00431374,0.00180017
5.30365183,0.01294774,0.01520251,0.00069332,0.00000000,0.00087564,0.00422855,0.00000000,0.00344823,0.00143898
5.30965483,0.01027556,0.01206499,0.00055023,0.00000000,0.00069492,0.00335585,0.00000000,0.00273658,0.00114200
5.31565783,0.00809631,0.00950623,0.00043354,0.00000000,0.00054754,0.00264414,0.00000000,0.00215620,0.00089981
5.32166083,0.00633342,0.00743635,0.00033914,0.00000000,0.00042832,0.00206841,0.00000000,0.00168671,0.00070388
5.32766383,0.00491881,0.00577539,0.00026339,0.00000000,0.00033265,0.00160641,0.00000000,0.00130997,0.00054667
5.33366683,0.00379272,0.00445321,0.00020309,0.00000000,0.00025650,0.00123865,0.00000000,0.00101007,0.00042152
5.33966983,0.00290344,0.00340906,0.00015547,0.00000000,0.00019636,0.00094822,0.00000000,0.00077324,0.00032268
5.34567284,0.00220670,0.00259099,0.00011816,0.00000000,0.00014924,0.00072068,0.00000000,0.00058769,0.00024525
5.35167584,0.00166512,0.00195509,0.00008916,0.00000000,0.00011261,0.00054380,0.00000000,0.00044345,0.00018506
5.35767884,0.00124743,0.00146466,0.00006680,0.00000000,0.00008436,0.00040739,0.00000000,0.00033221,0.00013864
5.36368184,0.00092781,0.00108938,0.00004968,0.00000000,0.00006275,0.00030301,0.00000000,0.00024709,0.00010311
5.36968484,0.00068512,0.00080443,0.00003669,0.00000000,0.00004633,0.00022375,0.00000000,0.00018246,0.00007614
5.37568784,0.00050228,0.00058975,0.00002690,0.00000000,0.00003397,0.00016404,0.00000000,0.00013377,0.00005582
5.38169085,0.00036560,0.00042926,0.00001958,0.00000000,0.00002472,0.00011940,0.00000000,0.00009736,0.00004063
5.38769385,0.00026419,0.00031020,0.00001415,0.00000000,0.00001787,0.00008628,0.00000000,0.00007036,0.00002936
5.39369685,0.00018954,0.00022255,0.00001015,0.00000000,0.00001282,0.00006190,0.00000000,0.00005048,0.00002107
5.39969985,0.00013501,0.00015852,0.00000723,0.00000000,0.00000913,0.00004409,0.00000000,0.00003596,0.00001500
5.40570285,0.00009548,0.00011211,0.00000511,0.00000000,0.00000646,0.00003118,0.00000000,0.00002543,0.00001061
5.41170585,0.00006704,0.00007871,0.00000359,0.00000000,0.00000453,0.00002189,0.00000000,0.00001785,0.00000745
5.41770885,0.00004673,0.00005487,0.00000250,0.00000000,0.00000316,0.00001526,0.00000000,0.00001244,0.00000519
5.42371186,0.00003234,0.00003797,0.00000173,0.00000000,0.00000219,0.00001056,0.00000000,0.00000861,0.00000359
5.42971486,0.00002222,0.00002609,0.00000119,0.00000000,0.00000150,0.00000726,0.00000000,0.00000592,0.00000247
5.43571786,0.00001516,0.00001780,0.00000081,0.00000000,0.00000103,0.00000495,0.00000000,0.00000404,0.00000168
5.44172086,0.00001026,0.00001205,0.00000055,0.00000000,0.00000069,0.00000335,0.00000000,0.00000273,0.00000114
5.44772386,0.00000690,0.00000810,0.00000037,0.00000000,0.00000047,0.00000225,0.00000000,0.00000184,0.00000077
5.45372686,0.00000461,0.00000541,0.00000025,0.00000000,0.00000031,0.00000150,0.00000000,0.00000123,0.00000051
5.45972986,0.00000305,0.00000359,0.00000016,0.00000000,0.00000021,0.00000100,0.00000000,0.00000081,0.00000034
5.46573287,0.00000201,0.00000236,0.00000011,0.00000000,0.00000014,0.00000066,0.00000000,0.00000054,0.00000022
5.47173587,0.00000131,0.00000154,0.00000007,0.00000000,0.00000009,0.00000043,0.00000000,0.00000035,0.00000015
5.47773887,0.00000085,0.00000100,0.00000005,0.00000000,0.00000006,0.00000028,0.00000000,0.00000023,0.00000009
5.48374187,0.00000055,0.00000064,0.00000003,0.00000000,0.00000004,0.00000018,0.00000000,0.00000015,0.00000006
5.48974487,0.00000035,0.00000041,0.00000002,0.00000000,0.00000002,0.00000011,0.00000000,0.00000009,0.00000004
5.49574787,0.00000022,0.00000026,0.00000001,0.00000000,0.00000002,0.00000007,0.00000000,0.00000006,0.00000002
5.50175088,0.00000014,0.00000016,0.00000001,0.00000000,0.00000001,0.00000005,0.00000000,0.00000004,0.00000002
5.50775388,0.00000009,0.00000010,0.00000000,0.00000000,0.00000001,0.00000003,0.00000000,0.00000002,0.00000001
5.51375688,0.00000005,0.00000006,0.00000000,0.00000000,0.00000000,0.00000002,0.00000000,0.00000001,0.00000001
5.51975988,0.00000003,0.00000004,0.00000000,0.00000000,0.00000000,0.00000001,0.00000000,0.00000001,0.00000000
5.52576288,0.00000002,0.00000002,0.00000000,0.00000000,0.00000000,0.00000001,0.00000000,0.00000001,0.00000000
5.53176588,0.00000001,0.00000001,0.00000000,0.00000000,0.00000000,0.00000000,0.00000000,0.00000000,0.00000000
5.53776888,0.00000001,0.00000001,0.00000000,0.00000000,0.00000000,0.00000000,0.00000000,0.00000000,0.00000000
5.54377189,0.00000000,0.00000001,0.00000000,0.00000000,0.00000000,0.00000000,0.00000000,0.00000000,0.00000000
5.54977489,0.00000000,0.00000000,0.00000000,0.00000000,0.00000000,0.00000000,0.00000000,0.00000000,0.00000000
5.55577789,0.00000000,0.00000000,0.00000000,0.00000000,0.00000000,0.00000000,0.00000000,0.00000000,0.00000000
5.56178089,0.00000000,0.00000000,0.00000000,0.00000000,0.00000000,0.00000000,0.00000000,0.00000000,0.00000000
5.56778389,0.00000000,0.00000000,0.00000000,0.00000000,0.00000000,0.00000000,0.00000000,0.00000000,0.00000000
5.57378689,0.00000000,0.00000000,0.00000000,0.00000000,0.00000000,0.00000000,0.00000000,0.00000000,0.00000000
5.57978989,0.00000000,0.00000000,0.00000000,0.00000000,0.00000000,0.00000000,0.00000000,0.00000000,0.00000000
5.58579290,0.00000000,0.00000000,0.00000000,0.00000000,0.00000000,0.00000000,0.00000000,0.00000000,0.00000000
5.59179590,0.00000000,0.00000000,0.00000000,0.00000000,0.00000000,0.00000000,0.00000000,0.00000000,0.00000000
5.59779890,0.00000000,0.00000000,0.00000000,0.00000000,0.00000000,0.00000000,0.00000000,0.00000000,0.00000000
5.60380190,0.00000000,0.00000000,0.00000000,0.00000000,0.00000000,0.00000000,0.00000000,0.00000000,0.00000000
5.60980490,0.00000000,0.00000000,0.00000000,0.00000000,0.00000000,0.00000000,0.00000000,0.00000000,0.00000000
5.61580790,0.00000000,0.00000000,0.00000000,0.00000000,0.00000000,0.00000000,0.00000000,0.00000000,0.00000000
5.62181091,0.00000000,0.00000000,0.00000000,0.00000000,0.00000000,0.00000000,0.00000000,0.00000000,0.00000000
5.62781391,0.00000000,0.00000000,0.00000000,0.00000000,0.00000000,0.00000000,0.00000000,0.00000000,0.00000000
5.63381691,0.00000000,0.00000000,0.00000000,0.00000000,0.00000000,0.00000000,0.00000000,0.00000000,0.00000000
5.63981991,0.00000000,0.00000000,0.00000000,0.00000000,0.00000000,0.00000000,0.00000000,0.00000000,0.00000000
5.64582291,0.00000000,0.00000000,0.00000000,0.00000000,0.00000000,0.00000000,0.00000000,0.00000000,0.00000000
5.65182591,0.00000000,0.00000000,0.00000000,0.00000000,0.00000000,0.00000000,0.00000000,0.00000000,0.00000000
5.65782891,0.00000000,0.00000000,0.00000000,0.00000000,0.00000000,0.00000000,0.00000000,0.00000000,0.00000000
5.66383192,0.00000000,0.00000000,0.00000000,0.00000000,0.00000000,0.00000000,0.00000000,0.00000000,0.00000000
5.66983492,0.00000000,0.00000000,0.00000000,0.00000000,0.00000000,0.00000000,0.00000000,0.00000000,0.00000000
5.67583792,0.00000000,0.00000000,0.00000000,0.00000000,0.00000000,0.00000000,0.00000000,0.00000000,0.00000000
5.68184092,0.00000000,0.00000000,0.00000000,0.00000000,0.00000000,0.00000000,0.00000000,0.00000000,0.00000000
5.68784392,0.00000000,0.00000000,0.00000000,0.00000000,0.00000000,0.00000000,0.00000000,0.00000000,0.00000000
5.69384692,0.00000000,0.00000000,0.00000000,0.00000000,0.00000000,0.00000000,0.00000000,0.00000000,0.00000000
5.69984992,0.00000000,0.00000000,0.00000000,0.00000000,0.00000000,0.00000000,0.00000000,0.00000000,0.00000000
5.70585293,0.00000000,0.00000000,0.00000000,0.00000000,0.00000000,0.00000000,0.00000000,0.00000000,0.00000000
5.71185593,0.00000000,0.00000000,0.00000000,0.00000000,0.00000000,0.00000000,0.00000000,0.00000000,0.00000000
5.71785893,0.00000000,0.00000000,0.00000000,0.00000000,0.00000000,0.00000000,0.00000000,0.00000000,0.00000000
5.72386193,0.00000000,0.00000000,0.00000000,0.00000000,0.00000000,0.00000000,0.00000000,0.00000000,0.00000000
5.72986493,0.00000000,0.00000000,0.00000000,0.00000000,0.00000000,0.00000000,0.00000000,0.00000000,0.00000000
5.73586793,0.00000000,0.00000000,0.00000000,0.00000000,0.00000000,0.00000000,0.00000000,0.00000000,0.00000000
5.74187094,0.00000000,0.00000000,0.00000000,0.00000000,0.00000000,0.00000000,0.00000000,0.00000000,0.00000000
5.74787394,0.00000000,0.00000000,0.00000000,0.00000000,0.00000000,0.00000000,0.00000000,0.00000000,0.00000000
5.75387694,0.00000000,0.00000000,0.00000000,0.00000000,0.00000000,0.00000000,0.00000000,0.00000000,0.00000000
5.75987994,0.00000000,0.00000000,0.00000000,0.00000000,0.00000000,0.00000000,0.00000000,0.00000000,0.00000000
5.76588294,0.00000000,0.00000000,0.00000000,0.00000000,0.00000000,0.00000000,0.00000000,0.00000000,0.00000000
5.77188594,0.00000000,0.00000000,0.00000000,0.00000000,0.00000000,0.00000000,0.00000000,0.00000000,0.00000000
5.77788894,0.00000000,0.00000000,0.00000000,0.00000000,0.00000000,0.00000000,0.00000000,0.00000000,0.00000000
5.78389195,0.00000000,0.00000000,0.00000000,0.00000000,0.00000000,0.00000000,0.00000000,0.00000000,0.00000000
5.78989495,0.00000000,0.00000000,0.00000000,0.00000000,0.00000000,0.00000000,0.00000000,0.00000000,0.00000000
5.79589795,0.00000000,0.00000000,0.00000000,0.00000000,0.00000000,0.00000000,0.00000000,0.00000000,0.00000000
5.80190095,0.00000000,0.00000000,0.00000000,0.00000000,0.00000000,0.00000000,0.00000000,0.00000000,0.00000000
5.80790395,0.00000000,0.00000000,0.00000000,0.00000000,0.00000000,0.00000000,0.00000000,0.00000000,0.00000000
5.81390695,0.00000000,0.00000000,0.00000000,0.00000000,0.00000000,0.00000000,0.00000000,0.00000000,0.00000000
5.81990995,0.00000000,0.00000000,0.00000000,0.00000000,0.00000000,0.00000000,0.00000000,0.00000000,0.00000000
5.82591296,0.00000000,0.00000000,0.00000000,0.00000000,0.00000000,0.00000000,0.00000000,0.00000000,0.00000000
5.83191596,0.00000000,0.00000000,0.00000000,0.00000000,0.00000000,0.00000000,0.00000000,0.00000000,0.00000000
5.83791896,0.00000000,0.00000000,0.00000000,0.00000000,0.00000000,0.00000000,0.00000000,0.00000000,0.00000000
5.84392196,0.00000000,0.00000000,0.00000000,0.00000000,0.00000000,0.00000000,0.00000000,0.00000000,0.00000000
5.84992496,0.00000000,0.00000000,0.00000000,0.00000000,0.00000000,0.00000000,0.00000000,0.00000000,0.00000000
5.85592796,0.00000000,0.00000000,0.00000000,0.00000000,0.00000000,0.00000000,0.00000000,0.00000000,0.00000000
5.86193097,0.00000000,0.00000000,0.00000000,0.00000000,0.00000000,0.00000000,0.00000000,0.00000000,0.00000000
5.86793397,0.00000000,0.00000000,0.00000000,0.00000000,0.00000000,0.00000000,0.00000000,0.00000000,0.00000000
5.87393697,0.00000000,0.00000000,0.00000000,0.00000000,0.00000000,0.00000000,0.00000000,0.00000000,0.00000000
5.87993997,0.00000000,0.00000000,0.00000000,0.00000000,0.00000000,0.00000000,0.00000000,0.00000000,0.00000000
5.88594297,0.00000000,0.00000000,0.00000000,0.00000000,0.00000000,0.00000000,0.00000000,0.00000000,0.00000000
5.89194597,0.00000000,0.00000000,0.00000000,0.00000000,0.00000000,0.00000000,0.00000000,0.00000000,0.00000000
5.89794897,0.00000000,0.00000000,0.00000000,0.00000000,0.00000000,0.00000000,0.00000000,0.00000000,0.00000000
5.90395198,0.00000000,0.00000000,0.00000000,0.00000000,0.00000000,0.00000000,0.00000000,0.00000000,0.00000000
5.90995498,0.00000000,0.00000000,0.00000000,0.00000000,0.00000000,0.00000000,0.00000000,0.00000000,0.00000000
5.91595798,0.00000000,0.00000000,0.00000000,0.00000000,0.00000000,0.00000000,0.00000000,0.00000000,0.00000000
5.92196098,0.00000000,0.00000000,0.00000000,0.00000000,0.00000000,0.00000000,0.00000000,0.00000000,0.00000000
5.92796398,0.00000000,0.00000000,0.00000000,0.00000000,0.00000000,0.00000000,0.00000000,0.00000000,0.00000000
5.93396698,0.00000000,0.00000000,0.00000000,0.00000000,0.00000000,0.00000000,0.00000000,0.00000000,0.00000000
5.93996998,0.00000000,0.00000000,0.00000000,0.00000000,0.00000000,0.00000000,0.00000000,0.00000000,0.00000000
5.94597299,0.00000000,0.00000000,0.00000000,0.00000000,0.00000000,0.00000000,0.00000000,0.00000000,0.00000000
5.95197599,0.00000000,0.00000000,0.00000000,0.00000000,0.00000000,0.00000000,0.00000000,0.00000000,0.00000000
5.95797899,0.00000000,0.00000000,0.00000000,0.00000000,0.00000000,0.00000000,0.00000000,0.00000000,0.00000000
5.96398199,0.00000000,0.00000000,0.00000000,0.00000000,0.00000000,0.00000000,0.00000000,0.00000000,0.00000000
5.96998499,0.00000000,0.00000000,0.00000000,0.00000000,0.00000000,0.00000000,0.00000000,0.00000000,0.00000000
5.97598799,0.00000000,0.00000000,0.00000000,0.00000000,0.00000000,0.00000000,0.00000000,0.00000000,0.00000000
5.98199100,0.00000000,0.00000000,0.00000000,0.00000000,0.00000000,0.00000000,0.00000000,0.00000000,0.00000000
5.98799400,0.00000000,0.00000000,0.00000000,0.00000000,0.00000000,0.00000000,0.00000000,0.00000000,0.00000000
5.99399700,0.00000000,0.00000000,0.00000000,0.00000000,0.00000000,0.00000000,0.00000000,0.00000000,0.00000000
6.00000000,0.00000000,0.00000000,0.00000000,0.00000000,0.00000000,0.00000000,0.00000000,0.00000000,0.00000000
