energy_ev,total_up,Ca_p_up,Ca_d_up,N_s_up,N_p_up,Se_s_up,Se_p_up,Y_p_up,Y_d_up
-6.00000000,1.10204122,0.01445087,0.00000000,0.00022736,0.02985374,0.00396531,0.67667984,0.37081336,0.13869497
-5.99399700,1.01846955,0.01348425,0.00000000,0.00019760,0.02660678,0.00357236,0.62701242,0.34581517,0.12718776
-5.98799400,0.93887091,0.01255482,0.00000000,0.00017254,0.02366767,0.00321556,0.57949320,0.32174548,0.11631932
-5.98199100,0.86371887,0.01166763,0.00000000,0.00015197,0.02103140,0.00289638,0.53444552,0.29876847,0.10614489
-5.97598799,0.79343957,0.01082715,0.00000000,0.00013570,0.01869392,0.00261621,0.49216169,0.27703261,0.09671406
-5.96998499,0.72841287,0.01003733,0.00000000,0.00012357,0.01665236,0.00237638,0.45290334,0.25667127,0.08807110
-5.96398199,0.66897503,0.00930164,0.00000000,0.00011544,0.01490522,0.00217813,0.41690281,0.23780370,0.08025546
-5.95797899,0.61542237,0.00862313,0.00000000,0.00011122,0.01345272,0.00202269,0.38436512,0.22053614,0.07330254
-5.95197599,0.56801572,0.00800448,0.00000000,0.00011085,0.01229696,0.00191125,0.35547044,0.20496298,0.06724446
-5.94597299,0.52698484,0.00744807,0.00000000,0.00011432,0.01144227,0.00184496,0.33037658,0.19116785,0.06211096
-5.93996998,0.49253253,0.00695602,0.00000000,0.00012162,0.01089534,0.00182498,0.30922122,0.17922433,0.05793020
-5.93396698,0.46483790,0.00653020,0.00000000,0.00013279,0.01066551,0.00185243,0.29212362,0.16919643,0.05472942
-5.92796398,0.44405824,0.00617224,0.00000000,0.00014790,0.01076484,0.00192840,0.27918559,0.16113861,0.05253550
-5.92196098,0.43032946,0.00588358,0.00000000,0.00016702,0.01120813,0.00205388,0.27049142,0.15509520,0.05137513
-5.91595798,0.42376464,0.00566535,0.00000000,0.00019023,0.01201293,0.00222977,0.26610683,0.15109952,0.05127475
-5.90995498,0.42445070,0.00551840,0.00000000,0.00021760,0.01319926,0.00245677,0.26607675,0.14917237,0.05226012
-5.90395198,0.43244338,0.00544320,0.00000000,0.00024923,0.01478931,0.00273535,0.27042213,0.14932023,0.05435551
-5.89794897,0.44776048,0.00543977,0.00000000,0.00028514,0.01680693,0.00306567,0.27913584,0.15153318,0.05758251
-5.89194597,0.47037387,0.00550764,0.00000000,0.00032536,0.01927696,0.00344747,0.29217794,0.15578258,0.06195855
-5.88594297,0.50020067,0.00564571,0.00000000,0.00036988,0.02222440,0.00388003,0.30947053,0.16201890,0.06749506
-5.87993997,0.53709400,0.00585222,0.00000000,0.00041863,0.02567341,0.00436210,0.33089265,0.17016962,0.07419546
-5.87393697,0.58083407,0.00612464,0.00000000,0.00047148,0.02964621,0.00489179,0.35627549,0.18013753,0.08205302
-5.86793397,0.63112002,0.00645967,0.00000000,0.00052827,0.03416179,0.00546655,0.38539830,0.19179957,0.09104860
-5.86193097,0.68756331,0.00685319,0.00000000,0.00058875,0.03923464,0.00608315,0.41798543,0.20500625,0.10114862
-5.85592796,0.74968301,0.00730022,0.00000000,0.00065263,0.04487338,0.00673764,0.45370482,0.21958199,0.11230313
-5.84992496,0.81690371,0.00779499,0.00000000,0.00071953,0.05107942,0.00742538,0.49216814,0.23532620,0.12444423
-5.84392196,0.88855634,0.00833098,0.00000000,0.00078905,0.05784570,0.00814105,0.53293292,0.25201532,0.13748500
-5.83791896,0.96388212,0.00890096,0.00000000,0.00086070,0.06515557,0.00887873,0.57550658,0.26940583,0.15131893
-5.83191596,1.04203987,0.00949714,0.00000000,0.00093398,0.07298187,0.00963198,0.61935265,0.28723802,0.16582004
-5.82591296,1.12211673,0.01011131,0.00000000,0.00100832,0.08128628,0.01039394,0.66389884,0.30524062,0.18084371
-5.81990995,1.20314187,0.01073494,0.00000000,0.00108316,0.09001895,0.01115742,0.70854689,0.32313596,0.19622827
-5.81390695,1.28410317,0.01135939,0.00000000,0.00115790,0.09911860,0.01191505,0.75268397,0.34064574,0.21179736
-5.80790395,1.36396620,0.01197611,0.00000000,0.00123196,0.10851288,0.01265942,0.79569515,0.35749695,0.22736302
-5.80190095,1.44169506,0.01257679,0.00000000,0.00130474,0.11811932,0.01338318,0.83697658,0.37342788,0.24272947
-5.79589795,1.51627433,0.01315355,0.00000000,0.00137569,0.12784666,0.01407919,0.87594898,0.38819408,0.25769746
-5.78989495,1.58673155,0.01369914,0.00000000,0.00144429,0.13759657,0.01474065,0.91207080,0.40157381,0.27206907
-5.78389195,1.65215930,0.01420711,0.00000000,0.00151006,0.14726587,0.01536120,0.94485080,0.41337306,0.28565281
-5.77788894,1.71173635,0.01467191,0.00000000,0.00157257,0.15674902,0.01593501,0.97385941,0.42342982,0.29826877
-5.77188594,1.76474703,0.01508907,0.00000000,0.00163146,0.16594095,0.01645686,0.99873857,0.43161748,0.30975378
-5.76588294,1.81059824,0.01545527,0.00000000,0.00168645,0.17474007,0.01692222,1.01920975,0.43784732,0.31996626
-5.75987994,1.84883362,0.01576841,0.00000000,0.00173730,0.18305134,0.01732732,1.03507980,0.44206995,0.32879051
-5.75387694,1.87914427,0.01602761,0.00000000,0.00178390,0.19078931,0.01766913,1.04624466,0.44427575,0.33614053
-5.74787394,1.90137589,0.01623327,0.00000000,0.00182619,0.19788104,0.01794547,1.05269060,0.44449426,0.34196283
-5.74187094,1.91553195,0.01638699,0.00000000,0.00186419,0.20426871,0.01815497,1.05449325,0.44279263,0.34623846
-5.73586793,1.92177296,0.01649153,0.00000000,0.00189802,0.20991182,0.01829712,1.05181437,0.43927318,0.34898389
-5.72986493,1.92041175,0.01655068,0.00000000,0.00192788,0.21478888,0.01837224,1.04489652,0.43407012,0.35025092
-5.72386193,1.91190501,0.01656918,0.00000000,0.00195405,0.21889853,0.01838155,1.03405598,0.42734570,0.35012539
-5.71785893,1.89684130,0.01655254,0.00000000,0.00197687,0.22225998,0.01832708,1.01967400,0.41928572,0.34872487
-5.71185593,1.87592592,0.01650689,0.00000000,0.00199676,0.22491267,0.01821172,1.00218688,0.41009471,0.34619543
-5.70585293,1.84996305,0.01643875,0.00000000,0.00201422,0.22691532,0.01803919,0.98207498,0.39999089,0.34270740
-5.69984992,1.81983575,0.01635492,0.00000000,0.00202979,0.22834424,0.01781400,0.95985117,0.38920099,0.33845057
-5.69384692,1.78648429,0.01626220,0.00000000,0.00204408,0.22929094,0.01754139,0.93604898,0.37795512,0.33362876
-5.68784392,1.75088357,0.01616722,0.00000000,0.00205775,0.22985930,0.01722731,0.91121072,0.36648190,0.32845406
-5.68184092,1.71402015,0.01607625,0.00000000,0.00207151,0.23016216,0.01687832,0.88587595,0.35500379,0.32314093
-5.67583792,1.67686960,0.01599502,0.00000000,0.00208612,0.23031775,0.01650150,0.86057050,0.34373295,0.31790039
-5.66983492,1.64037480,0.01592855,0.00000000,0.00210240,0.23044578,0.01610437,0.83579638,0.33286763,0.31293448
-5.66383192,1.60542582,0.01588104,0.00000000,0.00212122,0.23066365,0.01569471,0.81202268,0.32258905,0.30843109
-5.65782891,1.57284178,0.01585571,0.00000000,0.00214350,0.23108267,0.01528051,0.78967773,0.31305910,0.30455952
-5.65182591,1.54335537,0.01585478,0.00000000,0.00217025,0.23180467,0.01486975,0.76914262,0.30441865,0.30146666
-5.64582291,1.51760016,0.01587941,0.00000000,0.00220251,0.23291892,0.01447029,0.75074618,0.29678657,0.29927404
-5.63981991,1.49610111,0.01592969,0.00000000,0.00224145,0.23449952,0.01408973,0.73476139,0.29025946,0.29807574
-5.63381691,1.47926835,0.01600471,0.00000000,0.00228827,0.23660346,0.01373525,0.72140336,0.28491200,0.29793720
-5.62781391,1.46739418,0.01610257,0.00000000,0.00234427,0.23926926,0.01341351,0.71082871,0.28079786,0.29889488
-5.62181091,1.46065334,0.01622054,0.00000000,0.00241081,0.24251617,0.01313050,0.70313625,0.27795106,0.30095677
-5.61580790,1.45910608,0.01635516,0.00000000,0.00248930,0.24634415,0.01289144,0.69836892,0.27638775,0.30410359
-5.60980490,1.46270394,0.01650240,0.00000000,0.00258117,0.25073435,0.01270076,0.69651674,0.27610816,0.30829068
-5.60380190,1.47129771,0.01665780,0.00000000,0.00268785,0.25565018,0.01256198,0.69752065,0.27709865,0.31345036
-5.59779890,1.48464715,0.01681668,0.00000000,0.00281071,0.26103881,0.01247771,0.70127697,0.27933383,0.31949473
-5.59179590,1.50243205,0.01697427,0.00000000,0.00295098,0.26683313,0.01244964,0.70764233,0.28277847,0.32631870
-5.58579290,1.52426409,0.01712589,0.00000000,0.00310974,0.27295394,0.01247854,0.71643893,0.28738924,0.33380320
-5.57978989,1.54969909,0.01726709,0.00000000,0.00328777,0.27931241,0.01256431,0.72745978,0.29311613,0.34181840
-5.57378689,1.57824924,0.01739380,0.00000000,0.00348556,0.28581258,0.01270602,0.74047400,0.29990357,0.35022687
-5.56778389,1.60939494,0.01750237,0.00000000,0.00370312,0.29235396,0.01290195,0.75523185,0.30769116,0.35888664
-5.56178089,1.64259598,0.01758974,0.00000000,0.00394001,0.29883401,0.01314971,0.77146957,0.31641405,0.36765402
-5.55577789,1.67730186,0.01765341,0.00000000,0.00419518,0.30515056,0.01344626,0.78891375,0.32600300,0.37638615
-5.54977489,1.71296101,0.01769148,0.00000000,0.00446698,0.31120404,0.01378801,0.80728546,0.33638422,0.38494333
-5.54377189,1.74902891,0.01770268,0.00000000,0.00475308,0.31689941,0.01417093,0.82630386,0.34747890,0.39319099
-5.53776888,1.78497497,0.01768630,0.00000000,0.00505047,0.32214792,0.01459059,0.84568947,0.35920267,0.40100145
-5.53176588,1.82028831,0.01764215,0.00000000,0.00535549,0.32686853,0.01504224,0.86516701,0.37146505,0.40825528
-5.52576288,1.85448225,0.01757052,0.00000000,0.00566384,0.33098901,0.01552086,0.88446793,0.38416879,0.41484247
-5.51975988,1.88709782,0.01747207,0.00000000,0.00597069,0.33444678,0.01602124,0.90333246,0.39720944,0.42066336
-5.51375688,1.91770617,0.01734780,0.00000000,0.00627076,0.33718935,0.01653803,0.92151153,0.41047503,0.42562925
-5.50775388,1.94591016,0.01719891,0.00000000,0.00655846,0.33917451,0.01706572,0.93876821,0.42384589,0.42966289
-5.50175088,1.97134510,0.01702674,0.00000000,0.00682806,0.34037026,0.01759875,0.95487902,0.43719487,0.43269877
-5.49574787,1.99367892,0.01683272,0.00000000,0.00707385,0.34075442,0.01813143,0.96963501,0.45038773,0.43468324
-5.48974487,2.01261188,0.01661829,0.00000000,0.00729036,0.34031410,0.01865806,0.98284263,0.46328394,0.43557457
-5.48374187,2.02787601,0.01638483,0.00000000,0.00747249,0.33904493,0.01917287,0.99432457,0.47573774,0.43534283
-5.47773887,2.03923457,0.01613364,0.00000000,0.00761579,0.33695023,0.01967005,1.00392051,0.48759961,0.43396979
-5.47173587,2.04648165,0.01586592,0.00000000,0.00771655,0.33404013,0.02014378,1.01148799,0.49871811,0.43144875
-5.46573287,2.04944219,0.01558273,0.00000000,0.00777199,0.33033059,0.02058829,1.01690332,0.50894205,0.42778437
-5.45972986,2.04797265,0.01528505,0.00000000,0.00778039,0.32584263,0.02099785,1.02006280,0.51812300,0.42299247
-5.45372686,2.04196249,0.01497374,0.00000000,0.00774115,0.32060151,0.02136687,1.02088416,0.52611821,0.41709994
-5.44772386,2.03133651,0.01464960,0.00000000,0.00765487,0.31463621,0.02168997,1.01930839,0.53279376,0.41014465
-5.44172086,2.01605823,0.01431343,0.00000000,0.00752330,0.30797895,0.02196208,1.01530182,0.53802797,0.40217536
-5.43571786,1.99613423,0.01396604,0.00000000,0.00734938,0.30066505,0.02217857,1.00885870,0.54171506,0.39325174
-5.42971486,1.97161929,0.01360836,0.00000000,0.00713709,0.29273286,0.02233538,1.00000390,0.54376876,0.38344437
-5.42371186,1.94262210,0.01324147,0.00000000,0.00689137,0.28422402,0.02242914,0.98879587,0.54412600,0.37283481
-5.41770885,1.90931137,0.01286668,0.00000000,0.00661797,0.27518381,0.02245735,0.97532958,0.54275039,0.36151550
-5.41170585,1.87192171,0.01248559,0.00000000,0.00632327,0.26566165,0.02241849,0.95973929,0.53963528,0.34958981
-5.40570285,1.83075900,0.01210015,0.00000000,0.00601409,0.25571168,0.02231219,0.94220088,0.53480648,0.33717175
-5.39969985,1.78620470,0.01171272,0.00000000,0.00569753,0.24539341,0.02213926,0.92293359,0.52832418,0.32438576
-5.39369685,1.73871859,0.01132607,0.00000000,0.00538071,0.23477225,0.02190181,0.90220075,0.52028411,0.31136617
-5.38769385,1.68883956,0.01094345,0.00000000,0.00507065,0.22392006,0.02160328,0.88030954,0.51081775,0.29825654
-5.38169085,1.63718405,0.01056859,0.00000000,0.00477403,0.21291545,0.02124837,0.85760935,0.50009151,0.28520874
-5.37568784,1.58444188,0.01020565,0.00000000,0.00449712,0.20184398,0.02084300,0.83448880,0.48830477,0.27238183
-5.36968484,1.53136944,0.00985925,0.00000000,0.00424557,0.19079806,0.02039415,0.81137124,0.47568688,0.25994065
-5.36368184,1.47878009,0.00953437,0.00000000,0.00402436,0.17987670,0.01990972,0.78870891,0.46249304,0.24805428
-5.35767884,1.42753222,0.00923633,0.00000000,0.00383772,0.16918493,0.01939825,0.76697568,0.44899929,0.23689428
-5.35167584,1.37851509,0.00897069,0.00000000,0.00368908,0.15883308,0.01886870,0.74665879,0.43549667,0.22663277
-5.34567284,1.33263297,0.00874314,0.00000000,0.00358108,0.14893571,0.01833013,0.72824963,0.42228482,0.21744044
-5.33966983,1.29078823,0.00855946,0.00000000,0.00351557,0.13961054,0.01779143,0.71223403,0.40966516,0.20948452
-5.33366683,1.25386385,0.00842532,0.00000000,0.00349367,0.13097705,0.01726099,0.69908229,0.39793396,0.20292671
-5.32766383,1.22270599,0.00834627,0.00000000,0.00351580,0.12315507,0.01674645,0.68923939,0.38737559,0.19792117
-5.32166083,1.19810738,0.00832754,0.00000000,0.00358178,0.11626332,0.01625443,0.68311555,0.37825603,0.19461261
-5.31565783,1.18079175,0.00837396,0.00000000,0.00369089,0.11041782,0.01579034,0.68107764,0.37081696,0.19313445
-5.30965483,1.17140000,0.00848986,0.00000000,0.00384199,0.10573040,0.01535826,0.68344146,0.36527064,0.19360709
-5.30365183,1.17047822,0.00867894,0.00000000,0.00403361,0.10230715,0.01496081,0.69046513,0.36179555,0.19613631
-5.29764882,1.17846782,0.00894420,0.00000000,0.00426400,0.10024694,0.01459914,0.70234378,0.36053298,0.20081179
-5.29164582,1.19569778,0.00928782,0.00000000,0.00453124,0.09964000,0.01427302,0.71920535,0.36158455,0.20770568
-5.28564282,1.22237888,0.00971107,0.00000000,0.00483331,0.10056649,0.01398087,0.74110762,0.36501070,0.21687124
-5.27963982,1.25859988,0.01021427,0.00000000,0.00516811,0.10309520,0.01371998,0.76803632,0.37082992,0.22834164
-5.27363682,1.30432521,0.01079668,0.00000000,0.00553353,0.10728221,0.01348667,0.79990419,0.37901882,0.24212861
-5.26763382,1.35939417,0.01145644,0.00000000,0.00592745,0.11316962,0.01327652,0.83655083,0.38951294,0.25822129
-5.26163082,1.42352115,0.01219053,0.00000000,0.00634772,0.12078436,0.01308462,0.87774341,0.40220796,0.27658506
-5.25562781,1.49629685,0.01299474,0.00000000,0.00679217,0.13013697,0.01290581,0.92317779,0.41696159,0.29716040
-5.24962481,1.57719035,0.01386362,0.00000000,0.00725855,0.14122049,0.01273490,0.97248046,0.43359573,0.31986188
-5.24362181,1.66555194,0.01479045,0.00000000,0.00774448,0.15400938,0.01256689,1.02521090,0.45189907,0.34457735
-5.23761881,1.76061682,0.01576730,0.00000000,0.00824739,0.16845859,0.01239717,1.08086475,0.47163007,0.37116723
-5.23161581,1.86150984,0.01678504,0.00000000,0.00876444,0.18450268,0.01222162,1.13887760,0.49252021,0.39946420
-5.22561281,1.96725150,0.01783338,0.00000000,0.00929250,0.20205518,0.01203678,1.19862990,0.51427774,0.42927322
-5.21960980,2.07676551,0.01890100,0.00000000,0.00982803,0.22100814,0.01183986,1.25945278,0.53659179,0.46037201
-5.21360680,2.18888820,0.01997565,0.00000000,0.01036706,0.24123192,0.01162880,1.32063527,0.55913694,0.49251204
-5.20760380,2.30238007,0.02104434,0.00000000,0.01090518,0.26257528,0.01140225,1.38143287,0.58157835,0.52542016
-5.20160080,2.41593981,0.02209351,0.00000000,0.01143754,0.28486591,0.01115957,1.44107765,0.60357734,0.55880083
-5.19559780,2.52822075,0.02310930,0.00000000,0.01195882,0.30791123,0.01090073,1.49878983,0.62479745,0.59233904
-5.18959480,2.63785002,0.02407779,0.00000000,0.01246337,0.33149978,0.01062628,1.55379094,0.64491096,0.62570396
-5.18359180,2.74345011,0.02498531,0.00000000,0.01294526,0.35540294,0.01033727,1.60531823,0.66360568,0.65855314
-5.17758879,2.84366276,0.02581876,0.00000000,0.01339841,0.37937724,0.01003518,1.65264028,0.68059202,0.69053746
-5.17158579,2.93717458,0.02656592,0.00000000,0.01381677,0.40316713,0.00972184,1.69507323,0.69560994,0.72130651
-5.16558279,3.02274403,0.02721581,0.00000000,0.01419451,0.42650820,0.00939936,1.73199751,0.70843583,0.75051446
-5.15957979,3.09922891,0.02775898,0.00000000,0.01452618,0.44913090,0.00907013,1.76287428,0.71888884,0.77782626
-5.15357679,3.16561369,0.02818785,0.00000000,0.01480700,0.47076465,0.00873669,1.78726119,0.72683671,0.80292400
-5.14757379,3.22103573,0.02849692,0.00000000,0.01503303,0.49114227,0.00840180,1.80482689,0.73220052,0.82551328
-5.14157079,3.26480941,0.02868309,0.00000000,0.01520142,0.51000469,0.00806833,1.81536361,0.73495854,0.84532945
-5.13556778,3.29644741,0.02874573,0.00000000,0.01531057,0.52710580,0.00773928,1.81879731,0.73514860,0.86214345
-5.12956478,3.31567810,0.02868687,0.00000000,0.01536033,0.54221733,0.00741775,1.81519490,0.73286918,0.87576728
-5.12356178,3.32245829,0.02851120,0.00000000,0.01535208,0.55513363,0.00710692,1.80476809,0.72827885,0.88605860
-5.11755878,3.31698069,0.02822606,0.00000000,0.01528883,0.56567624,0.00681000,1.78787350,0.72159421,0.89292461
-5.11155578,3.29967548,0.02784131,0.00000000,0.01517521,0.57369803,0.00653022,1.76500887,0.71308612,0.89632489
-5.10555278,3.27120570,0.02736915,0.00000000,0.01501743,0.57908684,0.00627074,1.73680529,0.70307457,0.89627309
-5.09954977,3.23245624,0.02682385,0.00000000,0.01482312,0.58176849,0.00603464,1.70401542,0.69192191,0.89283740
-5.09354677,3.18451660,0.02622143,0.00000000,0.01460121,0.58170897,0.00582478,1.66749803,0.68002501,0.88613976
-5.08754377,3.12865753,0.02557928,0.00000000,0.01436161,0.57891579,0.00564381,1.62819911,0.66780615,0.87635368
-5.08154077,3.06630229,0.02491569,0.00000000,0.01411492,0.57343830,0.00549397,1.58712998,0.65570317,0.86370083
-5.07553777,2.99899301,0.02424939,0.00000000,0.01387211,0.56536706,0.00537711,1.54534316,0.64415892,0.84844626
-5.06953477,2.92835320,0.02359906,0.00000000,0.01364412,0.55483219,0.00529453,1.50390638,0.63361039,0.83089257
-5.06353177,2.85604731,0.02298282,0.00000000,0.01344143,0.54200063,0.00524691,1.46387582,0.62447774,0.81137296
-5.05752876,2.78373864,0.02241774,0.00000000,0.01327369,0.52707255,0.00523426,1.42626905,0.61715348,0.79024346
-5.05152576,2.71304675,0.02191936,0.00000000,0.01314935,0.51027678,0.00525585,1.39203868,0.61199218,0.76787451
-5.04552276,2.64550560,0.02150129,0.00000000,0.01307525,0.49186561,0.00531017,1.36204742,0.60930085,0.74464213
-5.03951976,2.58252383,0.02117482,0.00000000,0.01305638,0.47210886,0.00539494,1.33704534,0.60933028,0.72091894
-5.03351676,2.52534819,0.02094861,0.00000000,0.01309562,0.45128767,0.00550710,1.31764989,0.61226763,0.69706523
-5.02751376,2.47503138,0.02082848,0.00000000,0.01319356,0.42968795,0.00564286,1.30432946,0.61823039,0.67342054
-5.02151076,2.43240521,0.02081722,0.00000000,0.01334848,0.40759388,0.00579776,1.29739084,0.62726193,0.65029574
-5.01550775,2.39805995,0.02091460,0.00000000,0.01355631,0.38528156,0.00596680,1.29697088,0.63932879,0.62796608
-5.00950475,2.37233043,0.02111733,0.00000000,0.01381079,0.36301305,0.00614453,1.30303281,0.65431982,0.60666537
-5.00350175,2.35528936,0.02141922,0.00000000,0.01410366,0.34103104,0.00632519,1.31536705,0.67204730,0.58658135
-4.99749875,2.34674816,0.02181137,0.00000000,0.01442497,0.31955415,0.00650287,1.33359676,0.69224993,0.56785263
-4.99149575,2.34626515,0.02228241,0.00000000,0.01476339,0.29877321,0.00667169,1.35718773,0.71459789,0.55056702
-4.98549275,2.35316103,0.02281891,0.00000000,0.01510670,0.27884851,0.00682597,1.38546262,0.73869974,0.53476155
-4.97948974,2.36654114,0.02340570,0.00000000,0.01544221,0.25990801,0.00696036,1.41761892,0.76411113,0.52042398
-4.97348674,2.38532398,0.02402639,0.00000000,0.01575730,0.24204673,0.00707006,1.45275038,0.79034522,0.50749581
-4.96748374,2.40827504,0.02466379,0.00000000,0.01603982,0.22532713,0.00715088,1.48987131,0.81688449,0.49587675
-4.96148074,2.43404521,0.02530042,0.00000000,0.01627864,0.20978046,0.00719945,1.52794307,0.84319374,0.48543031
-4.95547774,2.46121250,0.02591901,0.00000000,0.01646406,0.19540910,0.00721324,1.56590224,0.86873400,0.47599053
-4.94947474,2.48832602,0.02650298,0.00000000,0.01658812,0.18218958,0.00719068,1.60268956,0.89297703,0.46736940
-4.94347174,2.51395080,0.02703691,0.00000000,0.01664498,0.17007624,0.00713115,1.63727908,0.91541987,0.45936493
-4.93746873,2.53671236,0.02750695,0.00000000,0.01663103,0.15900543,0.00703503,1.66870667,0.93559927,0.45176937
-4.93146573,2.55533948,0.02790119,0.00000000,0.01654509,0.14889985,0.00690363,1.69609705,0.95310533,0.44437749
-4.92546273,2.56870407,0.02821000,0.00000000,0.01638833,0.13967313,0.00673917,1.71868874,0.96759414,0.43699458
-4.91945973,2.57585674,0.02842628,0.00000000,0.01616428,0.13123425,0.00654465,1.73585605,0.97879878,0.42944387
-4.91345673,2.57605715,0.02854558,0.00000000,0.01587857,0.12349177,0.00632383,1.74712758,0.98653847,0.42157317
-4.90745373,2.56879799,0.02856629,0.00000000,0.01553873,0.11635773,0.00608103,1.75220046,0.99072540,0.41326057
-4.90145073,2.55382192,0.02848956,0.00000000,0.01515386,0.10975106,0.00582107,1.75095009,0.99136890,0.40441898
-4.89544772,2.53113092,0.02831931,0.00000000,0.01473425,0.10360041,0.00554909,1.74343473,0.98857695,0.39499939
-4.88944472,2.50098762,0.02806205,0.00000000,0.01429101,0.09784650,0.00527045,1.72989494,0.98255453,0.38499284
-4.88344172,2.46390874,0.02772666,0.00000000,0.01383562,0.09244374,0.00499061,1.71074777,0.97359909,0.37443100
-4.87743872,2.42065073,0.02732411,0.00000000,0.01337957,0.08736131,0.00471502,1.68657573,0.96209303,0.36338550
-4.87143572,2.37218813,0.02686716,0.00000000,0.01293396,0.08258363,0.00444898,1.65811091,0.94849340,0.35196593
-4.86543272,2.31968547,0.02636989,0.00000000,0.01250917,0.07811037,0.00419763,1.62621466,0.93331907,0.34031676
-4.85942971,2.26446361,0.02584737,0.00000000,0.01211453,0.07395589,0.00396583,1.59185360,0.91713581,0.32861331
-4.85342671,2.20796166,0.02531512,0.00000000,0.01175814,0.07014844,0.00375811,1.55607238,0.90053964,0.31705682
-4.84742371,2.15169586,0.02478877,0.00000000,0.01144663,0.06672890,0.00357870,1.51996441,0.88413904,0.30586901
-4.84142071,2.09721665,0.02428351,0.00000000,0.01118508,0.06374942,0.00343142,1.48464124,0.86853665,0.29528615
-4.83541771,2.04606540,0.02381373,0.00000000,0.01097694,0.06127180,0.00331978,1.45120161,0.85431088,0.28555294
-4.82941471,1.99973206,0.02339260,0.00000000,0.01082407,0.05936581,0.00324689,1.42070107,0.84199831,0.27691634
-4.82341171,1.95961509,0.02303175,0.00000000,0.01072670,0.05810743,0.00321549,1.39412318,0.83207718,0.26961954
-4.81740870,1.92698453,0.02274093,0.00000000,0.01068361,0.05757708,0.00322802,1.37235284,0.82495273,0.26389618
-4.81140570,1.90294944,0.02252776,0.00000000,0.01069219,0.05785780,0.00328652,1.35615282,0.82094472,0.25996501
-4.80540270,1.88843010,0.02239762,0.00000000,0.01074861,0.05903346,0.00339270,1.34614364,0.82027759,0.25802491
-4.79939970,1.88413577,0.02235345,0.00000000,0.01084796,0.06118698,0.00354789,1.34278764,0.82307354,0.25825056
-4.79339670,1.89054808,0.02239574,0.00000000,0.01098443,0.06439843,0.00375303,1.34637717,0.82934863,0.26078861
-4.78739370,1.90791033,0.02252254,0.00000000,0.01115151,0.06874326,0.00400862,1.35702739,0.83901216,0.26575440
-4.78139070,1.93622256,0.02272951,0.00000000,0.01134210,0.07429036,0.00431466,1.37467341,0.85186907,0.27322927
-4.77538769,1.97524223,0.02301008,0.00000000,0.01154877,0.08110014,0.00467058,1.39907195,0.86762543,0.28325845
-4.76938469,2.02449017,0.02335562,0.00000000,0.01176384,0.08922254,0.00507518,1.42980722,0.88589669,0.29584939
-4.76338169,2.08326159,0.02375563,0.00000000,0.01197958,0.09869508,0.00552656,1.46630071,0.90621846,0.31097071
-4.75737869,2.15064147,0.02419807,0.00000000,0.01218836,0.10954080,0.00602198,1.50782485,0.92805935,0.32855160
-4.75137569,2.22552413,0.02466961,0.00000000,0.01238278,0.12176638,0.00655787,1.55351982,0.95083563,0.34848173
-4.74537269,2.30663639,0.02515599,0.00000000,0.01255580,0.13536026,0.00712970,1.60241350,0.97392712,0.37061171
-4.73936968,2.39256391,0.02564234,0.00000000,0.01270088,0.15029094,0.00773198,1.65344380,0.99669387,0.39475405
-4.73336668,2.48178012,0.02611356,0.00000000,0.01281204,0.16650559,0.00835825,1.70548309,1.01849320,0.42068474
-4.72736368,2.57267737,0.02655471,0.00000000,0.01288406,0.18392888,0.00900107,1.75736418,1.03869655,0.44814538
-4.72136068,2.66359967,0.02695130,0.00000000,0.01291246,0.20246229,0.00965211,1.80790727,1.05670570,0.47684599
-4.71535768,2.75287631,0.02728976,0.00000000,0.01289364,0.22198380,0.01030228,1.85594723,1.07196791,0.50646838
-4.70935468,2.83885598,0.02755765,0.00000000,0.01282492,0.24234822,0.01094181,1.90036069,1.08398955,0.53667023
-4.70335168,2.91994036,0.02774409,0.00000000,0.01270459,0.26338801,0.01156049,1.94009210,1.09234788,0.56708975
-4.69734867,2.99461665,0.02783995,0.00000000,0.01253192,0.28491474,0.01214791,1.97417823,1.09670062,0.59735094
-4.69134567,3.06148806,0.02783810,0.00000000,0.01230716,0.30672118,0.01269366,2.00177024,1.09679307,0.62706928
-4.68534267,3.11930163,0.02773361,0.00000000,0.01203155,0.32858399,0.01318767,2.02215279,1.09246260,0.65585788
-4.67933967,3.16697231,0.02752382,0.00000000,0.01170721,0.35026696,0.01362046,2.03475951,1.08364046,0.68333391
-4.67333667,3.20360294,0.02720842,0.00000000,0.01133717,0.37152475,0.01398347,2.03918430,1.07035080,0.70912510
-4.66733367,3.22849911,0.02678942,0.00000000,0.01092522,0.39210707,0.01426930,2.03518806,1.05270705,0.73287621
-4.66133067,3.24117869,0.02627103,0.00000000,0.01047581,0.41176314,0.01447196,2.02270064,1.03090590,0.75425539
-4.65532766,3.24137568,0.02565955,0.00000000,0.00999401,0.43024636,0.01458712,2.00181789,1.00521897,0.77296005
-4.64932466,3.22903822,0.02496309,0.00000000,0.00948527,0.44731906,0.01461220,1.97279394,0.97598267,0.78872230
-4.64332166,3.20432094,0.02419134,0.00000000,0.00895540,0.46275718,0.01454652,1.93602900,0.94358665,0.80131362
-4.63731866,3.16757211,0.02335521,0.00000000,0.00841036,0.47635471,0.01439128,1.89205329,0.90846113,0.81054888
-4.63131566,3.11931610,0.02246647,0.00000000,0.00785615,0.48792790,0.01414956,1.84150753,0.87106386,0.81628931
-4.62531266,3.06023190,0.02153740,0.00000000,0.00729870,0.49731896,0.01382620,1.78512110,0.83186699,0.81844464
-4.61930965,2.99112884,0.02058038,0.00000000,0.00674370,0.50439924,0.01342762,1.72368852,0.79134440,0.81697415
-4.61330665,2.91292031,0.01960755,0.00000000,0.00619654,0.50907181,0.01296163,1.65804529,0.74996000,0.81188682
-4.60730365,2.82659670,0.01863045,0.00000000,0.00566223,0.51127338,0.01243712,1.58904417,0.70815727,0.80324044
-4.60130065,2.73319869,0.01765970,0.00000000,0.00514525,0.51097542,0.01186381,1.51753256,0.66635036,0.79113979
-4.59529765,2.63379171,0.01670481,0.00000000,0.00464960,0.50818461,0.01125190,1.44433207,0.62491709,0.77573401
-4.58929465,2.52944260,0.01577391,0.00000000,0.00417870,0.50294248,0.01061177,1.37022069,0.58419380,0.75721317
-4.58329165,2.42119914,0.01487370,0.00000000,0.00373538,0.49532437,0.00995370,1.29591838,0.54447220,0.73580419
-4.57728864,2.31007283,0.01400936,0.00000000,0.00332196,0.48543762,0.00928757,1.22207610,0.50599812,0.71176618
-4.57128564,2.19702548,0.01318453,0.00000000,0.00294020,0.47341919,0.00862262,1.14926870,0.46897201,0.68538536
-4.56528264,2.08295941,0.01240144,0.00000000,0.00259140,0.45943267,0.00796725,1.07799145,0.43355098,0.65696967
-4.55927964,1.96871140,0.01166100,0.00000000,0.00227647,0.44366475,0.00732890,1.00866002,0.39985218,0.62684314
-4.55327664,1.85504988,0.01096297,0.00000000,0.00199596,0.42632137,0.00671393,0.94161362,0.36795710,0.59534023
-4.54727364,1.74267509,0.01030618,0.00000000,0.00175022,0.40762350,0.00612755,0.87712075,0.33791664,0.56280013
-4.54127064,1.63222170,0.00968873,0.00000000,0.00153946,0.38780272,0.00557389,0.81538699,0.30975652,0.52956127
-4.53526763,1.52426312,0.00910825,0.00000000,0.00136383,0.36709678,0.00505601,0.75656425,0.28348281,0.49595609
-4.52926463,1.41931717,0.00856212,0.00000000,0.00122357,0.34574508,0.00457598,0.70076084,0.25908730,0.46230607
-4.52326163,1.31785224,0.00804769,0.00000000,0.00111908,0.32398437,0.00413500,0.64805181,0.23655253,0.42891728
-4.51725863,1.22029373,0.00756247,0.00000000,0.00105099,0.30204465,0.00373356,0.59848891,0.21585626,0.39607644
-4.51125563,1.12703000,0.00710430,0.00000000,0.00102029,0.28014539,0.00337152,0.55210991,0.19697525,0.36404750
-4.50525263,1.03841778,0.00667146,0.00000000,0.00102831,0.25849218,0.00304836,0.50894665,0.17988839,0.33306898
-4.49924962,0.95478651,0.00626280,0.00000000,0.00107687,0.23727389,0.00276320,0.46903177,0.16457892,0.30335183
-4.49324662,0.87644167,0.00587773,0.00000000,0.00116819,0.21666031,0.00251504,0.43240384,0.15103599,0.27507809
-4.48724362,0.80366686,0.00551631,0.00000000,0.00130495,0.19680048,0.00230280,0.39911084,0.13925536,0.24840015
-4.48124062,0.73672483,0.00517915,0.00000000,0.00149026,0.17782145,0.00212543,0.36921195,0.12923950,0.22344077
-4.47523762,0.67585731,0.00486740,0.00000000,0.00172754,0.15982785,0.00198200,0.34277782,0.12099701,0.20029359
-4.46923462,0.62128394,0.00458266,0.00000000,0.00202049,0.14290182,0.00187172,0.31988941,0.11454145,0.17902427
-4.46323162,0.57320041,0.00432688,0.00000000,0.00237292,0.12710369,0.00179395,0.30063558,0.10988984,0.15967214
-4.45722861,0.53177594,0.00410227,0.00000000,0.00278861,0.11247294,0.00174821,0.28510964,0.10706067,0.14225216
-4.45122561,0.49715034,0.00391116,0.00000000,0.00327114,0.09902977,0.00173416,0.27340516,0.10607178,0.12675729
-4.44522261,0.46943079,0.00375588,0.00000000,0.00382368,0.08677687,0.00175153,0.26561119,0.10693799,0.11316099
-4.43921961,0.44868862,0.00363870,0.00000000,0.00444875,0.07570157,0.00180009,0.26180721,0.10966876,0.10141989
-4.43321661,0.43495607,0.00356166,0.00000000,0.00514802,0.06577805,0.00187955,0.26205798,0.11426589,0.09147650
-4.42721361,0.42822338,0.00352653,0.00000000,0.00592208,0.05696974,0.00198950,0.26640858,0.12072132,0.08326184
-4.42121061,0.42843625,0.00353474,0.00000000,0.00677021,0.04923166,0.00212933,0.27487974,0.12901529,0.07669797
-4.41520760,0.43549377,0.00358731,0.00000000,0.00769021,0.04251271,0.00229816,0.28746368,0.13911469,0.07170033
-4.40920460,0.44924706,0.00368481,0.00000000,0.00867823,0.03675784,0.00249476,0.30412068,0.15097197,0.06817989
-4.40320160,0.46949846,0.00382734,0.00000000,0.00972866,0.03190997,0.00271748,0.32477632,0.16452439,0.06604504
-4.39719860,0.49600165,0.00401456,0.00000000,0.01083411,0.02791170,0.00296426,0.34931964,0.17969381,0.06520311
-4.39119560,0.52846240,0.00424566,0.00000000,0.01198536,0.02470673,0.00323252,0.37760214,0.19638701,0.06556177
-4.38519260,0.56654018,0.00451938,0.00000000,0.01317151,0.02224095,0.00351925,0.40943769,0.21449648,0.06702996
-4.37918959,0.60985045,0.00483408,0.00000000,0.01438012,0.02046326,0.00382092,0.44460325,0.23390157,0.06951867
-4.37318659,0.65796765,0.00518771,0.00000000,0.01559743,0.01932602,0.00413361,0.48284045,0.25447019,0.07294139
-4.36718359,0.71042865,0.00557789,0.00000000,0.01680869,0.01878524,0.00445301,0.52385771,0.27606059,0.07721425
-4.36118059,0.76673670,0.00600190,0.00000000,0.01799850,0.01880048,0.00477452,0.56733297,0.29852340,0.08225604
-4.35517759,0.82636554,0.00645674,0.00000000,0.01915129,0.01933451,0.00509334,0.61291677,0.32170368,0.08798794
-4.34917459,0.88876369,0.00693913,0.00000000,0.02025169,0.02035278,0.00540457,0.66023558,0.34544291,0.09433308
-4.34317159,0.95335861,0.00744550,0.00000000,0.02128508,0.02182271,0.00570333,0.70889522,0.36958067,0.10121598
-4.33716858,1.01956080,0.00797202,0.00000000,0.02223800,0.02371289,0.00598491,0.75848420,0.39395614,0.10856188
-4.33116558,1.08676758,0.00851457,0.00000000,0.02309864,0.02599227,0.00624485,0.80857701,0.41840913,0.11629602
-4.32516258,1.15436674,0.00906878,0.00000000,0.02385719,0.02862932,0.00647909,0.85873725,0.44278081,0.12434291
-4.31915958,1.22173989,0.00962993,0.00000000,0.02450621,0.03159126,0.00668404,0.90852058,0.46691394,0.13262565
-4.31315658,1.28826578,0.01019301,0.00000000,0.02504086,0.03484338,0.00685673,0.95747765,0.49065288,0.14106541
-4.30715358,1.35332363,0.01075272,0.00000000,0.02545905,0.03834859,0.00699482,1.00515702,0.51384327,0.14958096
-4.30115058,1.41629674,0.01130342,0.00000000,0.02576152,0.04206706,0.00709670,1.05110827,0.53633169,0.15808852
-4.29514757,1.47657653,0.01183920,0.00000000,0.02595174,0.04595611,0.00716147,1.09488540,0.55796521,0.16650187
-4.28914457,1.53356718,0.01235393,0.00000000,0.02603576,0.04997033,0.00718898,1.13605077,0.57859130,0.17473264
-4.28314157,1.58669115,0.01284129,0.00000000,0.02602195,0.05406193,0.00717978,1.17417950,0.59805783,0.18269107
-4.27713857,1.63539552,0.01329488,0.00000000,0.02592067,0.05818124,0.00713511,1.20886473,0.61621371,0.19028696
-4.27113557,1.67915931,0.01370833,0.00000000,0.02574377,0.06227744,0.00705679,1.23972342,0.63290989,0.19743095
-4.26513257,1.71750158,0.01407545,0.00000000,0.02550418,0.06629946,0.00694718,1.26640285,0.64800099,0.20403609
-4.25912956,1.74999025,0.01439034,0.00000000,0.02521535,0.07019694,0.00680905,1.28858765,0.66134746,0.21001956
-4.25312656,1.77625123,0.01464760,0.00000000,0.02489076,0.07392122,0.00664552,1.30600707,0.67281816,0.21530454
-4.24712356,1.79597760,0.01484247,0.00000000,0.02454334,0.07742648,0.00645993,1.31844227,0.68229338,0.21982214
-4.24112056,1.80893836,0.01497100,0.00000000,0.02418504,0.08067068,0.00625575,1.32573327,0.68966803,0.22351324
-4.23511756,1.81498628,0.01503019,0.00000000,0.02382639,0.08361650,0.00603646,1.32778519,0.69485485,0.22633020
-4.22911456,1.81406445,0.01501818,0.00000000,0.02347612,0.08623218,0.00580550,1.32457350,0.69778757,0.22823841
-4.22311156,1.80621111,0.01493427,0.00000000,0.02314089,0.08849213,0.00556618,1.31614780,0.69842363,0.22921742
-4.21710855,1.79156238,0.01477907,0.00000000,0.02282513,0.09037749,0.00532161,1.30263401,0.69674650,0.22926182
-4.21110555,1.77035274,0.01455448,0.00000000,0.02253092,0.09187639,0.00507464,1.28423470,0.69276736,0.22838166
-4.20510255,1.74291314,0.01426372,0.00000000,0.02225804,0.09298414,0.00482787,1.26122750,0.68652608,0.22660251
-4.19909955,1.70966676,0.01391125,0.00000000,0.02200408,0.09370320,0.00458360,1.23396156,0.67809149,0.22396503
-4.19309655,1.67112255,0.01350272,0.00000000,0.02176464,0.09404305,0.00434381,1.20285230,0.66756091,0.22052431
-4.18709355,1.62786694,0.01304479,0.00000000,0.02153363,0.09401993,0.00411023,1.16837441,0.65505895,0.21634874
-4.18109055,1.58055390,0.01254502,0.00000000,0.02130361,0.09365646,0.00388429,1.13105370,0.64073581,0.21151866
-4.17508754,1.52989389,0.01201168,0.00000000,0.02106620,0.09298122,0.00366721,1.09145782,0.62476497,0.20612486
-4.16908454,1.47664197,0.01145353,0.00000000,0.02081254,0.09202829,0.00345998,1.05018643,0.60734061,0.20026686
-4.16308154,1.42158568,0.01087967,0.00000000,0.02053368,0.09083672,0.00326346,1.00786097,0.58867464,0.19405118
-4.15707854,1.36553276,0.01029925,0.00000000,0.02022109,0.08944999,0.00307837,0.96511441,0.56899360,0.18758949
-4.15107554,1.30929915,0.00972138,0.00000000,0.01986698,0.08791541,0.00290539,0.92258132,0.54853549,0.18099692
-4.14507254,1.25369737,0.00915486,0.00000000,0.01946477,0.08628349,0.00274516,0.88088818,0.52754647,0.17439027
-4.13906953,1.19952544,0.00860807,0.00000000,0.01900929,0.08460729,0.00259832,0.84064437,0.50627756,0.16788636
-4.13306653,1.14755621,0.00808879,0.00000000,0.01849712,0.08294165,0.00246561,0.80243355,0.48498130,0.16160038
-4.12706353,1.09852722,0.00760412,0.00000000,0.01792663,0.08134236,0.00234781,0.76680571,0.46390841,0.15564435
-4.12106053,1.05313092,0.00716032,0.00000000,0.01729816,0.07986525,0.00224586,0.73426974,0.44330433,0.15012559
-4.11505753,1.01200517,0.00676283,0.00000000,0.01661393,0.07856517,0.00216081,0.70528638,0.42340577,0.14514517
-4.10905453,0.97572411,0.00641614,0.00000000,0.01587798,0.07749489,0.00209385,0.68026170,0.40443721,0.14079649
-4.10305153,0.94478930,0.00612379,0.00000000,0.01509598,0.07670400,0.00204635,0.65954109,0.38660735,0.13716384
-4.09704852,0.91962135,0.00588835,0.00000000,0.01427504,0.07623764,0.00201979,0.64340362,0.37010572,0.13432097
-4.09104552,0.90055218,0.00571143,0.00000000,0.01342340,0.07613542,0.00201581,0.63205723,0.35509942,0.13232990
-4.08504252,0.88781832,0.00559371,0.00000000,0.01255012,0.07643026,0.00203615,0.62563461,0.34173017,0.13123968
-4.07903952,0.88155551,0.00553494,0.00000000,0.01166476,0.07714744,0.00208263,0.62419026,0.33011189,0.13108553
-4.07303652,0.88179511,0.00553401,0.00000000,0.01077708,0.07830378,0.00215713,0.62769885,0.32032883,0.13188810
-4.06703352,0.88846276,0.00558900,0.00000000,0.00989664,0.07990716,0.00226150,0.63605521,0.31243461,0.13365316
-4.06103052,0.90137961,0.00569725,0.00000000,0.00903263,0.08195621,0.00239757,0.64907627,0.30645212,0.13637162
-4.05502751,0.92026660,0.00585545,0.00000000,0.00819349,0.08444045,0.00256702,0.66650511,0.30237455,0.14002002
-4.04902451,0.94475185,0.00605974,0.00000000,0.00738682,0.08734074,0.00277139,0.68801722,0.30016747,0.14456141
-4.04302151,0.97438129,0.00630581,0.00000000,0.00661914,0.09063011,0.00301194,0.71322913,0.29977207,0.14994681
-4.03701851,1.00863241,0.00658903,0.00000000,0.00589583,0.09427493,0.00328961,0.74170918,0.30110940,0.15611699
-4.03101551,1.04693067,0.00690458,0.00000000,0.00522107,0.09823641,0.00360497,0.77299020,0.30408546,0.16300468
-4.02501251,1.08866828,0.00724761,0.00000000,0.00459787,0.10247230,0.00395807,0.80658382,0.30859701,0.17053711
-4.01900950,1.13322433,0.00761335,0.00000000,0.00402805,0.10693881,0.00434845,0.84199575,0.31453764,0.17863870
-4.01300650,1.17998569,0.00799729,0.00000000,0.00351243,0.11159256,0.00477501,0.87874153,0.32180397,0.18723378
-4.00700350,1.22836747,0.00839528,0.00000000,0.00305084,0.11639249,0.00523598,0.91636192,0.33030143,0.19624928
-4.00100050,1.27783224,0.00880368,0.00000000,0.00264232,0.12130161,0.00572886,0.95443735,0.33994943,0.20561716
-3.99499750,1.32790685,0.00921949,0.00000000,0.00228528,0.12628855,0.00625043,0.99260059,0.35068537,0.21527651
-3.98899450,1.37819607,0.00964039,0.00000000,0.00197761,0.13132866,0.00679665,1.03054697,0.36246738,0.22517502
-3.98299150,1.42839211,0.01006482,0.00000000,0.00171688,0.13640480,0.00736275,1.06804164,0.37527546,0.23527005
-3.97698849,1.47827969,0.01049202,0.00000000,0.00150047,0.14150753,0.00794325,1.10492346,0.38911088,0.24552884
-3.97098549,1.52773605,0.01092199,0.00000000,0.00132570,0.14663489,0.00853197,1.14110516,0.40399379,0.25592808
-3.96498249,1.57672608,0.01135549,0.00000000,0.00118997,0.15179159,0.00912219,1.17656987,0.41995916,0.26645288
-3.95897949,1.62529264,0.01179394,0.00000000,0.00109084,0.15698778,0.00970670,1.21136399,0.43705117,0.27709493
-3.95297649,1.67354260,0.01223930,0.00000000,0.00102612,0.16223740,0.01027797,1.24558695,0.45531639,0.28785021
-3.94697349,1.72162933,0.01269396,0.00000000,0.00099393,0.16755617,0.01082830,1.27937822,0.47479607,0.29871629
-3.94097049,1.76973255,0.01316054,0.00000000,0.00099273,0.17295937,0.01135001,1.31290231,0.49551804,0.30968927
-3.93496748,1.81803670,0.01364178,0.00000000,0.00102136,0.17845954,0.01183558,1.34633262,0.51748867,0.32076075
-3.92896448,1.86670881,0.01414025,0.00000000,0.00107902,0.18406419,0.01227788,1.37983479,0.54068539,0.33191476
-3.92296148,1.91587733,0.01465826,0.00000000,0.00116528,0.18977365,0.01267033,1.41355072,0.56505030,0.34312507
-3.91695848,1.96561274,0.01519763,0.00000000,0.00128001,0.19557921,0.01300709,1.44758378,0.59048524,0.35435288
-3.91095548,2.01591117,0.01575950,0.00000000,0.00142339,0.20146166,0.01328319,1.48198610,0.61684863,0.36554514
-3.90495248,2.06668177,0.01634423,0.00000000,0.00159580,0.20739024,0.01349467,1.51674863,0.64395449,0.37663353
-3.89894947,2.11773847,0.01695126,0.00000000,0.00179779,0.21332219,0.01363869,1.55179422,0.67157354,0.38753428
-3.89294647,2.16879645,0.01757902,0.00000000,0.00202998,0.21920280,0.01371354,1.58697416,0.69943652,0.39814875
-3.88694347,2.21947350,0.01822490,0.00000000,0.00229302,0.22496609,0.01371873,1.62206820,0.72723954,0.40836489
-3.88094047,2.26929607,0.01888520,0.00000000,0.00258741,0.23053600,0.01365494,1.65678792,0.75465117,0.41805939
-3.87493747,2.31770967,0.01955519,0.00000000,0.00291348,0.23582813,0.01352398,1.69078324,0.78132101,0.42710058
-3.86893447,2.36409297,0.02022918,0.00000000,0.00327126,0.24075188,0.01332870,1.72365158,0.80688916,0.43535181
-3.86293147,2.40777493,0.02090058,0.00000000,0.00366038,0.24521298,0.01307289,1.75494916,0.83099621,0.44267529
-3.85692846,2.44805404,0.02156206,0.00000000,0.00407994,0.24911625,0.01276116,1.78420389,0.85329322,0.44893613
-3.85092546,2.48421883,0.02220568,0.00000000,0.00452848,0.25236852,0.01239874,1.81092911,0.87345117,0.45400645
-3.84492246,2.51556873,0.02282306,0.00000000,0.00500383,0.25488156,0.01199139,1.83463763,0.89116954,0.45776943
-3.83891946,2.54143440,0.02340558,0.00000000,0.00550308,0.25657497,0.01154518,1.85485552,0.90618353,0.46012300
-3.83291646,2.56119696,0.02394455,0.00000000,0.00602252,0.25737883,0.01106639,1.87113512,0.91826989,0.46098322
-3.82691346,2.57430532,0.02443139,0.00000000,0.00655762,0.25723609,0.01056131,1.88306688,0.92725096,0.46028707
-3.82091046,2.58029135,0.02485786,0.00000000,0.00710306,0.25610464,0.01003614,1.89028987,0.93299710,0.45799466
-3.81490745,2.57878254,0.02521619,0.00000000,0.00765272,0.25395885,0.00949687,1.89250071,0.93542747,0.45409077
-3.80890445,2.56951210,0.02549929,0.00000000,0.00819982,0.25079075,0.00894920,1.88946100,0.93450947,0.44858575
-3.80290145,2.55232650,0.02570090,0.00000000,0.00873699,0.24661060,0.00839842,1.88100327,0.93025695,0.44151570
-3.79689845,2.52719070,0.02581571,0.00000000,0.00925644,0.24144701,0.00784943,1.86703564,0.92272755,0.43294209
-3.79089545,2.49419119,0.02583954,0.00000000,0.00975016,0.23534656,0.00730664,1.84754534,0.91201960,0.42295081
-3.78489245,2.45353725,0.02576943,0.00000000,0.01021011,0.22837287,0.00677399,1.82260140,0.89826868,0.41165071
-3.77888944,2.40556069,0.02560373,0.00000000,0.01062847,0.22060537,0.00625493,1.79235651,0.88164437,0.39917187
-3.77288644,2.35071426,0.02534219,0.00000000,0.01099793,0.21213756,0.00575245,1.75704840,0.86234713,0.38566347
-3.76688344,2.28956903,0.02498605,0.00000000,0.01131189,0.20307508,0.00526908,1.71700060,0.84060574,0.37129157
-3.76088044,2.22281077,0.02453804,0.00000000,0.01156475,0.19353345,0.00480691,1.67262277,0.81667519,0.35623672
-3.75487744,2.15123537,0.02400241,0.00000000,0.01175215,0.18363574,0.00436765,1.62441024,0.79083495,0.34069156
-3.74887444,2.07574326,0.02338494,0.00000000,0.01187118,0.17351015,0.00395260,1.57294279,0.76338776,0.32485843
-3.74287144,1.99733249,0.02269286,0.00000000,0.01192053,0.16328751,0.00356277,1.51888233,0.73465852,0.30894697
-3.73686843,1.91709047,0.02193482,0.00000000,0.01190065,0.15309893,0.00319881,1.46296915,0.70499317,0.29317180
-3.73086543,1.83618386,0.02112078,0.00000000,0.01181380,0.14307351,0.00286111,1.40601642,0.67475735,0.27775017
-3.72486243,1.75584641,0.02026182,0.00000000,0.01166406,0.13333628,0.00254981,1.34890272,0.64433457,0.26289968
-3.71885943,1.67736450,0.01937003,0.00000000,0.01145728,0.12400619,0.00226481,1.29256221,0.61412367,0.24883584
-3.71285643,1.60206011,0.01845828,0.00000000,0.01120099,0.11519447,0.00200579,1.23797235,0.58453531,0.23576965
-3.70685343,1.53127113,0.01753997,0.00000000,0.01090421,0.10700312,0.00177226,1.18613902,0.55598751,0.22390496
-3.70085043,1.46632902,0.01662877,0.00000000,0.01057722,0.09952359,0.00156358,1.13807905,0.52890010,0.21343572
-3.69484742,1.40853394,0.01573835,0.00000000,0.01023132,0.09283573,0.00137894,1.09480046,0.50368803,0.20454297
-3.68884442,1.35912768,0.01488206,0.00000000,0.00987849,0.08700690,0.00121743,1.05728044,0.48075378,0.19739167
-3.68284142,1.31926488,0.01407266,0.00000000,0.00953108,0.08209123,0.00107802,1.02644179,0.46047890,0.19212739
-3.67683842,1.28998310,0.01332198,0.00000000,0.00920144,0.07812908,0.00095961,1.00312823,0.44321510,0.18887275
-3.67083542,1.27217266,0.01264068,0.00000000,0.00890158,0.07514663,0.00086102,0.98807927,0.42927488,0.18772396
-3.66483242,1.26654705,0.01203794,0.00000000,0.00864281,0.07315558,0.00078102,0.98190552,0.41892244,0.18874728
-3.65882941,1.27361502,0.01152126,0.00000000,0.00843541,0.07215311,0.00071835,0.98506516,0.41236490,0.19197575
-3.65282641,1.29365550,0.01109623,0.00000000,0.00828830,0.07212189,0.00067170,0.99784266,0.40974442,0.19740623
-3.64682341,1.32669640,0.01076643,0.00000000,0.00820881,0.07303032,0.00063976,1.02033048,0.41113151,0.20499691
-3.64082041,1.37249857,0.01053326,0.00000000,0.00820238,0.07483307,0.00062121,1.05241480,0.41651995,0.21466562
-3.63481741,1.43054586,0.01039596,0.00000000,0.00827245,0.07747174,0.00061473,1.09376604,0.42582366,0.22628888
-3.62881441,1.50004239,0.01035159,0.00000000,0.00842025,0.08087594,0.00061902,1.14383497,0.43887570,0.23970209
-3.62281141,1.57991768,0.01039509,0.00000000,0.00864479,0.08496462,0.00063278,1.20185491,0.45542985,0.25470083
-3.61680840,1.66884028,0.01051944,0.00000000,0.00894280,0.08964776,0.00065475,1.26685055,0.47516460,0.27104349
-3.61080540,1.76524012,0.01071582,0.00000000,0.00930880,0.09482842,0.00068368,1.33765357,0.49768993,0.28845518
-3.60480240,1.86733956,0.01097383,0.00000000,0.00973522,0.10040518,0.00071840,1.41292498,0.52255653,0.30663308
-3.59879940,1.97319263,0.01128182,0.00000000,0.01021255,0.10627482,0.00075775,1.49118386,0.54926760,0.32525292
-3.59279640,2.08073173,0.01162716,0.00000000,0.01072956,0.11233535,0.00080066,1.57084202,0.57729262,0.34397681
-3.58679340,2.18782055,0.01199661,0.00000000,0.01127364,0.11848922,0.00084610,1.65024359,0.60608310,0.36246180
-3.58079040,2.29231164,0.01237666,0.00000000,0.01183108,0.12464658,0.00089316,1.72770844,0.63508945,0.38036934
-3.57478739,2.39210687,0.01275394,0.00000000,0.01238743,0.13072860,0.00094100,1.80157816,0.66377864,0.39737496
-3.56878439,2.48521844,0.01311557,0.00000000,0.01292798,0.13667062,0.00098892,1.87026286,0.69165191,0.41317802
-3.56278139,2.56982846,0.01344948,0.00000000,0.01343806,0.14242495,0.00103631,1.93228723,0.71826175,0.42751111
-3.55677839,2.64434442,0.01374480,0.00000000,0.01390358,0.14796338,0.00108274,1.98633416,0.74322755,0.44014862
-3.55077539,2.70744856,0.01399211,0.00000000,0.01431132,0.15327893,0.00112790,2.03128399,0.76624912,0.45091413
-3.54477239,2.75813872,0.01418369,0.00000000,0.01464941,0.15838705,0.00117164,2.06624799,0.78711736,0.45968636
-3.53876938,2.79575905,0.01431369,0.00000000,0.01490762,0.16332594,0.00121398,2.09059456,0.80572162,0.46640319
-3.53276638,2.82001888,0.01437826,0.00000000,0.01507766,0.16815598,0.00125510,2.10396692,0.82205313,0.47106366
-3.52676338,2.83099896,0.01437561,0.00000000,0.01515340,0.17295825,0.00129533,2.10629161,0.83620433,0.47372775
-3.52076038,2.82914449,0.01430598,0.00000000,0.01513104,0.17783215,0.00133515,2.09777715,0.84836385,0.47451391
-3.51475738,2.81524496,0.01417155,0.00000000,0.01500919,0.18289212,0.00137516,2.07890311,0.85880726,0.47359433
-3.50875438,2.79040178,0.01397631,0.00000000,0.01478883,0.18826351,0.00141607,2.05039968,0.86788391,0.47118824
-3.50275138,2.75598466,0.01372584,0.00000000,0.01447325,0.19407794,0.00145866,2.01321878,0.87600024,0.46755332
-3.49674837,2.71357873,0.01342705,0.00000000,0.01406790,0.20046806,0.00150375,1.96849773,0.88360028,0.46297574
-3.49074537,2.66492445,0.01308789,0.00000000,0.01358012,0.20756210,0.00155219,1.91751715,0.89114425,0.45775915
-3.48474237,2.61185300,0.01271703,0.00000000,0.01301890,0.21547838,0.00160475,1.86165458,0.89908612,0.45221302
-3.47873937,2.55621969,0.01232353,0.00000000,0.01239454,0.22432009,0.00166218,1.80233600,0.90785124,0.44664106
-3.47273637,2.49983833,0.01191652,0.00000000,0.01171828,0.23417045,0.00172506,1.74098701,0.91781513,0.44132994
-3.46673337,2.44441920,0.01150486,0.00000000,0.01100193,0.24508869,0.00179387,1.67898575,0.92928451,0.43653902
-3.46073037,2.39151322,0.01109684,0.00000000,0.01025753,0.25710695,0.00186888,1.61761933,0.94248155,0.43249140
-3.45472736,2.34246440,0.01069998,0.00000000,0.00949699,0.27022832,0.00195017,1.55804539,0.95753216,0.42936666
-3.44872436,2.29837261,0.01032079,0.00000000,0.00873176,0.28442611,0.00203763,1.50126023,0.97445913,0.42729571
-3.44272136,2.26006774,0.00996461,0.00000000,0.00797257,0.29964465,0.00213092,1.44807448,0.99318046,0.42635782
-3.43671836,2.22809619,0.00963552,0.00000000,0.00722917,0.31580131,0.00222953,1.39909705,1.01351314,0.42657992
-3.43071536,2.20271981,0.00933633,0.00000000,0.00651021,0.33279009,0.00233278,1.35472764,1.03518239,0.42793829
-3.42471236,2.18392706,0.00906855,0.00000000,0.00582307,0.35048636,0.00243992,1.31515775,1.05783600,0.43036234
-3.41870935,2.17145537,0.00883251,0.00000000,0.00517384,0.36875281,0.00255013,1.28037979,1.08106325,0.43374043
-3.41270635,2.16482358,0.00862743,0.00000000,0.00456727,0.38744629,0.00266265,1.25020355,1.10441758,0.43792733
-3.40670335,2.16337248,0.00845161,0.00000000,0.00400685,0.40642534,0.00277686,1.22427896,1.12744207,0.44275303
-3.40070035,2.16631165,0.00830260,0.00000000,0.00349489,0.42555803,0.00289237,1.20212394,1.14969660,0.44803238
-3.39469735,2.17277017,0.00817740,0.00000000,0.00303260,0.44472982,0.00300917,1.18315603,1.17078543,0.45357524
-3.38869435,2.18184903,0.00807269,0.00000000,0.00262026,0.46385121,0.00312770,1.16672605,1.19038394,0.45919660
-3.38269135,2.19267272,0.00798503,0.00000000,0.00225740,0.48286455,0.00324897,1.15215269,1.20826329,0.46472624
-3.37668834,2.20443791,0.00791105,0.00000000,0.00194289,0.50175004,0.00337470,1.13875612,1.22431182,0.47001758
-3.37068534,2.21645708,0.00784765,0.00000000,0.00167519,0.52053029,0.00350736,1.12588968,1.23855213,0.47495521
-3.36468234,2.22819527,0.00779215,0.00000000,0.00145247,0.53927339,0.00365029,1.11296816,1.25115280,0.47946098
-3.35867934,2.23929861,0.00774243,0.00000000,0.00127273,0.55809414,0.00380770,1.09949174,1.26243433,0.48349821
-3.35267634,2.24961343,0.00769699,0.00000000,0.00113397,0.57715330,0.00398471,1.08506488,1.27286848,0.48707405
-3.34667334,2.25919523,0.00765501,0.00000000,0.00103428,0.59665479,0.00418732,1.06940963,1.28307102,0.49023970
-3.34067034,2.26830735,0.00761637,0.00000000,0.00097191,0.61684072,0.00442238,1.05237294,1.29378776,0.49308868
-3.33466733,2.27740935,0.00758162,0.00000000,0.00094534,0.63798428,0.00469744,1.03392816,1.30587417,0.49575310
-3.32866433,2.28713568,0.00755193,0.00000000,0.00095331,0.66038071,0.00502064,1.01417088,1.32026903,0.49839810
-3.32266133,2.29826553,0.00752897,0.00000000,0.00099482,0.68433635,0.00540049,0.99330949,1.33796288,0.50121469
-3.31665833,2.31168506,0.00751482,0.00000000,0.00106909,0.71015609,0.00584567,0.97165121,1.35996215,0.50441128
-3.31065533,2.32834353,0.00751181,0.00000000,0.00117557,0.73812970,0.00636472,0.94958441,1.38725010,0.50820412
-3.30465233,2.34920510,0.00752240,0.00000000,0.00131383,0.76851714,0.00696575,0.92755791,1.42074584,0.51280713
-3.29864932,2.37519813,0.00754896,0.00000000,0.00148350,0.80153361,0.00765610,0.90605861,1.46126276,0.51842146
-3.29264632,2.40716417,0.00759371,0.00000000,0.00168419,0.83733480,0.00844198,0.88558807,1.50946800,0.52522509
-3.28664332,2.44580855,0.00765844,0.00000000,0.00191536,0.87600281,0.00932808,0.86663935,1.56584428,0.53336305
-3.28064032,2.49165469,0.00774449,0.00000000,0.00217626,0.91753349,0.01031728,0.84967487,1.63065574,0.54293848
-3.27463732,2.54500417,0.00785255,0.00000000,0.00246578,0.96182588,0.01141022,0.83510623,1.70391941,0.55400503
-3.26863432,2.60590424,0.00798259,0.00000000,0.00278242,1.00867413,0.01260508,0.82327669,1.78538333,0.56656091
-3.26263132,2.67412440,0.00813380,0.00000000,0.00312411,1.05776271,0.01389729,0.81444700,1.87451302,0.58054482
-3.25662831,2.74914334,0.00830453,0.00000000,0.00348822,1.10866531,0.01527936,0.80878488,1.97048686,0.59583409
-3.25062531,2.83014700,0.00849228,0.00000000,0.00387148,1.16084770,0.01674076,0.80635861,2.07220149,0.61224511
-3.24462231,2.91603835,0.00869379,0.00000000,0.00426998,1.21367500,0.01826797,0.80713470,2.17828737,0.62953620
-3.23861931,3.00545884,0.00890501,0.00000000,0.00467912,1.26642312,0.01984455,0.81097964,2.28713456,0.64741278
-3.23261631,3.09682094,0.00912129,0.00000000,0.00509371,1.31829454,0.02145137,0.81766551,2.39692846,0.66553486
-3.22661331,3.18835091,0.00933742,0.00000000,0.00550801,1.36843784,0.02306692,0.82687905,2.50569446,0.68352649
-3.22061031,3.27814026,0.00954784,0.00000000,0.00591582,1.41597053,0.02466780,0.83823373,2.61135037,0.70098699
-3.21460730,3.36420394,0.00974678,0.00000000,0.00631062,1.46000439,0.02622923,0.85128423,2.71176488,0.71750342
-3.20860430,3.44454317,0.00992847,0.00000000,0.00668574,1.49967252,0.02772568,0.86554252,2.80482008,0.73266393
-3.20260130,3.51721016,0.01008726,0.00000000,0.00703449,1.53415678,0.02913157,0.88049502,2.88847567,0.74607132
-3.19659830,3.58037224,0.01021788,0.00000000,0.00735040,1.56271481,0.03042202,0.89562000,2.96083243,0.75735640
-3.19059530,3.63237257,0.01031557,0.00000000,0.00762736,1.58470518,0.03157359,0.91040440,3.02019237,0.76619046
-3.18459230,3.67178493,0.01037626,0.00000000,0.00785986,1.59960970,0.03256500,0.92435970,3.06511309,0.77229644
-3.17858929,3.69746017,0.01039669,0.00000000,0.00804314,1.60705187,0.03337784,0.93703589,3.09445415,0.77545812
-3.17258629,3.70856248,0.01037453,0.00000000,0.00817335,1.60681050,0.03399717,0.94803348,3.10741329,0.77552721
-3.16658329,3.70459395,0.01030846,0.00000000,0.00824771,1.59882788,0.03441201,0.95701286,3.10355128,0.77242779
-3.16058029,3.68540658,0.01019818,0.00000000,0.00826457,1.58321226,0.03461572,0.96370100,3.08280405,0.76615809
-3.15457729,3.65120146,0.01004445,0.00000000,0.00822350,1.56023424,0.03460623,0.96789547,3.04548207,0.75678953
-3.14857429,3.60251547,0.00984906,0.00000000,0.00812531,1.53031755,0.03438611,0.96946571,2.99225681,0.74446314
-3.14257129,3.54019654,0.00961472,0.00000000,0.00797198,1.49402448,0.03396250,0.96835186,2.92413541,0.72938355
-3.13656828,3.46536899,0.00934503,0.00000000,0.00776668,1.45203681,0.03334681,0.96456152,2.84242465,0.71181098
-3.13056528,3.37939078,0.00904430,0.00000000,0.00751357,1.40513312,0.03255440,0.95816461,2.74868637,0.69205153
-3.12456228,3.28380513,0.00871747,0.00000000,0.00721775,1.35416361,0.03160405,0.94928707,2.64468618,0.67044647
-3.11855928,3.18028885,0.00836989,0.00000000,0.00688502,1.30002362,0.03051734,0.93810353,2.53233831,0.64736083
-3.11255628,3.07059985,0.00800723,0.00000000,0.00652176,1.24362706,0.02931798,0.92482958,2.41364881,0.62317212
-3.10655328,2.95652620,0.00763528,0.00000000,0.00613471,1.18588097,0.02803109,0.90971400,2.29065984,0.59825936
-3.10055028,2.83983890,0.00725983,0.00000000,0.00573076,1.12766219,0.02668251,0.89303116,2.16539722,0.57299316
-3.09454727,2.72224996,0.00688649,0.00000000,0.00531679,1.06979707,0.02529805,0.87507390,2.03982335,0.54772704
-3.08854427,2.60537718,0.00652060,0.00000000,0.00489948,1.01304500,0.02390284,0.85614702,1.91579698,0.52279032
-3.08254127,2.49071640,0.00616713,0.00000000,0.00448518,0.95808594,0.02252079,0.83656141,1.79504107,0.49848278
-3.07653827,2.37962158,0.00583054,0.00000000,0.00407974,0.90551240,0.02117406,0.81662882,1.67911926,0.47507105
-3.07053527,2.27329243,0.00551480,0.00000000,0.00368848,0.85582573,0.01988266,0.79665716,1.56942115,0.45278670
-3.06453227,2.17276917,0.00522330,0.00000000,0.00331604,0.80943626,0.01866421,0.77694627,1.46715578,0.43182604
-3.05852926,2.07893339,0.00495882,0.00000000,0.00296641,0.76666714,0.01753373,0.75778391,1.37335283,0.41235107
-3.05252626,1.99251389,0.00472356,0.00000000,0.00264290,0.72776087,0.01650353,0.73944197,1.28887001,0.39449165
-3.04652326,1.91409629,0.00451914,0.00000000,0.00234814,0.69288814,0.01558328,0.72217272,1.21440548,0.37834844
-3.04052026,1.84413499,0.00434664,0.00000000,0.00208415,0.66215787,0.01478007,0.70620510,1.15051359,0.36399614
-3.03451726,1.78296623,0.00420660,0.00000000,0.00185239,0.63562801,0.01409852,0.69174098,1.09762240,0.35148708
-3.02851426,1.73082119,0.00409913,0.00000000,0.00165380,0.61331599,0.01354103,0.67895161,1.05605137,0.34085457
-3.02251126,1.68783816,0.00402389,0.00000000,0.00148891,0.59520852,0.01310795,0.66797414,1.02602787,0.33211587
-3.01650825,1.65407309,0.00398021,0.00000000,0.00135791,0.58126997,0.01279783,0.65890863,1.00770122,0.32527478
-3.01050525,1.62950803,0.00396710,0.00000000,0.00126068,0.57144905,0.01260765,0.65181558,1.00115354,0.32032351
-3.00450225,1.61405739,0.00398329,0.00000000,0.00119693,0.56568352,0.01253304,0.64671427,1.00640652,0.31724389
-2.99849925,1.60757194,0.00402735,0.00000000,0.00116618,0.56390282,0.01256845,0.64358200,1.02342421,0.31600796
-2.99249625,1.60984085,0.00409766,0.00000000,0.00116784,0.56602872,0.01270742,0.64235459,1.05211149,0.31657796
-2.98649325,1.62059209,0.00419249,0.00000000,0.00120122,0.57197400,0.01294263,0.64292799,1.09230885,0.31890575
-2.98049025,1.63949177,0.00431002,0.00000000,0.00126555,0.58163977,0.01326615,0.64516131,1.14378403,0.32293201
-2.97448724,1.66614287,0.00444839,0.00000000,0.00135999,0.59491132,0.01366949,0.64888108,1.20622126,0.32858503
-2.96848424,1.70008392,0.00460572,0.00000000,0.00148355,0.61165347,0.01414376,0.65388671,1.27920924,0.33577959
-2.96248124,1.74078832,0.00478013,0.00000000,0.00163516,0.63170530,0.01467978,0.65995693,1.36222888,0.34441582
-2.95647824,1.78766453,0.00496973,0.00000000,0.00181355,0.65487531,0.01526819,0.66685710,1.45464197,0.35437835
-2.95047524,1.84005778,0.00517269,0.00000000,0.00201729,0.68093688,0.01589955,0.67434698,1.55568191,0.36553577
-2.94447224,1.89725347,0.00538721,0.00000000,0.00224467,0.70962495,0.01656454,0.68218870,1.66444757,0.37774057
-2.93846923,1.95848254,0.00561153,0.00000000,0.00249374,0.74063390,0.01725400,0.69015464,1.77990120,0.39082959
-2.93246623,2.02292886,0.00584395,0.00000000,0.00276226,0.77361714,0.01795918,0.69803486,1.90087100,0.40462508
-2.92646323,2.08973871,0.00608283,0.00000000,0.00304764,0.80818846,0.01867185,0.70564372,2.02605901,0.41893633
-2.92046023,2.15803215,0.00632656,0.00000000,0.00334701,0.84392535,0.01938450,0.71282559,2.15405452,0.43356195
-2.91445723,2.22691618,0.00657362,0.00000000,0.00365718,0.88037423,0.02009047,0.71945925,2.28335283,0.44829264
-2.90845423,2.29549919,0.00682256,0.00000000,0.00397468,0.91705748,0.02078414,0.72546090,2.41237924,0.46291455
-2.90245123,2.36290646,0.00707198,0.00000000,0.00429578,0.95348213,0.02146108,0.73078566,2.53951754,0.47721295
-2.89644822,2.42829607,0.00732056,0.00000000,0.00461660,0.98914983,0.02211811,0.73542759,2.66314208,0.49097632
-2.89044522,2.49087475,0.00756705,0.00000000,0.00493312,1.02356777,0.02275342,0.73941801,2.78165250,0.50400049
-2.88444222,2.54991295,0.00781030,0.00000000,0.00524129,1.05626008,0.02336657,0.74282252,2.89350962,0.51609286
-2.87843922,2.60475855,0.00804920,0.00000000,0.00553712,1.08677924,0.02395847,0.74573653,2.99727123,0.52707652
-2.87243622,2.65484856,0.00828276,0.00000000,0.00581678,1.11471695,0.02453127,0.74827963,3.09162624,0.53679395
-2.86643322,2.69971816,0.00851004,0.00000000,0.00607666,1.13971401,0.02508820,0.75058900,3.17542568,0.54511042
-2.86043022,2.73900665,0.00873015,0.00000000,0.00631351,1.16146859,0.02563335,0.75281195,3.24770932,0.55191664
-2.85442721,2.77245985,0.00894228,0.00000000,0.00652447,1.17974274,0.02617139,0.75509808,3.30772649,0.55713077
-2.84842421,2.79992873,0.00914560,0.00000000,0.00670720,1.19436647,0.02670722,0.75759109,3.35495036,0.56069958
-2.84242121,2.82136421,0.00933933,0.00000000,0.00685987,1.20523946,0.02724561,0.76042074,3.38908489,0.56259869
-2.83641821,2.83680833,0.00952262,0.00000000,0.00698124,1.21233024,0.02779079,0.76369517,3.41006407,0.56283193
-2.83041521,2.84638213,0.00969460,0.00000000,0.00707067,1.21567274,0.02834604,0.76749395,3.41804369,0.56142976
-2.82441221,2.85027084,0.00985429,0.00000000,0.00712810,1.21536064,0.02891335,0.77186218,3.41338586,0.55844696
-2.81840920,2.84870712,0.01000059,0.00000000,0.00715404,1.21153959,0.02949301,0.77680582,3.39663722,0.55395945
-2.81240620,2.84195346,0.01013229,0.00000000,0.00714954,1.20439795,0.03008336,0.78228879,3.36850186,0.54806073
-2.80640320,2.83028455,0.01024800,0.00000000,0.00711607,1.19415637,0.03068059,0.78823178,3.32981043,0.54085779
-2.80040020,2.81397093,0.01034619,0.00000000,0.00705552,1.18105700,0.03127861,0.79451312,3.28148686,0.53246693
-2.79439720,2.79326480,0.01042519,0.00000000,0.00697008,1.16535267,0.03186910,0.80097183,3.22451455,0.52300963
-2.78839420,2.76838912,0.01048320,0.00000000,0.00686213,1.14729696,0.03244158,0.80741277,3.15990356,0.51260866
-2.78239120,2.73953068,0.01051837,0.00000000,0.00673419,1.12713535,0.03298368,0.81361383,3.08866039,0.50138459
-2.77638819,2.70683767,0.01052880,0.00000000,0.00658880,1.10509825,0.03348150,0.81933503,3.01176180,0.48945308
-2.77038519,2.67042215,0.01051267,0.00000000,0.00642846,1.08139598,0.03392009,0.82432925,2.93013372,0.47692273
-2.76438219,2.63036714,0.01046829,0.00000000,0.00625555,1.05621603,0.03428394,0.82835402,2.84463602,0.46389390
-2.75837919,2.58673816,0.01039419,0.00000000,0.00607229,1.02972264,0.03455766,0.83118409,2.75605353,0.45045834
-2.75237619,2.53959834,0.01028925,0.00000000,0.00588066,1.00205866,0.03472657,0.83262408,2.66509337,0.43669955
-2.74637319,2.48902620,0.01015274,0.00000000,0.00568244,0.97334924,0.03477734,0.83252065,2.57238806,0.42269398
-2.74037019,2.43513481,0.00998445,0.00000000,0.00547914,0.94370729,0.03469865,0.83077346,2.47850375,0.40851275
-2.73436718,2.37809097,0.00978474,0.00000000,0.00527205,0.91323996,0.03448171,0.82734440,2.38395246,0.39422375
-2.72836418,2.31813309,0.00955460,0.00000000,0.00506225,0.88205578,0.03412073,0.82226450,2.28920708,0.37989397
-2.72236118,2.25558611,0.00929570,0.00000000,0.00485062,0.85027172,0.03361327,0.81563793,2.19471773,0.36559179
-2.71635818,2.19087247,0.00901036,0.00000000,0.00463794,0.81801981,0.03296047,0.80764279,2.10092796,0.35138902
-2.71035518,2.12451784,0.00870155,0.00000000,0.00442484,0.78545263,0.03216714,0.79852854,2.00828949,0.33736252
-2.70435218,2.05715095,0.00837287,0.00000000,0.00421194,0.75274726,0.03124166,0.78860983,1.91727413,0.32359518
-2.69834917,1.98949707,0.00802840,0.00000000,0.00399982,0.72010734,0.03019578,0.77825699,1.82838207,0.31017616
-2.69234617,1.92236505,0.00767267,0.00000000,0.00378909,0.68776311,0.02904431,0.76788338,1.74214557,0.29720042
-2.68634317,1.85662832,0.00731051,0.00000000,0.00358039,0.65596924,0.02780460,0.75793021,1.65912784,0.28476728
-2.68034017,1.79320045,0.00694690,0.00000000,0.00337446,0.62500050,0.02649601,0.74884921,1.57991703,0.27297832
-2.67433717,1.73300651,0.00658686,0.00000000,0.00317206,0.59514559,0.02513931,0.74108408,1.50511556,0.26193455
-2.66833417,1.67695135,0.00623528,0.00000000,0.00297405,0.56669928,0.02375597,0.73505150,1.43532547,0.25173308
-2.66233117,1.62588639,0.00589675,0.00000000,0.00278133,0.53995345,0.02236750,0.73112245,1.37113064,0.24246337
-2.65632816,1.58057669,0.00557547,0.00000000,0.00259483,0.51518725,0.02099484,0.72960491,1.31307696,0.23420345
-2.65032516,1.54166977,0.00527513,0.00000000,0.00241548,0.49265726,0.01965768,0.73072853,1.26165171,0.22701617
-2.64432216,1.50966790,0.00499876,0.00000000,0.00224420,0.47258784,0.01837398,0.73463224,1.21726331,0.22094578
-2.63831916,1.48490527,0.00474871,0.00000000,0.00208181,0.45516236,0.01715949,0.74135522,1.18022286,0.21601508
-2.63231616,1.46753122,0.00452659,0.00000000,0.00192908,0.44051584,0.01602743,0.75083184,1.15072843,0.21222325
-2.62631316,1.45750050,0.00433323,0.00000000,0.00178661,0.42872921,0.01498822,0.76289076,1.12885332,0.20954461
-2.62031016,1.45457107,0.00416872,0.00000000,0.00165488,0.41982566,0.01404941,0.77725833,1.11453886,0.20792834
-2.61430715,1.45830974,0.00403241,0.00000000,0.00153419,0.41376920,0.01321562,0.79356623,1.10759239,0.20729918
-2.60830415,1.46810531,0.00392301,0.00000000,0.00142465,0.41046558,0.01248868,0.81136291,1.10769065,0.20755927
-2.60230115,1.48318894,0.00383863,0.00000000,0.00132621,0.40976540,0.01186780,0.83012857,1.11438852,0.20859086
-2.59629815,1.50266066,0.00377692,0.00000000,0.00123861,0.41146953,0.01134982,0.84929288,1.12713278,0.21025990
-2.59029515,1.52552099,0.00373513,0.00000000,0.00116144,0.41533626,0.01092959,0.86825487,1.14528024,0.21242038
-2.58429215,1.55070632,0.00371027,0.00000000,0.00109414,0.42109014,0.01060031,0.88640399,1.16811960,0.21491915
-2.57828914,1.57712645,0.00369918,0.00000000,0.00103599,0.42843196,0.01035394,0.90314167,1.19489572,0.21760103
-2.57228614,1.60370277,0.00369871,0.00000000,0.00098622,0.43704934,0.01018157,0.91790234,1.22483551,0.22031399
-2.56628314,1.62940542,0.00370577,0.00000000,0.00094396,0.44662769,0.01007387,0.93017315,1.25717399,0.22291420
-2.56028014,1.65328787,0.00371745,0.00000000,0.00090828,0.45686074,0.01002140,0.93951168,1.29117941,0.22527062
-2.55427714,1.67451760,0.00373113,0.00000000,0.00087828,0.46746048,0.01001495,0.94556083,1.32617632,0.22726906
-2.54827414,1.69240164,0.00374451,0.00000000,0.00085304,0.47816581,0.01004580,0.94806054,1.36156547,0.22881545
-2.54227114,1.70640603,0.00375568,0.00000000,0.00083170,0.48874978,0.01010593,0.94685576,1.39683984,0.22983826
-2.53626813,1.71616862,0.00376318,0.00000000,0.00081344,0.49902504,0.01018817,0.94190066,1.43159596,0.23028986
-2.53026513,1.72150483,0.00376597,0.00000000,0.00079752,0.50884729,0.01028627,0.93325882,1.46554044,0.23014701
-2.52426213,1.72240644,0.00376348,0.00000000,0.00078330,0.51811679,0.01039493,0.92109965,1.49849131,0.22941027
-2.51825913,1.71903370,0.00375556,0.00000000,0.00077019,0.52677787,0.01050979,0.90569122,1.53037452,0.22810251
-2.51225613,1.71170138,0.00374246,0.00000000,0.00075773,0.53481663,0.01062730,0.88738984,1.56121597,0.22626667
-2.50625313,1.70085970,0.00372481,0.00000000,0.00074551,0.54225701,0.01074468,0.86662700,1.59112975,0.22396279
-2.50025013,1.68707105,0.00370352,0.00000000,0.00073322,0.54915569,0.01085974,0.84389409,1.62030337,0.22126458
-2.49424712,1.67098385,0.00367977,0.00000000,0.00072062,0.55559593,0.01097077,0.81972565,1.64898104,0.21825573
-2.48824412,1.65330482,0.00365491,0.00000000,0.00070751,0.56168099,0.01107639,0.79468171,1.67744602,0.21502603
-2.48224112,1.63477083,0.00363042,0.00000000,0.00069377,0.56752747,0.01117542,0.76932989,1.70600314,0.21166763
-2.47623812,1.61612170,0.00360784,0.00000000,0.00067931,0.57325887,0.01126679,0.74422796,1.73496237,0.20827157
-2.47023512,1.59807495,0.00358868,0.00000000,0.00066405,0.57899978,0.01134946,0.71990725,1.76462462,0.20492468
-2.46423212,1.58130354,0.00357441,0.00000000,0.00064798,0.58487110,0.01142238,0.69685767,1.79527018,0.20170704
-2.45822911,1.56641732,0.00356636,0.00000000,0.00063107,0.59098630,0.01148447,0.67551453,1.82715055,0.19869001
-2.45222611,1.55394866,0.00356572,0.00000000,0.00061332,0.59744901,0.01153469,0.65624768,1.86048388,0.19593493
-2.44622311,1.54434261,0.00357346,0.00000000,0.00059474,0.60435192,0.01157204,0.63935315,1.89545403,0.19349254
-2.44022011,1.53795165,0.00359035,0.00000000,0.00057535,0.61177688,0.01159568,0.62504738,1.93221305,0.19140289
-2.43421711,1.53503472,0.00361690,0.00000000,0.00055519,0.61979627,0.01160500,0.61346423,1.97088675,0.18969598
-2.42821411,1.53576031,0.00365338,0.00000000,0.00053431,0.62847506,0.01159975,0.60465467,2.01158247,0.18839273
-2.42221111,1.54021294,0.00369981,0.00000000,0.00051277,0.63787372,0.01158011,0.59858903,2.05439853,0.18750635
-2.41620810,1.54840242,0.00375595,0.00000000,0.00049066,0.64805132,0.01154681,0.59516163,2.09943426,0.18704398
-2.41020510,1.56027504,0.00382135,0.00000000,0.00046809,0.65906868,0.01150115,0.59419757,2.14679975,0.18700841
-2.40420210,1.57572597,0.00389534,0.00000000,0.00044518,0.67099116,0.01144508,0.59546133,2.19662439,0.18739969
-2.39819910,1.59461204,0.00397705,0.00000000,0.00042208,0.68389089,0.01138118,0.59866687,2.24906321,0.18821670
-2.39219610,1.61676400,0.00406549,0.00000000,0.00039895,0.69784802,0.01131262,0.60348880,2.30430047,0.18945840
-2.38619310,1.64199783,0.00415949,0.00000000,0.00037598,0.71295091,0.01124310,0.60957428,2.36254973,0.19112476
-2.38019010,1.67012419,0.00425783,0.00000000,0.00035337,0.72929510,0.01117674,0.61655516,2.42405025,0.19321727
-2.37418709,1.70095592,0.00435919,0.00000000,0.00033133,0.74698091,0.01111790,0.62406005,2.48905936,0.19573911
-2.36818409,1.73431294,0.00446223,0.00000000,0.00031006,0.76610991,0.01107108,0.63172586,2.55784114,0.19869473
-2.36218109,1.77002466,0.00456563,0.00000000,0.00028977,0.78678005,0.01104063,0.63920846,2.63065167,0.20208920
-2.35617809,1.80792986,0.00466806,0.00000000,0.00027067,0.80907997,0.01103067,0.64619221,2.70772141,0.20592711
-2.35017509,1.84787406,0.00476828,0.00000000,0.00025293,0.83308250,0.01104478,0.65239803,2.78923560,0.21021120
-2.34417209,1.88970490,0.00486508,0.00000000,0.00023673,0.85883770,0.01108588,0.65758978,2.87531357,0.21494080
-2.33816908,1.93326582,0.00495740,0.00000000,0.00022221,0.88636594,0.01115605,0.66157900,2.96598801,0.22011020
-2.33216608,1.97838855,0.00504425,0.00000000,0.00020949,0.91565108,0.01125637,0.66422760,3.06118522,0.22570697
-2.32616308,2.02488499,0.00512478,0.00000000,0.00019865,0.94663444,0.01138688,0.66544888,3.16070759,0.23171050
-2.32016008,2.07253904,0.00519825,0.00000000,0.00018974,0.97920965,0.01154643,0.66520667,3.26421904,0.23809062
-2.31415708,2.12109904,0.00526408,0.00000000,0.00018279,1.01321876,0.01173276,0.66351281,3.37123450,0.24480663
-2.30815408,2.17027120,0.00532179,0.00000000,0.00017778,1.04844993,0.01194250,0.66042322,3.48111393,0.25180663
-2.30215108,2.21971460,0.00537104,0.00000000,0.00017468,1.08463679,0.01217125,0.65603263,3.59306140,0.25902735
-2.29614807,2.26903813,0.00541161,0.00000000,0.00017341,1.12145957,0.01241370,0.65046838,3.70612946,0.26639432
-2.29014507,2.31779955,0.00544336,0.00000000,0.00017386,1.15854816,0.01266381,0.64388350,3.81922876,0.27382261
-2.28414207,2.36550694,0.00546626,0.00000000,0.00017591,1.19548682,0.01291500,0.63644935,3.93114256,0.28121795
-2.27813907,2.41162254,0.00548034,0.00000000,0.00017942,1.23182072,0.01316035,0.62834820,4.04054595,0.28847826
-2.27213607,2.45556889,0.00548570,0.00000000,0.00018422,1.26706386,0.01339279,0.61976588,4.14602880,0.29549555
-2.26613307,2.49673712,0.00548247,0.00000000,0.00019011,1.30070823,0.01360539,0.61088494,4.24612205,0.30215810
-2.26013007,2.53449729,0.00547078,0.00000000,0.00019692,1.33223407,0.01379147,0.60187846,4.33932633,0.30835286
-2.25412706,2.56821019,0.00545082,0.00000000,0.00020442,1.36112065,0.01394487,0.59290472,4.42414215,0.31396798
-2.24812406,2.59724068,0.00542272,0.00000000,0.00021241,1.38685757,0.01406009,0.58410290,4.49910078,0.31889536
-2.24212106,2.62097171,0.00538664,0.00000000,0.00022068,1.40895604,0.01413239,0.57559000,4.56279525,0.32303324
-2.23611806,2.63881912,0.00534269,0.00000000,0.00022900,1.42695993,0.01415795,0.56745891,4.61391046,0.32628865
-2.23011506,2.65024644,0.00529098,0.00000000,0.00023716,1.44045639,0.01413387,0.55977784,4.65125205,0.32857966
-2.22411206,2.65477952,0.00523160,0.00000000,0.00024496,1.44908562,0.01405825,0.55259087,4.67377336,0.32983750
-2.21810905,2.65202049,0.00516462,0.00000000,0.00025219,1.45254967,0.01393017,0.54591975,4.68059991,0.33000829
-2.21210605,2.64166072,0.00509014,0.00000000,0.00025866,1.45062010,0.01374967,0.53976664,4.67105115,0.32905460
-2.20610305,2.62349229,0.00500826,0.00000000,0.00026421,1.44314413,0.01351768,0.53411770,4.64465883,0.32695651
-2.20010005,2.59741762,0.00491914,0.00000000,0.00026867,1.43004941,0.01323596,0.52894729,4.60118175,0.32371236
-2.19409705,2.56345692,0.00482297,0.00000000,0.00027192,1.41134694,0.01290700,0.52422245,4.54061642,0.31933915
-2.18809405,2.52175298,0.00472004,0.00000000,0.00027384,1.38713234,0.01253395,0.51990750,4.46320325,0.31387240
-2.18209105,2.47257302,0.00461072,0.00000000,0.00027436,1.35758519,0.01212051,0.51596829,4.36942784,0.30736567
-2.17608804,2.41630729,0.00449551,0.00000000,0.00027340,1.32296646,0.01167083,0.51237597,4.26001721,0.29988959
-2.17008504,2.35346429,0.00437500,0.00000000,0.00027096,1.28361410,0.01118940,0.50910989,4.13593051,0.29153047
-2.16408204,2.28466234,0.00424993,0.00000000,0.00026703,1.23993662,0.01068098,0.50615948,3.99834427,0.28238850
-2.15807904,2.21061767,0.00412113,0.00000000,0.00026165,1.19240507,0.01015052,0.50352489,3.84863213,0.27257554
-2.15207604,2.13212917,0.00398954,0.00000000,0.00025490,1.14154335,0.00960303,0.50121636,3.68833927,0.26221257
-2.14607304,2.05006004,0.00385619,0.00000000,0.00024686,1.08791706,0.00904355,0.49925225,3.51915205,0.25142685
-2.14007004,1.96531700,0.00372218,0.00000000,0.00023765,1.03212141,0.00847709,0.49765581,3.34286349,0.24034892
-2.13406703,1.87882751,0.00358863,0.00000000,0.00022743,0.97476828,0.00790850,0.49645101,3.16133546,0.22910937
-2.12806403,1.79151603,0.00345663,0.00000000,0.00021636,0.91647287,0.00734246,0.49565752,2.97645881,0.21783575
-2.12206103,1.70427999,0.00332726,0.00000000,0.00020463,0.85784055,0.00678342,0.49528525,2.79011257,0.20664948
-2.11605803,1.61796666,0.00320147,0.00000000,0.00019244,0.79945400,0.00623552,0.49532887,2.60412361,0.19566298
-2.11005503,1.53335166,0.00308012,0.00000000,0.00018000,0.74186141,0.00570257,0.49576274,2.42022837,0.18497724
-2.10405203,1.45112029,0.00296390,0.00000000,0.00016752,0.68556582,0.00518796,0.49653654,2.24003767,0.17467971
-2.09804902,1.37185231,0.00285331,0.00000000,0.00015524,0.63101628,0.00469471,0.49757217,2.06500626,0.16484278
-2.09204602,1.29601094,0.00274864,0.00000000,0.00014339,0.57860074,0.00422534,0.49876209,1.89640782,0.15552290
-2.08604302,1.22393660,0.00264999,0.00000000,0.00013218,0.52864115,0.00378194,0.49996942,1.73531646,0.14676028
-2.08004002,1.15584553,0.00255722,0.00000000,0.00012188,0.48139080,0.00336611,0.50102996,1.58259515,0.13857931
-2.07403702,1.09183340,0.00247001,0.00000000,0.00011270,0.43703376,0.00297895,0.50175597,1.43889120,0.13098951
-2.06803402,1.03188352,0.00238786,0.00000000,0.00010492,0.39568657,0.00262113,0.50194183,1.30463878,0.12398725
-2.06203102,0.97587929,0.00231010,0.00000000,0.00009878,0.35740179,0.00229286,0.50137119,1.18006791,0.11755774
-2.05602801,0.92362006,0.00223597,0.00000000,0.00009456,0.32217324,0.00199394,0.49982526,1.06521923,0.11167762
-2.05002501,0.87483961,0.00216463,0.00000000,0.00009256,0.28994265,0.00172379,0.49709188,0.95996357,0.10631769
-2.04402201,0.82922619,0.00209523,0.00000000,0.00009310,0.26060725,0.00148151,0.49297486,0.86402516,0.10144579
-2.03801901,0.78644305,0.00202693,0.00000000,0.00009652,0.23402804,0.00126592,0.48730300,0.77700725,0.09702967
-2.03201601,0.74614852,0.00195896,0.00000000,0.00010319,0.21003824,0.00107561,0.47993838,0.69841898,0.09303962
-2.02601301,0.70801455,0.00189067,0.00000000,0.00011353,0.18845170,0.00090901,0.47078336,0.62770204,0.08945089
-2.02001001,0.67174290,0.00182154,0.00000000,0.00012796,0.16907078,0.00076441,0.45978600,0.56425640,0.08624556
-2.01400700,0.63707829,0.00175119,0.00000000,0.00014696,0.15169363,0.00064005,0.44694344,0.50746374,0.08341392
-2.00800400,0.60381806,0.00167946,0.00000000,0.00017100,0.13612047,0.00053414,0.43230327,0.45670818,0.08095527
-2.00200100,0.57181790,0.00160634,0.00000000,0.00020061,0.12215889,0.00044489,0.41596258,0.41139361,0.07887800
-1.99599800,0.54099387,0.00153203,0.00000000,0.00023628,0.10962795,0.00037058,0.39806499,0.37095733,0.07719906
-1.98999500,0.51132055,0.00145686,0.00000000,0.00027850,0.09836121,0.00030956,0.37879575,0.33487994,0.07594279
-1.98399200,0.48282591,0.00138134,0.00000000,0.00032775,0.08820861,0.00026027,0.35837511,0.30269160,0.07513913
-1.97798899,0.45558328,0.00130607,0.00000000,0.00038442,0.07903741,0.00022127,0.33705051,0.27397486,0.07482140
-1.97198599,0.42970106,0.00123175,0.00000000,0.00044886,0.07073219,0.00019123,0.31508785,0.24836456,0.07502361
-1.96598299,0.40531090,0.00115912,0.00000000,0.00052129,0.06319419,0.00016896,0.29276239,0.22554527,0.07577761
-1.95997999,0.38255507,0.00108893,0.00000000,0.00060182,0.05634002,0.00015336,0.27034971,0.20524680,0.07710998
-1.95397699,0.36157368,0.00102189,0.00000000,0.00069039,0.05010008,0.00014347,0.24811706,0.18723836,0.07903912
-1.94797399,0.34249262,0.00095868,0.00000000,0.00078676,0.04441664,0.00013843,0.22631563,0.17132198,0.08157242
-1.94197099,0.32541255,0.00089986,0.00000000,0.00089050,0.03924188,0.00013746,0.20517384,0.15732563,0.08470373
-1.93596798,0.31039977,0.00084589,0.00000000,0.00100094,0.03453598,0.00013988,0.18489207,0.14509652,0.08841143
-1.92996498,0.29747901,0.00079710,0.00000000,0.00111720,0.03026528,0.00014507,0.16563875,0.13449500,0.09265696
-1.92396198,0.28662877,0.00075365,0.00000000,0.00123817,0.02640067,0.00015249,0.14754803,0.12538925,0.09738410
-1.91795898,0.27777898,0.00071559,0.00000000,0.00136249,0.02291622,0.00016162,0.13071890,0.11765099,0.10251898
-1.91195598,0.27081127,0.00068279,0.00000000,0.00148861,0.01978804,0.00017202,0.11521565,0.11115230,0.10797088
-1.90595298,0.26556152,0.00065499,0.00000000,0.00161479,0.01699348,0.00018324,0.10106958,0.10576368,0.11363379
-1.89994997,0.26182467,0.00063182,0.00000000,0.00173913,0.01451048,0.00019490,0.08828161,0.10135311,0.11938875
-1.89394697,0.25936126,0.00061279,0.00000000,0.00185962,0.01231725,0.00020664,0.07682579,0.09778614,0.12510686
-1.88794397,0.25790550,0.00059731,0.00000000,0.00197421,0.01039205,0.00021810,0.06665323,0.09492691,0.13065280
-1.88194097,0.25717440,0.00058476,0.00000000,0.00208083,0.00871318,0.00022897,0.05769640,0.09263974,0.13588889
-1.87593797,0.25687746,0.00057447,0.00000000,0.00217746,0.00725910,0.00023896,0.04987346,0.09079130,0.14067927
-1.86993497,0.25672649,0.00056574,0.00000000,0.00226223,0.00600854,0.00024781,0.04309253,0.08925303,0.14489428
-1.86393197,0.25644520,0.00055792,0.00000000,0.00233342,0.00494073,0.00025529,0.03725570,0.08790369,0.14841472
-1.85792896,0.25577803,0.00055037,0.00000000,0.00238958,0.00403565,0.00026121,0.03226258,0.08663179,0.15113574
-1.85192596,0.25449796,0.00054252,0.00000000,0.00242951,0.00327420,0.00026543,0.02801351,0.08533783,0.15297038
-1.84592296,0.25241291,0.00053387,0.00000000,0.00245238,0.00263841,0.00026782,0.02441210,0.08393616,0.15385242
-1.83991996,0.24937068,0.00052400,0.00000000,0.00245768,0.00211157,0.00026833,0.02136740,0.08235639,0.15373846
-1.83391696,0.24526212,0.00051260,0.00000000,0.00244532,0.00167836,0.00026693,0.01879534,0.08054425,0.15260924
-1.82791396,0.24002252,0.00049943,0.00000000,0.00241554,0.00132492,0.00026365,0.01661989,0.07846195,0.15047001
-1.82191096,0.23363133,0.00048438,0.00000000,0.00236899,0.00103883,0.00025855,0.01477356,0.07608790,0.14735002
-1.81590795,0.22611022,0.00046741,0.00000000,0.00230665,0.00080912,0.00025173,0.01319766,0.07341599,0.14330113
-1.80990495,0.21751970,0.00044858,0.00000000,0.00222982,0.00062623,0.00024334,0.01184215,0.07045434,0.13839568
-1.80390195,0.20795450,0.00042804,0.00000000,0.00214007,0.00048192,0.00023354,0.01066530,0.06722367,0.13272368
-1.79789895,0.19753802,0.00040597,0.00000000,0.00203919,0.00036917,0.00022252,0.00963305,0.06375539,0.12638942
-1.79189595,0.18641613,0.00038265,0.00000000,0.00192911,0.00028211,0.00021051,0.00871839,0.06008938,0.11950780
-1.78589295,0.17475058,0.00035837,0.00000000,0.00181186,0.00021590,0.00019771,0.00790054,0.05627182,0.11220039
-1.77988994,0.16271249,0.00033344,0.00000000,0.00168952,0.00016661,0.00018436,0.00716423,0.05235289,0.10459155
-1.77388694,0.15047595,0.00030821,0.00000000,0.00156413,0.00013113,0.00017068,0.00649888,0.04838459,0.09680464
-1.76788394,0.13821222,0.00028301,0.00000000,0.00143764,0.00010711,0.00015688,0.00589798,0.04441877,0.08895856
-1.76188094,0.12608459,0.00025816,0.00000000,0.00131190,0.00009283,0.00014315,0.00535842,0.04050535,0.08116467
-1.75587794,0.11424412,0.00023395,0.00000000,0.00118855,0.00008718,0.00012969,0.00488004,0.03669089,0.07352425
-1.74987494,0.10282637,0.00021068,0.00000000,0.00106907,0.00008957,0.00011666,0.00446520,0.03301739,0.06612656
-1.74387194,0.09194904,0.00018857,0.00000000,0.00095469,0.00009993,0.00010418,0.00411850,0.02952150,0.05904744
-1.73786893,0.08171076,0.00016783,0.00000000,0.00084643,0.00011866,0.00009236,0.00384666,0.02623406,0.05234854
-1.73186593,0.07219066,0.00014863,0.00000000,0.00074506,0.00014664,0.00008130,0.00365840,0.02317994,0.04607717
-1.72586293,0.06344896,0.00013111,0.00000000,0.00065112,0.00018518,0.00007105,0.00356449,0.02037810,0.04026656
-1.71985993,0.05552813,0.00011537,0.00000000,0.00056493,0.00023608,0.00006165,0.00357783,0.01784205,0.03493665
-1.71385693,0.04845474,0.00010149,0.00000000,0.00048664,0.00030160,0.00005310,0.00371360,0.01558032,0.03009523
-1.70785393,0.04224166,0.00008950,0.00000000,0.00041618,0.00038451,0.00004541,0.00398937,0.01359717,0.02573927
-1.70185093,0.03689053,0.00007945,0.00000000,0.00035337,0.00048802,0.00003856,0.00442527,0.01189339,0.02185655
-1.69584792,0.03239429,0.00007135,0.00000000,0.00029789,0.00061586,0.00003251,0.00504410,0.01046709,0.01842726
-1.68984492,0.02873972,0.00006521,0.00000000,0.00024931,0.00077221,0.00002720,0.00587128,0.00931447,0.01542570
-1.68384192,0.02590970,0.00006104,0.00000000,0.00020715,0.00096172,0.00002260,0.00693482,0.00843058,0.01282184
-1.67783892,0.02388519,0.00005883,0.00000000,0.00017089,0.00118940,0.00001865,0.00826509,0.00780990,0.01058283
-1.67183592,0.02264687,0.00005860,0.00000000,0.00013997,0.00146060,0.00001527,0.00989436,0.00744688,0.00867435
-1.66583292,0.02217624,0.00006034,0.00000000,0.00011381,0.00178086,0.00001242,0.01185628,0.00733628,0.00706175
-1.65982991,0.02245629,0.00006409,0.00000000,0.00009188,0.00215583,0.00001003,0.01418506,0.00747333,0.00571098
-1.65382691,0.02347164,0.00006984,0.00000000,0.00007364,0.00259106,0.00000804,0.01691443,0.00785380,0.00458943
-1.64782391,0.02520818,0.00007762,0.00000000,0.00005860,0.00309183,0.00000639,0.02007647,0.00847382,0.00366641
-1.64182091,0.02765228,0.00008744,0.00000000,0.00004630,0.00366290,0.00000505,0.02370015,0.00932961,0.00291362
-1.63581791,0.03078961,0.00009931,0.00000000,0.00003631,0.00430829,0.00000396,0.02780979,0.01041709,0.00230537
-1.62981491,0.03460359,0.00011321,0.00000000,0.00002828,0.00503102,0.00000309,0.03242336,0.01173132,0.00181865
-1.62381191,0.03907375,0.00012912,0.00000000,0.00002186,0.00583280,0.00000239,0.03755071,0.01326594,0.00143320
-1.61780890,0.04417378,0.00014698,0.00000000,0.00001678,0.00671381,0.00000183,0.04319184,0.01501255,0.00113133
-1.61180590,0.04986979,0.00016672,0.00000000,0.00001279,0.00767239,0.00000140,0.04933530,0.01696005,0.00089787
-1.60580290,0.05611854,0.00018821,0.00000000,0.00000968,0.00870487,0.00000106,0.05595672,0.01909414,0.00071986
-1.59979990,0.06286603,0.00021130,0.00000000,0.00000727,0.00980536,0.00000079,0.06301767,0.02139673,0.00058642
-1.59379690,0.07004635,0.00023577,0.00000000,0.00000542,0.01096567,0.00000059,0.07046490,0.02384567,0.00048849
-1.58779390,0.07758112,0.00026139,0.00000000,0.00000402,0.01217523,0.00000044,0.07823006,0.02641448,0.00041856
-1.58179090,0.08537931,0.00028785,0.00000000,0.00000295,0.01342112,0.00000032,0.08622992,0.02907233,0.00037050
-1.57578789,0.09333787,0.00031481,0.00000000,0.00000216,0.01468827,0.00000024,0.09436726,0.03178428,0.00033933
-1.56978489,0.10134286,0.00034191,0.00000000,0.00000157,0.01595963,0.00000017,0.10253230,0.03451162,0.00032107
-1.56378189,0.10927127,0.00036873,0.00000000,0.00000113,0.01721652,0.00000013,0.11060484,0.03721254,0.00031254
-1.55777889,0.11699345,0.00039484,0.00000000,0.00000082,0.01843903,0.00000009,0.11845689,0.03984295,0.00031124
-1.55177589,0.12437613,0.00041978,0.00000000,0.00000059,0.01960657,0.00000007,0.12595587,0.04235747,0.00031527
-1.54577289,0.13128580,0.00044312,0.00000000,0.00000043,0.02069836,0.00000006,0.13296821,0.04471065,0.00032326
-1.53976988,0.13759248,0.00046442,0.00000000,0.00000033,0.02169410,0.00000005,0.13936326,0.04685819,0.00033427
-1.53376688,0.14317357,0.00048326,0.00000000,0.00000026,0.02257455,0.00000005,0.14501726,0.04875830,0.00034783
-1.52776388,0.14791784,0.00049926,0.00000000,0.00000023,0.02332219,0.00000005,0.14981731,0.05037301,0.00036388
-1.52176088,0.15172903,0.00051210,0.00000000,0.00000023,0.02392175,0.00000007,0.15366512,0.05166941,0.00038285
-1.51575788,0.15452933,0.00052151,0.00000000,0.00000026,0.02436082,0.00000009,0.15648039,0.05262082,0.00040573
-1.50975488,0.15626218,0.00052731,0.00000000,0.00000032,0.02463020,0.00000012,0.15820355,0.05320774,0.00043409
-1.50375188,0.15689455,0.00052936,0.00000000,0.00000042,0.02472430,0.00000016,0.15879795,0.05341859,0.00047028
-1.49774887,0.15641844,0.00052765,0.00000000,0.00000057,0.02464134,0.00000022,0.15825112,0.05325023,0.00051757
-1.49174587,0.15485160,0.00052221,0.00000000,0.00000078,0.02438342,0.00000031,0.15657529,0.05270815,0.00058031
-1.48574287,0.15223748,0.00051318,0.00000000,0.00000106,0.02395646,0.00000043,0.15380696,0.05180640,0.00066425
-1.47973987,0.14864434,0.00050077,0.00000000,0.00000144,0.02337006,0.00000058,0.15000567,0.05056733,0.00077674
-1.47373687,0.14416368,0.00048528,0.00000000,0.00000196,0.02263715,0.00000079,0.14525190,0.04902092,0.00092714
-1.46773387,0.13890806,0.00046706,0.00000000,0.00000263,0.02177360,0.00000106,0.13964439,0.04720405,0.00112718
-1.46173087,0.13300840,0.00044652,0.00000000,0.00000352,0.02079774,0.00000142,0.13329679,0.04515949,0.00139137
-1.45572786,0.12661100,0.00042410,0.00000000,0.00000467,0.01972977,0.00000188,0.12633400,0.04293484,0.00173749
-1.44972486,0.11987428,0.00040030,0.00000000,0.00000616,0.01859122,0.00000248,0.11888827,0.04058138,0.00218708
-1.44372186,0.11296561,0.00037563,0.00000000,0.00000806,0.01740432,0.00000325,0.11109519,0.03815284,0.00276594
-1.43771886,0.10605812,0.00035060,0.00000000,0.00001047,0.01619143,0.00000422,0.10308987,0.03570436,0.00350466
-1.43171586,0.09932784,0.00032572,0.00000000,0.00001351,0.01497450,0.00000545,0.09500337,0.03329139,0.00443903
-1.42571286,0.09295105,0.00030150,0.00000000,0.00001731,0.01377463,0.00000698,0.08695948,0.03096872,0.00561049
-1.41970985,0.08710205,0.00027842,0.00000000,0.00002201,0.01261161,0.00000887,0.07907211,0.02878975,0.00706639
-1.41370685,0.08195122,0.00025693,0.00000000,0.00002779,0.01150363,0.00001120,0.07144311,0.02680576,0.00886010
-1.40770385,0.07766344,0.00023746,0.00000000,0.00003484,0.01046704,0.00001404,0.06416081,0.02506540,0.01105094
-1.40170085,0.07439673,0.00022039,0.00000000,0.00004336,0.00951619,0.00001747,0.05729908,0.02361426,0.01370386
-1.39569785,0.07230105,0.00020607,0.00000000,0.00005357,0.00866333,0.00002159,0.05091699,0.02249457,0.01688872
-1.38969485,0.07151714,0.00019480,0.00000000,0.00006571,0.00791864,0.00002648,0.04505900,0.02174490,0.02067933
-1.38369185,0.07217524,0.00018687,0.00000000,0.00008003,0.00729019,0.00003225,0.03975559,0.02139993,0.02515198
-1.37768884,0.07439362,0.00018248,0.00000000,0.00009676,0.00678409,0.00003900,0.03502416,0.02149019,0.03038365
-1.37168584,0.07827677,0.00018183,0.00000000,0.00011616,0.00640451,0.00004681,0.03087032,0.02204170,0.03644965
-1.36568284,0.08391324,0.00018504,0.00000000,0.00013844,0.00615384,0.00005580,0.02728928,0.02307561,0.04342096
-1.35967984,0.09137298,0.00019222,0.00000000,0.00016381,0.00603271,0.00006602,0.02426726,0.02460767,0.05136112
-1.35367684,0.10070432,0.00020341,0.00000000,0.00019244,0.00604015,0.00007756,0.02178302,0.02664765,0.06032283
-1.34767384,0.11193058,0.00021860,0.00000000,0.00022445,0.00617357,0.00009046,0.01980922,0.02919863,0.07034431
-1.34167084,0.12504647,0.00023772,0.00000000,0.00025991,0.00642887,0.00010475,0.01831370,0.03225627,0.08144561
-1.33566783,0.14001441,0.00026065,0.00000000,0.00029880,0.00680037,0.00012042,0.01726063,0.03580796,0.09362499
-1.32966483,0.15676108,0.00028721,0.00000000,0.00034105,0.00728092,0.00013745,0.01661148,0.03983215,0.10685548
-1.32366183,0.17517430,0.00031714,0.00000000,0.00038647,0.00786178,0.00015576,0.01632582,0.04429762,0.12108201
-1.31765883,0.19510077,0.00035011,0.00000000,0.00043480,0.00853274,0.00017523,0.01636197,0.04916297,0.13621913
-1.31165583,0.21634464,0.00038574,0.00000000,0.00048566,0.00928202,0.00019573,0.01667756,0.05437638,0.15214954
-1.30565283,0.23866743,0.00042356,0.00000000,0.00053857,0.01009643,0.00021706,0.01722990,0.05987559,0.16872373
-1.29964982,0.26178940,0.00046302,0.00000000,0.00059296,0.01096137,0.00023898,0.01797639,0.06558826,0.18576074
-1.29364682,0.28539255,0.00050354,0.00000000,0.00064816,0.01186102,0.00026122,0.01887478,0.07143277,0.20305021
-1.28764382,0.30912536,0.00054447,0.00000000,0.00070340,0.01277853,0.00028349,0.01988354,0.07731937,0.22035577
-1.28164082,0.33260924,0.00058510,0.00000000,0.00075787,0.01369624,0.00030544,0.02096211,0.08315178,0.23741972
-1.27563782,0.35544666,0.00062472,0.00000000,0.00081070,0.01459605,0.00032673,0.02207131,0.08882924,0.25396891
-1.26963482,0.37723062,0.00066259,0.00000000,0.00086099,0.01545972,0.00034700,0.02317368,0.09424879,0.26972173
-1.26363182,0.39755534,0.00069799,0.00000000,0.00090783,0.01626934,0.00036588,0.02423395,0.09930800,0.28439589
-1.25762881,0.41602768,0.00073021,0.00000000,0.00095035,0.01700771,0.00038302,0.02521945,0.10390769,0.29771677
-1.25162581,0.43227877,0.00075859,0.00000000,0.00098773,0.01765882,0.00039809,0.02610062,0.10795491,0.30942595
-1.24562281,0.44597560,0.00078254,0.00000000,0.00101921,0.01820830,0.00041078,0.02685145,0.11136569,0.31928968
-1.23961981,0.45683176,0.00080157,0.00000000,0.00104416,0.01864377,0.00042084,0.02744995,0.11406777,0.32710672
-1.23361681,0.46461703,0.00081527,0.00000000,0.00106206,0.01895528,0.00042807,0.02787853,0.11600293,0.33271538
-1.22761381,0.46916533,0.00082334,0.00000000,0.00107254,0.01913555,0.00043230,0.02812427,0.11712891,0.33599936
-1.22161081,0.47038057,0.00082564,0.00000000,0.00107537,0.01918021,0.00043346,0.02817919,0.11742086,0.33689207
-1.21560780,0.46824024,0.00082214,0.00000000,0.00107053,0.01908790,0.00043153,0.02804031,0.11687217,0.33537927
-1.20960480,0.46279641,0.00081294,0.00000000,0.00105813,0.01886033,0.00042657,0.02770960,0.11549465,0.33149995
-1.20360180,0.45417429,0.00079831,0.00000000,0.00103845,0.01850212,0.00041868,0.02719386,0.11331815,0.32534530
-1.19759880,0.44256826,0.00077860,0.00000000,0.00101196,0.01802072,0.00040806,0.02650438,0.11038947,0.31705603
-1.19159580,0.42823563,0.00075433,0.00000000,0.00097923,0.01742603,0.00039495,0.02565654,0.10677074,0.30681786
-1.18559280,0.41148857,0.00072608,0.00000000,0.00094099,0.01673012,0.00037963,0.02466930,0.10253734,0.29485585
-1.17958979,0.39268434,0.00069457,0.00000000,0.00089806,0.01594676,0.00036245,0.02356460,0.09777535,0.28142738
-1.17358679,0.37221461,0.00066056,0.00000000,0.00085133,0.01509100,0.00034377,0.02236668,0.09257882,0.26681453
-1.16758379,0.35049413,0.00062488,0.00000000,0.00080174,0.01417866,0.00032398,0.02110144,0.08704683,0.25131589
-1.16158079,0.32794930,0.00058841,0.00000000,0.00075029,0.01322584,0.00030348,0.01979572,0.08128059,0.23523841
-1.15557779,0.30500724,0.00055203,0.00000000,0.00069794,0.01224848,0.00028268,0.01847665,0.07538056,0.21888939
-1.14957479,0.28208555,0.00051665,0.00000000,0.00064566,0.01126190,0.00026197,0.01717103,0.06944390,0.20256914
-1.14357179,0.25958333,0.00048317,0.00000000,0.00059434,0.01028044,0.00024173,0.01590479,0.06356213,0.18656432
-1.13756878,0.23787358,0.00045248,0.00000000,0.00054485,0.00931713,0.00022231,0.01470252,0.05781920,0.17114231
-1.13156578,0.21729713,0.00042541,0.00000000,0.00049795,0.00838345,0.00020404,0.01358705,0.05228996,0.15654664
-1.12556278,0.19815819,0.00040279,0.00000000,0.00045434,0.00748919,0.00018722,0.01257915,0.04703914,0.14299355
-1.11955978,0.18072151,0.00038541,0.00000000,0.00041461,0.00664229,0.00017208,0.01169732,0.04212067,0.13066957
-1.11355678,0.16521093,0.00037400,0.00000000,0.00037925,0.00584888,0.00015885,0.01095762,0.03757745,0.11973014
-1.10755378,0.15180922,0.00036925,0.00000000,0.00034867,0.00511331,0.00014769,0.01037353,0.03344153,0.11029912
-1.10155078,0.14065889,0.00037181,0.00000000,0.00032317,0.00443820,0.00013875,0.00995598,0.02973454,0.10246895
-1.09554777,0.13186382,0.00038226,0.00000000,0.00030295,0.00382467,0.00013211,0.00971323,0.02646842,0.09630140
-1.08954477,0.12549133,0.00040113,0.00000000,0.00028814,0.00327242,0.00012782,0.00965093,0.02364630,0.09182864
-1.08354177,0.12157452,0.00042891,0.00000000,0.00027875,0.00278003,0.00012590,0.00977211,0.02126353,0.08905464
-1.07753877,0.12011470,0.00046600,0.00000000,0.00027474,0.00234509,0.00012633,0.01007716,0.01930876,0.08795654
-1.07153577,0.12108363,0.00051274,0.00000000,0.00027598,0.00196447,0.00012905,0.01056390,0.01776504,0.08848611
-1.06553277,0.12442560,0.00056938,0.00000000,0.00028228,0.00163449,0.00013399,0.01122750,0.01661084,0.09057122
-1.05952976,0.13005927,0.00063608,0.00000000,0.00029336,0.00135118,0.00014102,0.01206060,0.01582112,0.09411720
-1.05352676,0.13787925,0.00071290,0.00000000,0.00030889,0.00111038,0.00015001,0.01305326,0.01536820,0.09900825
-1.04752376,0.14775749,0.00079979,0.00000000,0.00032849,0.00090797,0.00016079,0.01419309,0.01522266,0.10510891
-1.04152076,0.15954472,0.00089656,0.00000000,0.00035172,0.00073999,0.00017319,0.01546535,0.01535407,0.11226570
-1.03551776,0.17307188,0.00100291,0.00000000,0.00037807,0.00060277,0.00018700,0.01685312,0.01573175,0.12030906
-1.02951476,0.18815191,0.00111840,0.00000000,0.00040702,0.00049301,0.00020203,0.01833757,0.01632542,0.12905556
-1.02351176,0.20458193,0.00124246,0.00000000,0.00043798,0.00040791,0.00021809,0.01989833,0.01710585,0.13831067
-1.01750875,0.22214592,0.00137438,0.00000000,0.00047035,0.00034521,0.00023500,0.02151390,0.01804553,0.14787196
-1.01150575,0.24061825,0.00151334,0.00000000,0.00050352,0.00030328,0.00025261,0.02316225,0.01911935,0.15753290
-1.00550275,0.25976775,0.00165841,0.00000000,0.00053685,0.00028117,0.00027081,0.02482141,0.02030531,0.16708717
-0.99949975,0.27936273,0.00180857,0.00000000,0.00056973,0.00027870,0.00028954,0.02647028,0.02158527,0.17633340
-0.99349675,0.29917663,0.00196278,0.00000000,0.00060156,0.00029647,0.00030884,0.02808939,0.02294579,0.18508035
-0.98749375,0.31899432,0.00211993,0.00000000,0.00063180,0.00033599,0.00032882,0.02966181,0.02437899,0.19315229
-0.98149075,0.33861885,0.00227897,0.00000000,0.00065995,0.00039966,0.00034973,0.03117402,0.02588339,0.20039443
-0.97548774,0.35787849,0.00243889,0.00000000,0.00068558,0.00049093,0.00037192,0.03261681,0.02746486,0.20667816
-0.96948474,0.37663369,0.00259878,0.00000000,0.00070837,0.00061429,0.00039594,0.03398612,0.02913741,0.21190605
-0.96348174,0.39478385,0.00275791,0.00000000,0.00072810,0.00077540,0.00042248,0.03528379,0.03092403,0.21601609
-0.95747874,0.41227338,0.00291572,0.00000000,0.00074466,0.00098107,0.00045243,0.03651822,0.03285730,0.21898529
-0.95147574,0.42909690,0.00307189,0.00000000,0.00075809,0.00123937,0.00048688,0.03770483,0.03497992,0.22083220
-0.94547274,0.44530314,0.00322638,0.00000000,0.00076854,0.00155957,0.00052711,0.03886636,0.03734491,0.22161832
-0.93946973,0.46099740,0.00337942,0.00000000,0.00077633,0.00195219,0.00057462,0.04003296,0.04001555,0.22144831
-0.93346673,0.47634218,0.00353159,0.00000000,0.00078189,0.00242888,0.00063110,0.04124193,0.04306502,0.22046874
-0.92746373,0.49155589,0.00368376,0.00000000,0.00078580,0.00300234,0.00069841,0.04253737,0.04657554,0.21886562
-0.92146073,0.50690936,0.00383714,0.00000000,0.00078876,0.00368612,0.00077857,0.04396936,0.05063710,0.21686057
-0.91545773,0.52272026,0.00399319,0.00000000,0.00079157,0.00449437,0.00087370,0.04559298,0.05534573,0.21470565
-0.90945473,0.53934533,0.00415365,0.00000000,0.00079511,0.00544153,0.00098600,0.04746700,0.06080119,0.21267714
-0.90345173,0.55717045,0.00432047,0.00000000,0.00080032,0.00654190,0.00111765,0.04965237,0.06710426,0.21106828
-0.89744872,0.57659890,0.00449572,0.00000000,0.00080818,0.00780918,0.00127078,0.05221038,0.07435346,0.21018118
-0.89144572,0.59803788,0.00468154,0.00000000,0.00081966,0.00925593,0.00144736,0.05520074,0.08264144,0.21031809
-0.88544272,0.62188383,0.00488008,0.00000000,0.00083568,0.01089289,0.00164913,0.05867941,0.09205099,0.21177235
-0.87943972,0.64850686,0.00509334,0.00000000,0.00085712,0.01272839,0.00187752,0.06269645,0.10265088,0.21481910
-0.87343672,0.67823491,0.00532315,0.00000000,0.00088472,0.01476764,0.00213352,0.06729380,0.11449163,0.21970614
-0.86743372,0.71133815,0.00557106,0.00000000,0.00091910,0.01701207,0.00241762,0.07250315,0.12760139,0.22664515
-0.86143072,0.74801439,0.00583824,0.00000000,0.00096071,0.01945865,0.00272972,0.07834398,0.14198219,0.23580352
-0.85542771,0.78837609,0.00612542,0.00000000,0.00100977,0.02209940,0.00306906,0.08482191,0.15760666,0.24729710
-0.84942471,0.83243976,0.00643285,0.00000000,0.00106631,0.02492087,0.00343415,0.09192726,0.17441558,0.26118413
-0.84342171,0.88011826,0.00676025,0.00000000,0.00113009,0.02790391,0.00382277,0.09963429,0.19231636,0.27746057
-0.83741871,0.93121690,0.00710682,0.00000000,0.00120066,0.03102348,0.00423192,0.10790072,0.21118270,0.29605709
-0.83141571,0.98543345,0.00747126,0.00000000,0.00127726,0.03424879,0.00465789,0.11666809,0.23085550,0.31683801
-0.82541271,1.04236284,0.00785181,0.00000000,0.00135894,0.03754363,0.00509626,0.12586256,0.25114533,0.33960217
-0.81940970,1.10150642,0.00824635,0.00000000,0.00144449,0.04086689,0.00554202,0.13539653,0.27183613,0.36408608
-0.81340670,1.16228582,0.00865249,0.00000000,0.00153249,0.04417342,0.00598967,0.14517087,0.29269056,0.38996917
-0.80740370,1.22406120,0.00906773,0.00000000,0.00162138,0.04741506,0.00643336,0.15507769,0.31345642,0.41688128
-0.80140070,1.28615327,0.00948957,0.00000000,0.00170944,0.05054186,0.00686707,0.16500377,0.33387433,0.44441218
-0.79539770,1.34786825,0.00991573,0.00000000,0.00179488,0.05350349,0.00728479,0.17483428,0.35368610,0.47212286
-0.78939470,1.40852478,0.01034427,0.00000000,0.00187589,0.05625078,0.00768071,0.18445685,0.37264361,0.49955834
-0.78339170,1.46748149,0.01077376,0.00000000,0.00195067,0.05873726,0.00804941,0.19376559,0.39051770,0.52626154
-0.77738869,1.52416389,0.01120342,0.00000000,0.00201752,0.06092070,0.00838607,0.20266513,0.40710671,0.55178772
-0.77138569,1.57808904,0.01163324,0.00000000,0.00207488,0.06276455,0.00868664,0.21107420,0.42224410,0.57571883
-0.76538269,1.62888658,0.01206403,0.00000000,0.00212135,0.06423927,0.00894797,0.21892875,0.43580485,0.59767728
-0.75937969,1.67631480,0.01249742,0.00000000,0.00215581,0.06532335,0.00916793,0.22618430,0.44771021,0.61733848
-0.75337669,1.72027057,0.01293589,0.00000000,0.00217739,0.06600413,0.00934548,0.23281740,0.45793045,0.63444146
-0.74737369,1.76079220,0.01338261,0.00000000,0.00218555,0.06627822,0.00948069,0.23882614,0.46648542,0.64879714
-0.74137069,1.79805487,0.01384131,0.00000000,0.00218003,0.06615166,0.00957475,0.24422954,0.47344290,0.66029375
-0.73536768,1.83235846,0.01431611,0.00000000,0.00216095,0.06563963,0.00962984,0.24906591,0.47891470,0.66889907
-0.72936468,1.86410812,0.01481121,0.00000000,0.00212873,0.06476585,0.00964907,0.25339019,0.48305064,0.67465946
-0.72336168,1.89378856,0.01533067,0.00000000,0.00208411,0.06356168,0.00963632,0.25727040,0.48603088,0.67769545
-0.71735868,1.92193316,0.01587803,0.00000000,0.00202811,0.06206493,0.00959602,0.26078349,0.48805679,0.67819429
-0.71135568,1.94908973,0.01645609,0.00000000,0.00196204,0.06031841,0.00953299,0.26401055,0.48934103,0.67639967
-0.70535268,1.97578456,0.01706654,0.00000000,0.00188737,0.05836841,0.00945221,0.26703200,0.49009725,0.67259927
-0.69934967,2.00248718,0.01770975,0.00000000,0.00180580,0.05626300,0.00935863,0.26992276,0.49053016,0.66711051
-0.69334667,2.02957768,0.01838455,0.00000000,0.00171911,0.05405049,0.00925693,0.27274783,0.49082635,0.66026558
-0.68734367,2.05731875,0.01908809,0.00000000,0.00162918,0.05177780,0.00915139,0.27555850,0.49114652,0.65239620
-0.68134067,2.08583419,0.01981579,0.00000000,0.00153793,0.04948913,0.00904574,0.27838943,0.49161945,0.64381914
-0.67533767,2.11509530,0.02056137,0.00000000,0.00144727,0.04722472,0.00894301,0.28125680,0.49233806,0.63482311
-0.66933467,2.14491618,0.02131696,0.00000000,0.00135907,0.04501997,0.00884554,0.28415759,0.49335782,0.62565770
-0.66333167,2.17495832,0.02207333,0.00000000,0.00127513,0.04290478,0.00875490,0.28707009,0.49469737,0.61652499
-0.65732866,2.20474429,0.02282016,0.00000000,0.00119720,0.04090316,0.00867194,0.28995554,0.49634140,0.60757406
-0.65132566,2.23368001,0.02354642,0.00000000,0.00112689,0.03903325,0.00859684,0.29276086,0.49824544,0.59889871
-0.64532266,2.26108413,0.02424076,0.00000000,0.00106575,0.03730750,0.00852919,0.29542225,0.50034222,0.59053845
-0.63931966,2.28622300,0.02489197,0.00000000,0.00101522,0.03573312,0.00846814,0.29786936,0.50254915,0.58248244
-0.63331666,2.30834921,0.02548939,0.00000000,0.00097663,0.03431278,0.00841247,0.30002995,0.50477629,0.57467620
-0.62731366,2.32674133,0.02602332,0.00000000,0.00095125,0.03304539,0.00836077,0.30183454,0.50693438,0.56703051
-0.62131066,2.34074276,0.02648546,0.00000000,0.00094029,0.03192700,0.00831156,0.30322085,0.50894231,0.55943208
-0.61530765,2.34979728,0.02686914,0.00000000,0.00094486,0.03095178,0.00826340,0.30413782,0.51073358,0.55175509
-0.60930465,2.35347953,0.02716961,0.00000000,0.00096604,0.03011287,0.00821500,0.30454882,0.51226129,0.54387320
-0.60330165,2.35151862,0.02738417,0.00000000,0.00100485,0.02940327,0.00816529,0.30443399,0.51350141,0.53567119
-0.59729865,2.34381383,0.02751218,0.00000000,0.00106222,0.02881661,0.00811349,0.30379164,0.51445419,0.52705563
-0.59129565,2.33044164,0.02755505,0.00000000,0.00113902,0.02834771,0.00805911,0.30263845,0.51514358,0.51796416
-0.58529265,2.31165398,0.02751605,0.00000000,0.00123601,0.02799305,0.00800199,0.30100874,0.51561483,0.50837281
-0.57928964,2.28786808,0.02740009,0.00000000,0.00135381,0.02775106,0.00794226,0.29895268,0.51593059,0.49830117
-0.57328664,2.25964878,0.02721342,0.00000000,0.00149285,0.02762222,0.00788029,0.29653377,0.51616561,0.48781513
-0.56728364,2.22768451,0.02696331,0.00000000,0.00165337,0.02760904,0.00781665,0.29382568,0.51640068,0.47702731
-0.56128064,2.19275850,0.02665762,0.00000000,0.00183529,0.02771585,0.00775207,0.29090859,0.51671615,0.46609499
-0.55527764,2.15571692,0.02630450,0.00000000,0.00203824,0.02794850,0.00768736,0.28786549,0.51718552,0.45521599
-0.54927464,2.11743574,0.02591199,0.00000000,0.00226148,0.02831395,0.00762334,0.28477843,0.51786959,0.44462253
-0.54327164,2.07878794,0.02548769,0.00000000,0.00250385,0.02881984,0.00756081,0.28172507,0.51881149,0.43457355
-0.53726863,2.04061274,0.02503855,0.00000000,0.00276374,0.02947394,0.00750050,0.27877564,0.52003305,0.42534568
-0.53126563,2.00368806,0.02457062,0.00000000,0.00303908,0.03028369,0.00744304,0.27599051,0.52153256,0.41722333
-0.52526263,1.96870721,0.02408895,0.00000000,0.00332735,0.03125564,0.00738893,0.27341836,0.52328423,0.41048831
-0.51925963,1.93626055,0.02359752,0.00000000,0.00362555,0.03239498,0.00733854,0.27109508,0.52523917,0.40540920
-0.51325663,1.90682235,0.02309928,0.00000000,0.00393031,0.03370515,0.00729213,0.26904340,0.52732795,0.40223088
-0.50725363,1.88074290,0.02259621,0.00000000,0.00423785,0.03518741,0.00724982,0.26727306,0.52946443,0.40116463
-0.50125063,1.85824560,0.02208948,0.00000000,0.00454414,0.03684054,0.00721163,0.26578162,0.53155060,0.40237884
-0.49524762,1.83942852,0.02157959,0.00000000,0.00484496,0.03866057,0.00717747,0.26455568,0.53348210,0.40599094
-0.48924462,1.82426973,0.02106662,0.00000000,0.00513599,0.04064059,0.00714719,0.26357237,0.53515405,0.41206042
-0.48324162,1.81263574,0.02055040,0.00000000,0.00541296,0.04277063,0.00712055,0.26280109,0.53646673,0.42058342
-0.47723862,1.80429214,0.02003074,0.00000000,0.00567177,0.04503757,0.00709724,0.26220524,0.53733086,0.43148906
-0.47123562,1.79891588,0.01950762,0.00000000,0.00590860,0.04742513,0.00707688,0.26174395,0.53767199,0.44463750
-0.46523262,1.79610832,0.01898133,0.00000000,0.00612004,0.04991395,0.00705901,0.26137363,0.53743393,0.45982006
-0.45922961,1.79540868,0.01845257,0.00000000,0.00630318,0.05248169,0.00704309,0.26104930,0.53658086,0.47676149
-0.45322661,1.79630735,0.01792258,0.00000000,0.00645574,0.05510319,0.00702844,0.26072568,0.53509803,0.49512424
-0.44722361,1.79825886,0.01739308,0.00000000,0.00657608,0.05775077,0.00701432,0.26035803,0.53299122,0.51451507
-0.44122061,1.80069424,0.01686629,0.00000000,0.00666329,0.06039450,0.00699981,0.25990274,0.53028477,0.53449349
-0.43521761,1.80303274,0.01634484,0.00000000,0.00671719,0.06300262,0.00698389,0.25931762,0.52701849,0.55458230
-0.42921461,1.80469302,0.01583165,0.00000000,0.00673828,0.06554197,0.00696538,0.25856218,0.52324373,0.57427967
-0.42321161,1.80510361,0.01532980,0.00000000,0.00672776,0.06797852,0.00694299,0.25759762,0.51901869,0.59307255
-0.41720860,1.80371296,0.01484233,0.00000000,0.00668739,0.07027798,0.00691531,0.25638688,0.51440345,0.61045100
-0.41120560,1.79999900,0.01437212,0.00000000,0.00661946,0.07240636,0.00688085,0.25489465,0.50945506,0.62592298
-0.40520260,1.79347820,0.01392167,0.00000000,0.00652663,0.07433073,0.00683809,0.25308747,0.50422277,0.63902899
-0.39919960,1.78371428,0.01349298,0.00000000,0.00641185,0.07601984,0.00678549,0.25093384,0.49874413,0.64935610
-0.39319660,1.77032627,0.01308739,0.00000000,0.00627822,0.07744483,0.00672156,0.24840461,0.49304171,0.65655072
-0.38719360,1.75299603,0.01270551,0.00000000,0.00612888,0.07857991,0.00664493,0.24547331,0.48712110,0.66032971
-0.38119060,1.73147498,0.01234713,0.00000000,0.00596687,0.07940300,0.00655439,0.24211681,0.48097000,0.66048928
-0.37518759,1.70558986,0.01201123,0.00000000,0.00579507,0.07989632,0.00644892,0.23831597,0.47455868,0.65691134
-0.36918459,1.67524742,0.01169601,0.00000000,0.00561608,0.08004683,0.00632778,0.23405649,0.46784163,0.64956704
-0.36318159,1.64043779,0.01139894,0.00000000,0.00543222,0.07984671,0.00619055,0.22932969,0.46076046,0.63851741
-0.35717859,1.60123654,0.01111692,0.00000000,0.00524541,0.07929359,0.00603711,0.22413347,0.45324783,0.62391107
-0.35117559,1.55780507,0.01084638,0.00000000,0.00505726,0.07839075,0.00586774,0.21847313,0.44523218,0.60597918
-0.34517259,1.51038958,0.01058349,0.00000000,0.00486901,0.07714714,0.00568306,0.21236212,0.43664304,0.58502785
-0.33916958,1.45931840,0.01032434,0.00000000,0.00468160,0.07557734,0.00548407,0.20582274,0.42741671,0.56142854
-0.33316658,1.40499774,0.01006517,0.00000000,0.00449568,0.07370132,0.00527211,0.19888662,0.41750178,0.53560673
-0.32716358,1.34790605,0.00980253,0.00000000,0.00431173,0.07154408,0.00504887,0.19159496,0.40686450,0.50802950
-0.32116058,1.28858696,0.00953351,0.00000000,0.00413010,0.06913530,0.00481632,0.18399865,0.39549343,0.47919259
-0.31515758,1.22764111,0.00925584,0.00000000,0.00395108,0.06650869,0.00457668,0.17615799,0.38340330,0.44960734
-0.30915458,1.16571688,0.00896813,0.00000000,0.00377494,0.06370148,0.00433239,0.16814228,0.37063780,0.41978814
-0.30315158,1.10350025,0.00866985,0.00000000,0.00360209,0.06075365,0.00408603,0.16002903,0.35727117,0.39024078
-0.29714857,1.04170397,0.00836146,0.00000000,0.00343301,0.05770722,0.00384028,0.15190296,0.34340841,0.36145199
-0.29114557,0.98105619,0.00804442,0.00000000,0.00326839,0.05460548,0.00359788,0.14385469,0.32918419,0.33388042
-0.28514257,0.92228869,0.00772112,0.00000000,0.00310908,0.05149220,0.00336153,0.13597927,0.31476042,0.30794927
-0.27913957,0.86612484,0.00739482,0.00000000,0.00295613,0.04841080,0.00313391,0.12837439,0.30032251,0.28404047
-0.27313657,0.81326746,0.00706959,0.00000000,0.00281078,0.04540359,0.00291757,0.12113855,0.28607465,0.26249047
-0.26713357,0.76438660,0.00675006,0.00000000,0.00267442,0.04251096,0.00271492,0.11436896,0.27223400,0.24358740
-0.26113057,0.72010759,0.00644137,0.00000000,0.00254857,0.03977072,0.00252818,0.10815946,0.25902426,0.22756945
-0.25512756,0.68099922,0.00614889,0.00000000,0.00243478,0.03721735,0.00235934,0.10259832,0.24666879,0.21462429
-0.24912456,0.64756252,0.00587805,0.00000000,0.00233463,0.03488142,0.00221018,0.09776611,0.23538343,0.20488920
-0.24312156,0.62022004,0.00563419,0.00000000,0.00224961,0.03278899,0.00208216,0.09373364,0.22536944,0.19845178
-0.23711856,0.59930617,0.00542226,0.00000000,0.00218110,0.03096121,0.00197650,0.09056000,0.21680672,0.19535109
-0.23111556,0.58505847,0.00524675,0.00000000,0.00213025,0.02941388,0.00189409,0.08829084,0.20984758,0.19557894
-0.22511256,0.57761059,0.00511146,0.00000000,0.00209797,0.02815720,0.00183550,0.08695689,0.20461131,0.19908154
-0.21910955,0.57698685,0.00501937,0.00000000,0.00208485,0.02719562,0.00180102,0.08657277,0.20117966,0.20576120
-0.21310655,0.58309904,0.00497258,0.00000000,0.00209112,0.02652777,0.00179060,0.08713628,0.19959351,0.21547843
-0.20710355,0.59574555,0.00497216,0.00000000,0.00211665,0.02614656,0.00180388,0.08862797,0.19985076,0.22805433
-0.20110055,0.61461329,0.00501819,0.00000000,0.00216087,0.02603940,0.00184021,0.09101133,0.20190563,0.24327363
-0.19509755,0.63928253,0.00510967,0.00000000,0.00222286,0.02618858,0.00189864,0.09423334,0.20566923,0.26088821
-0.18909455,0.66923488,0.00524465,0.00000000,0.00230131,0.02657171,0.00197795,0.09822565,0.21101165,0.28062169
-0.18309155,0.70386429,0.00542016,0.00000000,0.00239455,0.02716238,0.00207667,0.10290618,0.21776534,0.30217468
-0.17708854,0.74249111,0.00563244,0.00000000,0.00250066,0.02793092,0.00219313,0.10818125,0.22572969,0.32523120
-0.17108554,0.78437893,0.00587693,0.00000000,0.00261747,0.02884519,0.00232544,0.11394808,0.23467681,0.34946591
-0.16508254,0.82875360,0.00614848,0.00000000,0.00274264,0.02987156,0.00247155,0.12009773,0.24435812,0.37455215
-0.15907954,0.87482408,0.00644148,0.00000000,0.00287380,0.03097589,0.00262930,0.12651820,0.25451177,0.40017062
-0.15307654,0.92180416,0.00674999,0.00000000,0.00300855,0.03212450,0.00279643,0.13309772,0.26487036,0.42601825
-0.14707354,0.96893437,0.00706795,0.00000000,0.00314461,0.03328522,0.00297062,0.13972807,0.27516885,0.45181702
-0.14107054,1.01550296,0.00738930,0.00000000,0.00327986,0.03442831,0.00314953,0.14630772,0.28515237,0.47732216
-0.13506753,1.06086516,0.00770815,0.00000000,0.00341242,0.03552731,0.00333084,0.15274465,0.29458350,0.50232929
-0.12906453,1.10445958,0.00801890,0.00000000,0.00354073,0.03655977,0.00351227,0.15895889,0.30324882,0.52668007
-0.12306153,1.14582098,0.00831637,0.00000000,0.00366357,0.03750782,0.00369162,0.16488431,0.31096449,0.55026577
-0.11705853,1.18458876,0.00859590,0.00000000,0.00378006,0.03835852,0.00386676,0.17046992,0.31758051,0.57302856
-0.11105553,1.22051046,0.00885343,0.00000000,0.00388975,0.03910402,0.00403569,0.17568034,0.32298365,0.59496011
-0.10505253,1.25344010,0.00908549,0.00000000,0.00399249,0.03974148,0.00419654,0.18049553,0.32709882,0.61609744
-0.09904952,1.28333144,0.00928931,0.00000000,0.00408850,0.04027277,0.00434756,0.18490973,0.32988895,0.63651609
-0.09304652,1.31022629,0.00946273,0.00000000,0.00417823,0.04070392,0.00448716,0.18892973,0.33135328,0.65632069
-0.08704352,1.33423859,0.00960423,0.00000000,0.00426233,0.04104446,0.00461387,0.19257244,0.33152440,0.67563351
-0.08104052,1.35553511,0.00971287,0.00000000,0.00434158,0.04130651,0.00472639,0.19586200,0.33046392,0.69458131
-0.07503752,1.37431378,0.00978822,0.00000000,0.00441676,0.04150379,0.00482356,0.19882656,0.32825739,0.71328140
-0.06903452,1.39078098,0.00983029,0.00000000,0.00448859,0.04165061,0.00490437,0.20149490,0.32500838,0.73182749
-0.06303152,1.40512916,0.00983946,0.00000000,0.00455764,0.04176079,0.00496795,0.20389306,0.32083233,0.75027634
-0.05702851,1.41751598,0.00981644,0.00000000,0.00462422,0.04184668,0.00501359,0.20604131,0.31585033,0.76863592
-0.05102551,1.42804646,0.00976213,0.00000000,0.00468836,0.04191825,0.00504071,0.20795146,0.31018326,0.78685597
-0.04502251,1.43675907,0.00967761,0.00000000,0.00474975,0.04198238,0.00504890,0.20962487,0.30394645,0.80482159
-0.03901951,1.44361677,0.00956409,0.00000000,0.00480769,0.04204233,0.00503794,0.21105117,0.29724519,0.82235042
-0.03301651,1.44850345,0.00942282,0.00000000,0.00486113,0.04209740,0.00500773,0.21220775,0.29017131,0.83919376
-0.02701351,1.45122616,0.00925512,0.00000000,0.00490868,0.04214292,0.00495838,0.21306021,0.28280086,0.85504171
-0.02101051,1.45152290,0.00906236,0.00000000,0.00494867,0.04217040,0.00489019,0.21356358,0.27519295,0.86953220
-0.01500750,1.44907568,0.00884590,0.00000000,0.00497918,0.04216796,0.00480363,0.21366440,0.26738980,0.88226360
-0.00900450,1.44352783,0.00860720,0.00000000,0.00499819,0.04212099,0.00469939,0.21330335,0.25941780,0.89281032
-0.00300150,1.43450486,0.00834772,0.00000000,0.00500361,0.04201293,0.00457834,0.21241856,0.25128955,0.90074057
0.00300150,1.42163732,0.00806904,0.00000000,0.00499347,0.04182617,0.00444154,0.21094906,0.24300658,0.90563537
0.00900450,1.40458451,0.00777283,0.00000000,0.00496592,0.04154312,0.00429026,0.20883848,0.23456257,0.90710796
0.01500750,1.38305759,0.00746087,0.00000000,0.00491943,0.04114715,0.00412590,0.20603863,0.22594685,0.90482235
0.02101051,1.35684076,0.00713509,0.00000000,0.00485281,0.04062361,0.00395006,0.20251274,0.21714789,0.89851018
0.02701351,1.32580925,0.00679754,0.00000000,0.00476533,0.03996066,0.00376445,0.19823831,0.20815663,0.88798495
0.03301651,1.28994332,0.00645045,0.00000000,0.00465674,0.03915005,0.00357088,0.19320923,0.19896934,0.87315290
0.03901951,1.24933732,0.00609615,0.00000000,0.00452731,0.03818765,0.00337123,0.18743726,0.18959000,0.85401998
0.04502251,1.20420357,0.00573712,0.00000000,0.00437786,0.03707385,0.00316746,0.18095265,0.18003198,0.83069452
0.05102551,1.15487086,0.00537593,0.00000000,0.00420969,0.03581367,0.00296150,0.17380398,0.17031904,0.80338571
0.05702851,1.10177785,0.00501521,0.00000000,0.00402461,0.03441678,0.00275527,0.16605715,0.16048552,0.77239780
0.06303152,1.04546181,0.00465761,0.00000000,0.00382483,0.03289717,0.00255065,0.15779375,0.15057595,0.73812064
0.06903452,0.98654348,0.00430578,0.00000000,0.00361290,0.03127284,0.00234939,0.14910872,0.14064396,0.70101694
0.07503752,0.92570895,0.00396231,0.00000000,0.00339166,0.02956517,0.00215318,0.14010766,0.13075076,0.66160708
0.08104052,0.86368963,0.00362970,0.00000000,0.00316409,0.02779830,0.00196354,0.13090374,0.12096317,0.62045224
0.08704352,0.80124135,0.00331032,0.00000000,0.00293325,0.02599844,0.00178185,0.12161450,0.11135148,0.57813679
0.09304652,0.73912371,0.00300637,0.00000000,0.00270222,0.02419308,0.00160931,0.11235871,0.10198723,0.53525060
0.09904952,0.67808055,0.00271985,0.00000000,0.00247395,0.02241033,0.00144696,0.10325337,0.09294101,0.49237241
0.10505253,0.61882258,0.00245257,0.00000000,0.00225127,0.02067820,0.00129567,0.09441098,0.08428044,0.45005455
0.11105553,0.56201251,0.00220613,0.00000000,0.00203675,0.01902402,0.00115614,0.08593725,0.07606845,0.40880992
0.11705853,0.50825343,0.00198187,0.00000000,0.00183273,0.01747392,0.00102889,0.07792925,0.06836189,0.36910147
0.12306153,0.45808041,0.00178095,0.00000000,0.00164126,0.01605242,0.00091432,0.07047409,0.06121049,0.33133441
0.12906453,0.41195550,0.00160431,0.00000000,0.00146407,0.01478210,0.00081267,0.06364802,0.05465629,0.29585133
0.13506753,0.37026582,0.00145268,0.00000000,0.00130264,0.01368339,0.00072410,0.05751607,0.04873339,0.26293002
0.14107054,0.33332437,0.00132663,0.00000000,0.00115813,0.01277440,0.00064863,0.05213207,0.04346811,0.23278390
0.14707354,0.30137318,0.00122656,0.00000000,0.00103148,0.01207084,0.00058623,0.04753895,0.03887939,0.20556459
0.15307654,0.27458809,0.00115272,0.00000000,0.00092340,0.01158599,0.00053681,0.04376939,0.03497947,0.18136638
0.15907954,0.25308456,0.00110523,0.00000000,0.00083444,0.01133065,0.00050023,0.04084650,0.03177468,0.16023194
0.16508254,0.23692395,0.00108406,0.00000000,0.00076498,0.01131310,0.00047631,0.03878463,0.02926633,0.14215901
0.17108554,0.22611971,0.00108908,0.00000000,0.00071534,0.01153908,0.00046486,0.03759009,0.02745159,0.12710744
0.17708854,0.22064284,0.00112000,0.00000000,0.00068575,0.01201170,0.00046566,0.03726186,0.02632429,0.11500622
0.18309155,0.22042649,0.00117639,0.00000000,0.00067639,0.01273134,0.00047847,0.03779205,0.02587563,0.10576020
0.18909455,0.22536916,0.00125765,0.00000000,0.00068744,0.01369550,0.00050304,0.03916621,0.02609470,0.09925612
0.19509755,0.23533673,0.00136300,0.00000000,0.00071903,0.01489862,0.00053910,0.04136352,0.02696879,0.09536776
0.20110055,0.25016299,0.00149142,0.00000000,0.00077131,0.01633197,0.00058633,0.04435667,0.02848355,0.09396010
0.20710355,0.26964913,0.00164167,0.00000000,0.00084433,0.01798341,0.00064438,0.04811175,0.03062293,0.09489251
0.21310655,0.29356225,0.00181224,0.00000000,0.00093814,0.01983728,0.00071283,0.05258793,0.03336894,0.09802085
0.21910955,0.32163342,0.00200130,0.00000000,0.00105263,0.02187435,0.00079119,0.05773717,0.03670131,0.10319871
0.22511256,0.35355550,0.00220674,0.00000000,0.00118759,0.02407181,0.00087890,0.06350399,0.04059703,0.11027787
0.23111556,0.38898139,0.00242613,0.00000000,0.00134258,0.02640337,0.00097529,0.06982535,0.04502983,0.11910818
0.23711856,0.42752295,0.00265672,0.00000000,0.00151695,0.02883952,0.00107960,0.07663068,0.04996973,0.12953702
0.24312156,0.46875119,0.00289549,0.00000000,0.00170971,0.03134792,0.00119096,0.08384219,0.05538261,0.14140864
0.24912456,0.51219778,0.00313916,0.00000000,0.00191956,0.03389388,0.00130842,0.09137551,0.06122988,0.15456341
0.25512756,0.55735848,0.00338421,0.00000000,0.00214483,0.03644102,0.00143090,0.09914052,0.06746834,0.16883735
0.26113057,0.60369822,0.00362701,0.00000000,0.00238340,0.03895208,0.00155724,0.10704267,0.07405016,0.18406191
0.26713357,0.65065821,0.00386382,0.00000000,0.00263278,0.04138977,0.00168623,0.11498441,0.08092314,0.20006422
0.27313657,0.69766461,0.00409091,0.00000000,0.00289002,0.04371770,0.00181658,0.12286701,0.08803105,0.21666780
0.27913957,0.74413874,0.00430465,0.00000000,0.00315181,0.04590139,0.00194699,0.13059253,0.09531426,0.23369378
0.28514257,0.78950830,0.00450159,0.00000000,0.00341447,0.04790917,0.00207613,0.13806584,0.10271046,0.25096257
0.29114557,0.83321930,0.00467853,0.00000000,0.00367403,0.04971314,0.00220273,0.14519671,0.11015556,0.26829596
0.29714857,0.87474803,0.00483266,0.00000000,0.00392631,0.05128988,0.00232554,0.15190184,0.11758461,0.28551944
0.30315158,0.91361251,0.00496156,0.00000000,0.00416701,0.05262117,0.00244339,0.15810661,0.12493278,0.30246477
0.30915458,0.94938309,0.00506336,0.00000000,0.00439183,0.05369439,0.00255521,0.16374663,0.13213631,0.31897248
0.31515758,0.98169134,0.00513670,0.00000000,0.00459658,0.05450283,0.00266006,0.16876889,0.13913341,0.33489428
0.32116058,1.01023715,0.00518080,0.00000000,0.00477729,0.05504567,0.00275711,0.17313255,0.14586496,0.35009519
0.32716358,1.03479344,0.00519546,0.00000000,0.00493037,0.05532787,0.00284569,0.17680918,0.15227517,0.36445530
0.33316658,1.05520841,0.00518109,0.00000000,0.00505267,0.05535970,0.00292529,0.17978264,0.15831198,0.37787098
0.33916958,1.07140522,0.00513861,0.00000000,0.00514164,0.05515622,0.00299553,0.18204847,0.16392731,0.39025560
0.34517259,1.08337920,0.00506946,0.00000000,0.00519537,0.05473653,0.00305618,0.18361288,0.16907720,0.40153968
0.35117559,1.09119278,0.00497552,0.00000000,0.00521270,0.05412292,0.00310715,0.18449140,0.17372167,0.41167047
0.35717859,1.09496848,0.00485903,0.00000000,0.00519322,0.05333998,0.00314848,0.18470735,0.17782467,0.42061104
0.36318159,1.09488038,0.00472252,0.00000000,0.00513729,0.05241365,0.00318032,0.18429013,0.18135378,0.42833897
0.36918459,1.09114461,0.00456872,0.00000000,0.00504607,0.05137035,0.00320292,0.18327344,0.18428007,0.43484475
0.37518759,1.08400937,0.00440045,0.00000000,0.00492144,0.05023617,0.00321660,0.18169366,0.18657791,0.44012997
0.38119060,1.07374492,0.00422058,0.00000000,0.00476592,0.04903613,0.00322179,0.17958832,0.18822493,0.44420554
0.38719360,1.06063424,0.00403191,0.00000000,0.00458263,0.04779368,0.00321896,0.17699484,0.18920208,0.44708994
0.39319660,1.04496450,0.00383712,0.00000000,0.00437518,0.04653025,0.00320863,0.17394960,0.18949391,0.44880764
0.39919960,1.02701993,0.00363870,0.00000000,0.00414749,0.04526500,0.00319140,0.17048731,0.18908897,0.44938786
0.40520260,1.00707607,0.00343893,0.00000000,0.00390377,0.04401478,0.00316791,0.16664071,0.18798037,0.44886362
0.41120560,0.98539567,0.00323983,0.00000000,0.00364828,0.04279410,0.00313885,0.16244067,0.18616651,0.44727111
0.41720860,0.96222609,0.00304314,0.00000000,0.00338529,0.04161534,0.00310497,0.15791647,0.18365184,0.44464948
0.42321161,0.93779820,0.00285033,0.00000000,0.00311893,0.04048896,0.00306705,0.15309633,0.18044765,0.44104089
0.42921461,0.91232642,0.00266261,0.00000000,0.00285310,0.03942373,0.00302596,0.14800813,0.17657285,0.43649079
0.43521761,0.88600973,0.00248091,0.00000000,0.00259136,0.03842704,0.00298257,0.14268012,0.17205456,0.43104843
0.44122061,0.85903340,0.00230594,0.00000000,0.00233688,0.03750510,0.00293781,0.13714161,0.16692858,0.42476741
0.44722361,0.83157092,0.00213821,0.00000000,0.00209238,0.03666314,0.00289262,0.13142356,0.16123952,0.41770623
0.45322661,0.80378607,0.00197805,0.00000000,0.00186012,0.03590549,0.00284795,0.12555904,0.15504070,0.40992878
0.45922961,0.77583476,0.00182564,0.00000000,0.00164185,0.03523560,0.00280470,0.11958336,0.14839366,0.40150466
0.46523262,0.74786643,0.00168105,0.00000000,0.00143886,0.03465593,0.00276375,0.11353408,0.14136739,0.39250932
0.47123562,0.72002491,0.00154426,0.00000000,0.00125198,0.03416782,0.00272585,0.10745066,0.13403719,0.38302390
0.47723862,0.69244880,0.00141520,0.00000000,0.00108160,0.03377124,0.00269165,0.10137392,0.12648323,0.37313491
0.48324162,0.66527108,0.00129372,0.00000000,0.00092773,0.03346454,0.00266164,0.09534529,0.11878889,0.36293350
0.48924462,0.63861838,0.00117967,0.00000000,0.00079008,0.03324414,0.00263614,0.08940588,0.11103889,0.35251462
0.49524762,0.61260971,0.00107287,0.00000000,0.00066804,0.03310436,0.00261523,0.08359547,0.10331743,0.34197583
0.50125063,0.58735492,0.00097313,0.00000000,0.00056082,0.03303717,0.00259878,0.07795149,0.09570615,0.33141594
0.50725363,0.56295309,0.00088024,0.00000000,0.00046745,0.03303210,0.00258641,0.07250801,0.08828231,0.32093348
0.51325663,0.53949079,0.00079399,0.00000000,0.00038684,0.03307632,0.00257750,0.06729481,0.08111703,0.31062497
0.51925963,0.51704063,0.00071418,0.00000000,0.00031785,0.03315471,0.00257123,0.06233672,0.07427381,0.30058314
0.52526263,0.49565986,0.00064057,0.00000000,0.00025930,0.03325016,0.00256655,0.05765298,0.06780725,0.29089498
0.53126563,0.47538944,0.00057292,0.00000000,0.00021004,0.03334403,0.00256226,0.05325704,0.06176211,0.28163983
0.53726863,0.45625337,0.00051099,0.00000000,0.00016893,0.03341661,0.00255703,0.04915636,0.05617273,0.27288744
0.54327164,0.43825847,0.00045451,0.00000000,0.00013493,0.03344780,0.00254946,0.04535269,0.05106276,0.26469610
0.54927464,0.42139448,0.00040320,0.00000000,0.00010703,0.03341778,0.00253815,0.04184236,0.04644517,0.25711092
0.55527764,0.40563460,0.00035678,0.00000000,0.00008435,0.03330774,0.00252173,0.03861686,0.04232266,0.25016228
0.56128064,0.39093638,0.00031495,0.00000000,0.00006607,0.03310058,0.00249895,0.03566360,0.03868825,0.24386457
0.56728364,0.37724294,0.00027741,0.00000000,0.00005150,0.03278163,0.00246870,0.03296665,0.03552617,0.23821536
0.57328664,0.36448449,0.00024383,0.00000000,0.00004000,0.03233918,0.00243010,0.03050764,0.03281287,0.23319496
0.57928964,0.35258015,0.00021392,0.00000000,0.00003107,0.03176497,0.00238249,0.02826667,0.03051822,0.22876649
0.58529265,0.34144012,0.00018737,0.00000000,0.00002426,0.03105456,0.00232552,0.02622310,0.02860679,0.22487669
0.59129565,0.33096800,0.00016388,0.00000000,0.00001922,0.03020745,0.00225911,0.02435638,0.02703915,0.22145719
0.59729865,0.32106349,0.00014316,0.00000000,0.00001568,0.02922712,0.00218348,0.02264673,0.02577324,0.21842656
0.60330165,0.31162522,0.00012495,0.00000000,0.00001342,0.02812089,0.00209915,0.02107573,0.02476562,0.21569298
0.60930465,0.30255386,0.00010898,0.00000000,0.00001231,0.02689958,0.00200690,0.01962675,0.02397275,0.21315747
0.61530765,0.29375537,0.00009504,0.00000000,0.00001226,0.02557713,0.00190775,0.01828534,0.02335214,0.21071765
0.62131066,0.28514428,0.00008290,0.00000000,0.00001327,0.02416998,0.00180294,0.01703940,0.02286339,0.20827186
0.62731366,0.27664709,0.00007239,0.00000000,0.00001538,0.02269651,0.00169385,0.01587930,0.02246915,0.20572352
0.63331666,0.26820551,0.00006334,0.00000000,0.00001869,0.02117634,0.00158198,0.01479791,0.02213584,0.20298552
0.63931966,0.25977957,0.00005562,0.00000000,0.00002336,0.01962966,0.00146891,0.01379053,0.02183438,0.19998450
0.64532266,0.25135030,0.00004910,0.00000000,0.00002960,0.01807656,0.00135620,0.01285475,0.02154062,0.19666478
0.65132566,0.24292213,0.00004370,0.00000000,0.00003770,0.01653644,0.00124543,0.01199030,0.02123567,0.19299172
0.65732866,0.23452459,0.00003934,0.00000000,0.00004800,0.01502745,0.00113809,0.01119885,0.02090611,0.18895452
0.66333167,0.22621340,0.00003598,0.00000000,0.00006091,0.01356605,0.00103559,0.01048379,0.02054398,0.18456805
0.66933467,0.21807079,0.00003359,0.00000000,0.00007689,0.01216664,0.00093919,0.00985001,0.02014664,0.17987383
0.67533767,0.21020493,0.00003215,0.00000000,0.00009648,0.01084136,0.00085005,0.00930366,0.01971654,0.17494002
0.68134067,0.20274853,0.00003167,0.00000000,0.00012026,0.00959994,0.00076915,0.00885192,0.01926081,0.16986035
0.68734367,0.19585649,0.00003217,0.00000000,0.00014889,0.00844965,0.00069733,0.00850279,0.01879072,0.16475208
0.69334667,0.18970265,0.00003368,0.00000000,0.00018303,0.00739538,0.00063528,0.00826479,0.01832112,0.15975304
0.69934967,0.18447575,0.00003625,0.00000000,0.00022341,0.00643976,0.00058351,0.00814676,0.01786971,0.15501785
0.70535268,0.18037457,0.00003992,0.00000000,0.00027075,0.00558337,0.00054242,0.00815755,0.01745637,0.15071341
0.71135568,0.17760250,0.00004477,0.00000000,0.00032577,0.00482498,0.00051225,0.00830571,0.01710231,0.14701388
0.71735868,0.17636150,0.00005085,0.00000000,0.00038918,0.00416178,0.00049312,0.00859919,0.01682932,0.14409533
0.72336168,0.17684578,0.00005822,0.00000000,0.00046158,0.00358973,0.00048502,0.00904500,0.01665897,0.14213016
0.72936468,0.17923535,0.00006696,0.00000000,0.00054353,0.00310373,0.00048783,0.00964879,0.01661187,0.14128159
0.73536768,0.18368956,0.00007711,0.00000000,0.00063543,0.00269799,0.00050131,0.01041450,0.01670696,0.14169831
0.74137069,0.19034088,0.00008872,0.00000000,0.00073754,0.00236618,0.00052511,0.01134395,0.01696082,0.14350953
0.74737369,0.19928926,0.00010183,0.00000000,0.00084991,0.00210169,0.00055877,0.01243644,0.01738717,0.14682060
0.75337669,0.21059708,0.00011646,0.00000000,0.00097236,0.00189778,0.00060170,0.01368841,0.01799637,0.15170924
0.75937969,0.22428504,0.00013261,0.00000000,0.00110447,0.00174773,0.00065320,0.01509310,0.01879504,0.15822268
0.76538269,0.24032918,0.00015026,0.00000000,0.00124552,0.00164495,0.00071244,0.01664030,0.01978587,0.16637564
0.77138569,0.25865907,0.00016937,0.00000000,0.00139450,0.00158307,0.00077847,0.01831621,0.02096745,0.17614929
0.77738869,0.27915744,0.00018987,0.00000000,0.00155008,0.00155598,0.00085021,0.02010335,0.02233428,0.18749128
0.78339170,0.30166127,0.00021167,0.00000000,0.00171065,0.00155789,0.00092646,0.02198063,0.02387693,0.20031673
0.78939470,0.32596423,0.00023465,0.00000000,0.00187430,0.00158330,0.00100591,0.02392358,0.02558222,0.21451017
0.79539770,0.35182064,0.00025869,0.00000000,0.00203885,0.00162709,0.00108714,0.02590467,0.02743365,0.22992845
0.80140070,0.37895070,0.00028361,0.00000000,0.00220192,0.00168446,0.00116868,0.02789382,0.02941175,0.24640433
0.80740370,0.40704677,0.00030925,0.00000000,0.00236096,0.00175096,0.00124897,0.02985900,0.03149467,0.26375082
0.81340670,0.43578057,0.00033542,0.00000000,0.00251331,0.00182250,0.00132645,0.03176700,0.03365871,0.28176582
0.81940970,0.46481090,0.00036191,0.00000000,0.00265627,0.00189532,0.00139958,0.03358427,0.03587888,0.30023710
0.82541271,0.49379163,0.00038852,0.00000000,0.00278720,0.00196605,0.00146683,0.03527781,0.03812955,0.31894728
0.83141571,0.52237953,0.00041503,0.00000000,0.00290359,0.00203167,0.00152681,0.03681611,0.04038501,0.33767861
0.83741871,0.55024162,0.00044124,0.00000000,0.00300311,0.00208956,0.00157820,0.03817009,0.04261992,0.35621732
0.84342171,0.57706178,0.00046694,0.00000000,0.00308374,0.00213750,0.00161989,0.03931397,0.04480984,0.37435744
0.84942471,0.60254623,0.00049192,0.00000000,0.00314380,0.00217367,0.00165095,0.04022607,0.04693156,0.39190391
0.85542771,0.62642777,0.00051600,0.00000000,0.00318201,0.00219668,0.00167067,0.04088943,0.04896336,0.40867480
0.86143072,0.64846868,0.00053897,0.00000000,0.00319757,0.00220556,0.00167859,0.04129237,0.05088519,0.42450282
0.86743372,0.66846214,0.00056068,0.00000000,0.00319013,0.00219975,0.00167451,0.04142875,0.05267873,0.43923589
0.87343672,0.68623238,0.00058094,0.00000000,0.00315986,0.00217912,0.00165851,0.04129817,0.05432740,0.45273713
0.87943972,0.70163373,0.00059959,0.00000000,0.00310741,0.00214392,0.00163091,0.04090581,0.05581631,0.46488414
0.88544272,0.71454867,0.00061649,0.00000000,0.00303390,0.00209476,0.00159229,0.04026224,0.05713207,0.47556795
0.89144572,0.72488536,0.00063147,0.00000000,0.00294089,0.00203258,0.00154347,0.03938294,0.05826272,0.48469184
0.89744872,0.73257491,0.00064440,0.00000000,0.00283030,0.00195859,0.00148545,0.03828771,0.05919760,0.49217011
0.90345173,0.73756872,0.00065514,0.00000000,0.00270436,0.00187426,0.00141941,0.03699995,0.05992725,0.49792714
0.90945473,0.73983627,0.00066356,0.00000000,0.00256555,0.00178122,0.00134665,0.03554590,0.06044337,0.50189688
0.91545773,0.73936353,0.00066954,0.00000000,0.00241650,0.00168122,0.00126856,0.03395378,0.06073889,0.50402295
0.92146073,0.73615225,0.00067298,0.00000000,0.00225992,0.00157610,0.00118658,0.03225297,0.06080811,0.50425928
0.92746373,0.73022022,0.00067378,0.00000000,0.00209853,0.00146770,0.00110216,0.03047321,0.06064688,0.50257152
0.93346673,0.72160247,0.00067188,0.00000000,0.00193499,0.00135784,0.00101670,0.02864391,0.06025290,0.49893896
0.93946973,0.71035325,0.00066724,0.00000000,0.00177181,0.00124827,0.00093158,0.02679351,0.05962612,0.49335696
0.94547274,0.69654880,0.00065985,0.00000000,0.00161133,0.00114065,0.00084806,0.02494905,0.05876907,0.48583963
0.95147574,0.68029034,0.00064973,0.00000000,0.00145566,0.00103650,0.00076732,0.02313580,0.05768734,0.47642263
0.95747874,0.66170727,0.00063697,0.00000000,0.00130668,0.00093723,0.00069041,0.02137706,0.05638994,0.46516571
0.96348174,0.64096014,0.00062168,0.00000000,0.00116597,0.00084408,0.00061827,0.01969417,0.05488966,0.45215488
0.96948474,0.61824292,0.00060404,0.00000000,0.00103488,0.00075819,0.00055173,0.01810659,0.05320338,0.43750392
0.97548774,0.59378464,0.00058429,0.00000000,0.00091448,0.00068058,0.00049153,0.01663212,0.05135223,0.42135499
0.98149075,0.56784984,0.00056270,0.00000000,0.00080562,0.00061218,0.00043830,0.01528723,0.04936168,0.40387837
0.98749375,0.54073787,0.00053963,0.00000000,0.00070894,0.00055387,0.00039263,0.01408747,0.04726148,0.38527103
0.99349675,0.51278098,0.00051546,0.00000000,0.00062491,0.00050651,0.00035508,0.01304791,0.04508551,0.36575419
0.99949975,0.48434116,0.00049066,0.00000000,0.00055386,0.00047098,0.00032621,0.01218365,0.04287143,0.34556995
1.00550275,0.45580583,0.00046571,0.00000000,0.00049604,0.00044826,0.00030659,0.01151022,0.04066030,0.32497696
1.01150575,0.42758269,0.00044117,0.00000000,0.00045165,0.00043941,0.00029686,0.01104408,0.03849601,0.30424543
1.01750875,0.40009372,0.00041761,0.00000000,0.00042085,0.00044567,0.00029778,0.01080289,0.03642470,0.28365174
1.02351176,0.37376877,0.00039565,0.00000000,0.00040385,0.00046847,0.00031019,0.01080580,0.03449405,0.26347266
1.02951476,0.34903886,0.00037593,0.00000000,0.00040087,0.00050949,0.00033510,0.01107361,0.03275253,0.24397969
1.03551776,0.32632940,0.00035913,0.00000000,0.00041221,0.00057066,0.00037368,0.01162867,0.03124864,0.22543352
1.04152076,0.30605366,0.00034591,0.00000000,0.00043821,0.00065418,0.00042728,0.01249479,0.03003009,0.20807890
1.04752376,0.28860637,0.00033699,0.00000000,0.00047929,0.00076258,0.00049742,0.01369683,0.02914297,0.19214002
1.05352676,0.27435780,0.00033305,0.00000000,0.00053591,0.00089864,0.00058581,0.01526019,0.02863091,0.17781662
1.05952976,0.26364811,0.00033480,0.00000000,0.00060858,0.00106544,0.00069431,0.01721009,0.02853423,0.16528062
1.06553277,0.25678212,0.00034292,0.00000000,0.00069777,0.00126630,0.00082495,0.01957069,0.02888908,0.15467368
1.07153577,0.25402435,0.00035810,0.00000000,0.00080393,0.00150472,0.00097982,0.02236406,0.02972659,0.14610524
1.07753877,0.25559433,0.00038099,0.00000000,0.00092744,0.00178437,0.00116110,0.02560898,0.03107199,0.13965140
1.08354177,0.26166204,0.00041220,0.00000000,0.00106849,0.00210897,0.00137097,0.02931970,0.03294375,0.13535420
1.08954477,0.27234347,0.00045230,0.00000000,0.00122713,0.00248220,0.00161151,0.03350465,0.03535279,0.13322156
1.09554777,0.28769640,0.00050180,0.00000000,0.00140313,0.00290763,0.00188470,0.03816511,0.03830163,0.13322757
1.10155078,0.30771624,0.00056113,0.00000000,0.00159595,0.00338857,0.00219225,0.04329396,0.04178374,0.13531320
1.10755378,0.33233221,0.00063063,0.00000000,0.00180473,0.00392795,0.00253556,0.04887463,0.04578291,0.13938744
1.11355678,0.36140397,0.00071051,0.00000000,0.00202820,0.00452822,0.00291560,0.05488015,0.05027280,0.14532866
1.11955978,0.39471892,0.00080084,0.00000000,0.00226470,0.00519118,0.00333285,0.06127248,0.05521665,0.15298645
1.12556278,0.43199043,0.00090155,0.00000000,0.00251212,0.00591788,0.00378714,0.06800227,0.06056730,0.16218378
1.13156578,0.47285739,0.00101238,0.00000000,0.00276793,0.00670853,0.00427766,0.07500881,0.06626739,0.17271963
1.13756878,0.51688520,0.00113288,0.00000000,0.00302920,0.00756234,0.00480279,0.08222058,0.07224994,0.18437200
1.14357179,0.56356876,0.00126238,0.00000000,0.00329263,0.00847751,0.00536013,0.08955605,0.07843922,0.19690154
1.14957479,0.61233741,0.00140002,0.00000000,0.00355461,0.00945117,0.00594643,0.09692512,0.08475201,0.21005555
1.15557779,0.66256226,0.00154470,0.00000000,0.00381129,0.01047936,0.00655757,0.10423076,0.09109915,0.22357263
1.16158079,0.71356585,0.00169509,0.00000000,0.00405869,0.01155710,0.00718863,0.11137122,0.09738748,0.23718768
1.16758379,0.76463421,0.00184966,0.00000000,0.00429277,0.01267844,0.00783391,0.11824244,0.10352201,0.25063737
1.17358679,0.81503111,0.00200672,0.00000000,0.00450957,0.01383661,0.00848708,0.12474075,0.10940836,0.26366592
1.17958979,0.86401428,0.00216439,0.00000000,0.00470530,0.01502417,0.00914123,0.13076573,0.11495535,0.27603102
1.18559280,0.91085330,0.00232069,0.00000000,0.00487650,0.01623324,0.00978912,0.13622311,0.12007769,0.28750972
1.19159580,0.95484855,0.00247354,0.00000000,0.00502012,0.01745576,0.01042336,0.14102755,0.12469860,0.29790427
1.19759880,0.99535063,0.00262087,0.00000000,0.00513365,0.01868374,0.01103660,0.14510536,0.12875242,0.30704741
1.20360180,1.03177971,0.00276063,0.00000000,0.00521517,0.01990956,0.01162185,0.14839680,0.13218691,0.31480717
1.20960480,1.06364398,0.00289088,0.00000000,0.00526350,0.02112627,0.01217272,0.15085813,0.13496530,0.32109092
1.21560780,1.09055651,0.00300984,0.00000000,0.00527818,0.02232790,0.01268371,0.15246306,0.13706793,0.32584839
1.22161081,1.11224982,0.00311597,0.00000000,0.00525954,0.02350963,0.01315046,0.15320380,0.13849339,0.32907361
1.22761381,1.12858749,0.00320799,0.00000000,0.00520869,0.02466809,0.01357005,0.15309141,0.13925916,0.33080565
1.23361681,1.13957222,0.00328501,0.00000000,0.00512753,0.02580141,0.01394119,0.15215571,0.13940166,0.33112803
1.23961981,1.14534989,0.00334650,0.00000000,0.00501865,0.02690938,0.01426443,0.15044442,0.13897573,0.33016683
1.24562281,1.14620929,0.00339235,0.00000000,0.00488533,0.02799334,0.01454233,0.14802192,0.13805339,0.32808743
1.25162581,1.14257727,0.00342293,0.00000000,0.00473141,0.02905615,0.01477946,0.14496739,0.13672222,0.32509008
1.25762881,1.13500943,0.00343901,0.00000000,0.00456118,0.03010190,0.01498249,0.14137254,0.13508299,0.32140422
1.26363182,1.12417637,0.00344185,0.00000000,0.00437929,0.03113569,0.01516007,0.13733901,0.13324699,0.31728193
1.26963482,1.11084586,0.00343310,0.00000000,0.00419062,0.03216320,0.01532270,0.13297546,0.13133281,0.31299045
1.27563782,1.09586147,0.00341478,0.00000000,0.00400012,0.03319027,0.01548249,0.12839456,0.12946295,0.30880419
1.28164082,1.08011823,0.00338923,0.00000000,0.00381271,0.03422238,0.01565286,0.12370986,0.12776012,0.30499636
1.28764382,1.06453602,0.00335905,0.00000000,0.00363314,0.03526418,0.01584817,0.11903275,0.12634349,0.30183048
1.29364682,1.05003169,0.00332698,0.00000000,0.00346584,0.03631894,0.01608326,0.11446954,0.12532499,0.29955215
1.29964982,1.03749066,0.00329585,0.00000000,0.00331486,0.03738810,0.01637299,0.11011877,0.12480573,0.29838115
1.30565283,1.02773901,0.00326846,0.00000000,0.00318372,0.03847085,0.01673168,0.10606884,0.12487267,0.29850430
1.31165583,1.02151707,0.00324750,0.00000000,0.00307535,0.03956381,0.01717261,0.10239596,0.12559573,0.30006929
1.31765883,1.01945532,0.00323544,0.00000000,0.00299201,0.04066082,0.01770748,0.09916259,0.12702530,0.30317958
1.32366183,1.02205353,0.00323444,0.00000000,0.00293524,0.04175282,0.01834588,0.09641629,0.12919037,0.30789077
1.32966483,1.02966385,0.00324629,0.00000000,0.00290584,0.04282797,0.01909487,0.09418901,0.13209730,0.31420835
1.33566783,1.04247844,0.00327231,0.00000000,0.00290383,0.04387181,0.01995853,0.09249694,0.13572924,0.32208716
1.34167084,1.06052222,0.00331333,0.00000000,0.00292848,0.04486759,0.02093768,0.09134075,0.14004637,0.33143237
1.34767384,1.08365087,0.00336961,0.00000000,0.00297832,0.04579676,0.02202962,0.09070630,0.14498672,0.34210223
1.35367684,1.11155440,0.00344087,0.00000000,0.00305120,0.04663954,0.02322806,0.09056575,0.15046789,0.35391229
1.35967984,1.14376593,0.00352624,0.00000000,0.00314432,0.04737556,0.02452306,0.09087904,0.15638928,0.36664115
1.36568284,1.17967576,0.00362431,0.00000000,0.00325435,0.04798461,0.02590121,0.09159561,0.16263500,0.38003746
1.37168584,1.21854993,0.00373317,0.00000000,0.00337749,0.04844735,0.02734580,0.09265644,0.16907726,0.39382799
1.37768884,1.25955295,0.00385045,0.00000000,0.00350959,0.04874605,0.02883723,0.09399618,0.17558018,0.40772648
1.38369185,1.30177371,0.00397343,0.00000000,0.00364630,0.04886526,0.03035339,0.09554542,0.18200383,0.42144306
1.38969485,1.34425387,0.00409906,0.00000000,0.00378313,0.04879245,0.03187028,0.09723294,0.18820845,0.43469384
1.39569785,1.38601770,0.00422414,0.00000000,0.00391562,0.04851850,0.03336252,0.09898801,0.19405857,0.44721043
1.40170085,1.42610246,0.00434538,0.00000000,0.00403950,0.04803811,0.03480411,0.10074243,0.19942712,0.45874900
1.40770385,1.46358820,0.00445950,0.00000000,0.00415074,0.04735004,0.03616901,0.10243262,0.20419914,0.46909877
1.41370685,1.49762626,0.00456339,0.00000000,0.00424574,0.04645727,0.03743193,0.10400126,0.20827514,0.47808949
1.41970985,1.52746534,0.00465417,0.00000000,0.00432139,0.04536693,0.03856890,0.10539896,0.21157400,0.48559785
1.42571286,1.55247469,0.00472932,0.00000000,0.00437520,0.04409021,0.03955799,0.10658541,0.21403525,0.49155256
1.43171586,1.57216345,0.00478673,0.00000000,0.00440531,0.04264202,0.04037981,0.10753043,0.21562082,0.49593808
1.43771886,1.58619599,0.00482484,0.00000000,0.00441061,0.04104065,0.04101800,0.10821469,0.21631608,0.49879683
1.44372186,1.59440272,0.00484262,0.00000000,0.00439073,0.03930729,0.04145967,0.10863008,0.21613030,0.50023002
1.44972486,1.59678626,0.00483966,0.00000000,0.00434602,0.03746552,0.04169564,0.10877990,0.21509650,0.50039687
1.45572786,1.59352298,0.00481616,0.00000000,0.00427756,0.03554072,0.04172061,0.10867875,0.21327076,0.49951256
1.46173087,1.58495995,0.00477296,0.00000000,0.00418710,0.03355949,0.04153328,0.10835216,0.21073099,0.49784475
1.46773387,1.57160767,0.00471146,0.00000000,0.00407698,0.03154910,0.04113627,0.10783604,0.20757531,0.49570885
1.47373687,1.55412866,0.00463365,0.00000000,0.00395006,0.02953692,0.04053597,0.10717590,0.20392001,0.49346208
1.47973987,1.53332250,0.00454199,0.00000000,0.00380960,0.02754993,0.03974233,0.10642583,0.19989730,0.49149656
1.48574287,1.51010763,0.00443936,0.00000000,0.00365915,0.02561428,0.03876853,0.10564743,0.19565277,0.49023125
1.49174587,1.48550032,0.00432899,0.00000000,0.00350244,0.02375490,0.03763059,0.10490842,0.19134264,0.49010309
1.49774887,1.46059133,0.00421431,0.00000000,0.00334324,0.02199518,0.03634696,0.10428115,0.18713094,0.49155738
1.50375188,1.43652078,0.00409893,0.00000000,0.00318523,0.02035675,0.03493800,0.10384104,0.18318657,0.49503737
1.50975488,1.41445143,0.00398647,0.00000000,0.00303192,0.01885930,0.03342555,0.10366471,0.17968028,0.50097343
1.51575788,1.39554130,0.00388046,0.00000000,0.00288652,0.01752043,0.03183242,0.10382817,0.17678156,0.50977178
1.52176088,1.38091561,0.00378429,0.00000000,0.00275186,0.01635564,0.03018186,0.10440479,0.17465558,0.52180311
1.52776388,1.37163911,0.00370107,0.00000000,0.00263029,0.01537829,0.02849714,0.10546328,0.17346008,0.53739127
1.53376688,1.36868891,0.00363359,0.00000000,0.00252367,0.01459961,0.02680110,0.10706557,0.17334222,0.55680240
1.53976988,1.37292876,0.00358418,0.00000000,0.00243328,0.01402872,0.02511576,0.10926482,0.17443564,0.58023475
1.54577289,1.38508536,0.00355476,0.00000000,0.00235983,0.01367274,0.02346197,0.11210342,0.17685743,0.60780967
1.55177589,1.40572729,0.00354670,0.00000000,0.00230346,0.01353680,0.02185909,0.11561126,0.18070546,0.63956407
1.55777889,1.43524744,0.00356085,0.00000000,0.00226375,0.01362413,0.02032479,0.11980409,0.18605583,0.67544486
1.56378189,1.47384960,0.00359753,0.00000000,0.00223977,0.01393611,0.01887484,0.12468234,0.19296070,0.71530563
1.56978489,1.52153976,0.00365653,0.00000000,0.00223008,0.01447238,0.01752302,0.13023021,0.20144655,0.75890603
1.57578789,1.57812289,0.00373712,0.00000000,0.00223289,0.01523086,0.01628101,0.13641528,0.21151294,0.80591401
1.58179090,1.64320537,0.00383815,0.00000000,0.00224603,0.01620787,0.01515842,0.14318856,0.22313191,0.85591115
1.58779390,1.71620357,0.00395803,0.00000000,0.00226711,0.01739817,0.01416284,0.15048511,0.23624795,0.90840107
1.59379690,1.79635840,0.00409486,0.00000000,0.00229357,0.01879511,0.01329988,0.15822519,0.25077885,0.96282085
1.59979990,1.88275565,0.00424646,0.00000000,0.00232278,0.02039074,0.01257339,0.16631601,0.26661714,1.01855526
1.60580290,1.97435170,0.00441049,0.00000000,0.00235213,0.02217594,0.01198556,0.17465386,0.28363239,1.07495322
1.61180590,2.07000366,0.00458451,0.00000000,0.00237912,0.02414057,0.01153716,0.18312681,0.30167410,1.13134615
1.61780890,2.16850297,0.00476606,0.00000000,0.00240141,0.02627372,0.01122774,0.19161768,0.32057525,1.18706743
1.62381191,2.26861122,0.00495277,0.00000000,0.00241694,0.02856385,0.01105588,0.20000731,0.34015627,1.24147214
1.62981491,2.36909666,0.00514240,0.00000000,0.00242395,0.03099905,0.01101940,0.20817790,0.36022940,1.29395635
1.63581791,2.46876992,0.00533290,0.00000000,0.00242103,0.03356722,0.01111559,0.21601643,0.38060313,1.34397504
1.64182091,2.56651733,0.00552248,0.00000000,0.00240716,0.03625630,0.01134142,0.22341779,0.40108659,1.39105784
1.64782391,2.66133034,0.00570962,0.00000000,0.00238170,0.03905440,0.01169371,0.23028777,0.42149370,1.43482172
1.65382691,2.75232970,0.00589310,0.00000000,0.00234444,0.04194998,0.01216923,0.23654555,0.44164688,1.47498025
1.65982991,2.83878335,0.00607197,0.00000000,0.00229553,0.04493189,0.01276489,0.24212569,0.46138013,1.51134865
1.66583292,2.92011712,0.00624555,0.00000000,0.00223550,0.04798937,0.01347769,0.24697953,0.48054136,1.54384456
1.67183592,2.99591793,0.00641342,0.00000000,0.00216518,0.05111201,0.01430481,0.25107593,0.49899392,1.57248438
1.67783892,3.06592943,0.00657531,0.00000000,0.00208570,0.05428958,0.01524348,0.25440131,0.51661727,1.59737540
1.68384192,3.13004050,0.00673109,0.00000000,0.00199837,0.05751179,0.01629098,0.25695907,0.53330675,1.61870404
1.68984492,3.18826739,0.00688070,0.00000000,0.00190469,0.06076805,0.01744440,0.25876832,0.54897265,1.63672082
1.69584792,3.24073066,0.00702406,0.00000000,0.00180624,0.06404708,0.01870053,0.25986213,0.56353865,1.65172294
1.70185093,3.28762839,0.00716104,0.00000000,0.00170464,0.06733651,0.02005562,0.26028526,0.57693976,1.66403509
1.70785393,3.32920715,0.00729140,0.00000000,0.00160152,0.07062257,0.02150516,0.26009155,0.58912004,1.67398984
1.71385693,3.36573264,0.00741472,0.00000000,0.00149840,0.07388965,0.02304361,0.25934118,0.60003029,1.68190828
1.71985993,3.39746142,0.00753039,0.00000000,0.00139672,0.07711999,0.02466420,0.25809775,0.60962594,1.68808208
1.72586293,3.42461567,0.00763757,0.00000000,0.00129778,0.08029346,0.02635868,0.25642551,0.61786524,1.69275778
1.73186593,3.44736198,0.00773523,0.00000000,0.00120268,0.08338739,0.02811713,0.25438670,0.62470818,1.69612408
1.73786893,3.46579547,0.00782213,0.00000000,0.00111235,0.08637658,0.02992780,0.25203924,0.63011591,1.69830268
1.74387194,3.47992997,0.00789686,0.00000000,0.00102755,0.08923340,0.03177703,0.24943480,0.63405101,1.69934299
1.74987494,3.48969449,0.00795791,0.00000000,0.00094881,0.09192813,0.03364919,0.24661726,0.63647848,1.69922102
1.75587794,3.49493605,0.00800370,0.00000000,0.00087650,0.09442932,0.03552675,0.24362175,0.63736738,1.69784211
1.76188094,3.49542851,0.00803266,0.00000000,0.00081082,0.09670446,0.03739037,0.24047415,0.63669309,1.69504755
1.76788394,3.49088656,0.00804329,0.00000000,0.00075179,0.09872065,0.03921912,0.23719108,0.63443992,1.69062426
1.77388694,3.48098404,0.00803425,0.00000000,0.00069935,0.10044545,0.04099075,0.23378038,0.63060388,1.68431728
1.77988994,3.46537536,0.00800442,0.00000000,0.00065329,0.10184776,0.04268209,0.23024202,0.62519548,1.67584413
1.78589295,3.44371877,0.00795296,0.00000000,0.00061334,0.10289878,0.04426942,0.22656930,0.61824219,1.66491036
1.79189595,3.41570012,0.00787937,0.00000000,0.00057914,0.10357298,0.04572903,0.22275036,0.60979046,1.65122549
1.79789895,3.38105603,0.00778350,0.00000000,0.00055033,0.10384896,0.04703772,0.21876990,0.59990698,1.63451859
1.80390195,3.33959505,0.00766564,0.00000000,0.00052650,0.10371030,0.04817338,0.21461090,0.58867919,1.61455287
1.80990495,3.29121608,0.00752644,0.00000000,0.00050721,0.10314628,0.04911558,0.21025644,0.57621486,1.59113850
1.81590795,3.23592309,0.00736700,0.00000000,0.00049206,0.10215243,0.04984614,0.20569140,0.56264068,1.56414343
1.82191096,3.17383556,0.00718877,0.00000000,0.00048063,0.10073092,0.05034964,0.20090397,0.54810001,1.53350169
1.82791396,3.10519436,0.00699357,0.00000000,0.00047251,0.09889074,0.05061392,0.19588707,0.53274970,1.49921891
1.83391696,3.03036282,0.00678351,0.00000000,0.00046732,0.09664773,0.05063049,0.19063931,0.51675636,1.46137513
1.83991996,2.94982315,0.00656099,0.00000000,0.00046468,0.09402433,0.05039483,0.18516584,0.50029200,1.42012471
1.84592296,2.86416832,0.00632856,0.00000000,0.00046423,0.09104919,0.04990658,0.17947870,0.48352947,1.37569365
1.85192596,2.77408989,0.00608892,0.00000000,0.00046561,0.08775656,0.04916965,0.17359694,0.46663780,1.32837436
1.85792896,2.68036223,0.00584484,0.00000000,0.00046847,0.08418553,0.04819218,0.16754634,0.44977771,1.27851834
1.86393197,2.58382387,0.00559906,0.00000000,0.00047246,0.08037917,0.04698634,0.16135883,0.43309746,1.22652688
1.86993497,2.48535652,0.00535426,0.00000000,0.00047723,0.07638350,0.04556809,0.15507164,0.41672933,1.17284047
1.87593797,2.38586267,0.00511298,0.00000000,0.00048246,0.07224642,0.04395676,0.14872614,0.40078669,1.11792701
1.88194097,2.28624244,0.00487758,0.00000000,0.00048779,0.06801664,0.04217455,0.14236659,0.38536197,1.06226953
1.88794397,2.18737060,0.00465018,0.00000000,0.00049289,0.06374256,0.04024598,0.13603864,0.37052542,1.00635363
1.89394697,2.09007440,0.00443263,0.00000000,0.00049746,0.05947126,0.03819728,0.12978788,0.35632485,0.95065524
1.89994997,1.99511312,0.00422645,0.00000000,0.00050117,0.05524748,0.03605570,0.12365829,0.34278605,0.89562900
1.90595298,1.90315998,0.00403286,0.00000000,0.00050374,0.05111278,0.03384888,0.11769082,0.32991412,0.84169765
1.91195598,1.81478697,0.00385270,0.00000000,0.00050492,0.04710479,0.03160419,0.11192209,0.31769540,0.78924282
1.91795898,1.73045331,0.00368648,0.00000000,0.00050448,0.04325663,0.02934816,0.10638330,0.30609997,0.73859742
1.92396198,1.65049779,0.00353439,0.00000000,0.00050226,0.03959647,0.02710593,0.10109929,0.29508448,0.69003996
1.92996498,1.57513531,0.00339626,0.00000000,0.00049811,0.03614728,0.02490078,0.09608800,0.28459532,0.64379079
1.93596798,1.50445784,0.00327162,0.00000000,0.00049198,0.03292676,0.02275377,0.09136013,0.27457185,0.60001046
1.94197099,1.43843956,0.00315976,0.00000000,0.00048384,0.02994744,0.02068346,0.08691913,0.26494957,0.55880017
1.94797399,1.37694619,0.00305969,0.00000000,0.00047375,0.02721686,0.01870577,0.08276154,0.25566326,0.52020408
1.95397699,1.31974794,0.00297028,0.00000000,0.00046181,0.02473804,0.01683386,0.07887749,0.24664973,0.48421354
1.95997999,1.26653563,0.00289023,0.00000000,0.00044820,0.02250992,0.01507818,0.07525155,0.23785040,0.45077270
1.96598299,1.21693935,0.00281816,0.00000000,0.00043316,0.02052797,0.01344657,0.07186379,0.22921338,0.41978548
1.97198599,1.17054871,0.00275267,0.00000000,0.00041698,0.01878488,0.01194438,0.06869087,0.22069525,0.39112338
1.97798899,1.12693403,0.00269237,0.00000000,0.00039999,0.01727121,0.01057479,0.06570735,0.21226235,0.36463373
1.98399200,1.08566737,0.00263597,0.00000000,0.00038257,0.01597615,0.00933897,0.06288695,0.20389168,0.34014816
1.98999500,1.04634268,0.00258228,0.00000000,0.00036515,0.01488817,0.00823644,0.06020383,0.19557139,0.31749078
1.99599800,1.00859404,0.00253030,0.00000000,0.00034816,0.01399567,0.00726531,0.05763375,0.18730088,0.29648581
2.00200100,0.97211143,0.00247922,0.00000000,0.00033207,0.01328753,0.00642262,0.05515513,0.17909056,0.27696431
2.00800400,0.93665313,0.00242848,0.00000000,0.00031733,0.01275357,0.00570457,0.05274988,0.17096122,0.25876985
2.01400700,0.90205459,0.00237776,0.00000000,0.00030440,0.01238492,0.00510677,0.05040408,0.16294323,0.24176289
2.02001001,0.86823311,0.00232700,0.00000000,0.00029374,0.01217421,0.00462444,0.04810843,0.15507531,0.22582390
2.02601301,0.83518859,0.00227638,0.00000000,0.00028575,0.01211570,0.00425255,0.04585844,0.14740326,0.21085502
2.03201601,0.80300006,0.00222634,0.00000000,0.00028085,0.01220523,0.00398598,0.04365440,0.13997836,0.19678053
2.03801901,0.77181858,0.00217749,0.00000000,0.00027936,0.01244004,0.00381953,0.04150119,0.13285574,0.18354607
2.04402201,0.74185686,0.00213065,0.00000000,0.00028161,0.01281854,0.00374797,0.03940784,0.12609255,0.17111685
2.05002501,0.71337609,0.00208673,0.00000000,0.00028784,0.01333989,0.00376602,0.03738698,0.11974619,0.15947512
2.05602801,0.68667095,0.00204675,0.00000000,0.00029823,0.01400365,0.00386829,0.03545420,0.11387243,0.14861698
2.06203102,0.66205341,0.00201171,0.00000000,0.00031294,0.01480921,0.00404924,0.03362730,0.10852371,0.13854888
2.06803402,0.63983626,0.00198262,0.00000000,0.00033202,0.01575535,0.00430304,0.03192550,0.10374741,0.12928405
2.07403702,0.62031720,0.00196035,0.00000000,0.00035548,0.01683978,0.00462353,0.03036874,0.09958445,0.12083894
2.08004002,0.60376432,0.00194569,0.00000000,0.00038328,0.01805868,0.00500411,0.02897694,0.09606795,0.11323006
2.08604302,0.59040362,0.00193920,0.00000000,0.00041532,0.01940633,0.00543764,0.02776940,0.09322232,0.10647120
2.09204602,0.58040914,0.00194125,0.00000000,0.00045143,0.02087492,0.00591646,0.02676425,0.09106252,0.10057132
2.09804902,0.57389621,0.00195197,0.00000000,0.00049146,0.02245439,0.00643232,0.02597805,0.08959374,0.09553297
2.10405203,0.57091799,0.00197124,0.00000000,0.00053518,0.02413241,0.00697640,0.02542545,0.08881138,0.09135151
2.11005503,0.57146535,0.00199869,0.00000000,0.00058239,0.02589458,0.00753943,0.02511907,0.08870144,0.08801494
2.11605803,0.57547002,0.00203372,0.00000000,0.00063289,0.02772467,0.00811172,0.02506935,0.08924114,0.08550442
2.12206103,0.58281071,0.00207553,0.00000000,0.00068652,0.02960507,0.00868340,0.02528458,0.09039991,0.08379533
2.12806403,0.59332165,0.00212312,0.00000000,0.00074315,0.03151731,0.00924450,0.02577096,0.09214056,0.08285884
2.13406703,0.60680306,0.00217538,0.00000000,0.00080275,0.03344269,0.00978527,0.02653270,0.09442068,0.08266375
2.14007004,0.62303282,0.00223109,0.00000000,0.00086534,0.03536294,0.01029632,0.02757217,0.09719409,0.08317866
2.14607304,0.64177864,0.00228902,0.00000000,0.00093106,0.03726091,0.01076895,0.02889001,0.10041239,0.08437418
2.15207604,0.66280999,0.00234793,0.00000000,0.00100016,0.03912127,0.01119535,0.03048528,0.10402640,0.08622509
2.15807904,0.68590910,0.00240666,0.00000000,0.00107301,0.04093112,0.01156883,0.03235550,0.10798758,0.08871234
2.16408204,0.71088038,0.00246414,0.00000000,0.00115008,0.04268052,0.01188405,0.03449674,0.11224925,0.09182482
2.17008504,0.73755783,0.00251945,0.00000000,0.00123196,0.04436291,0.01213716,0.03690364,0.11676760,0.09556070
2.17608804,0.76581011,0.00257184,0.00000000,0.00131931,0.04597539,0.01232595,0.03956938,0.12150257,0.09992836
2.18209105,0.79554295,0.00262073,0.00000000,0.00141286,0.04751877,0.01244988,0.04248572,0.12641841,0.10494688
2.18809405,0.82669906,0.00266572,0.00000000,0.00151337,0.04899762,0.01251013,0.04564299,0.13148410,0.11064588
2.19409705,0.85925562,0.00270662,0.00000000,0.00162160,0.05041991,0.01250953,0.04903013,0.13667357,0.11706502
2.20010005,0.89321957,0.00274338,0.00000000,0.00173823,0.05179678,0.01245244,0.05263478,0.14196575,0.12425280
2.20610305,0.92862135,0.00277610,0.00000000,0.00186385,0.05314191,0.01234464,0.05644347,0.14734455,0.13226505
2.21210605,0.96550734,0.00280501,0.00000000,0.00199888,0.05447101,0.01219310,0.06044191,0.15279875,0.14116292
2.21810905,1.00393178,0.00283041,0.00000000,0.00214356,0.05580111,0.01200577,0.06461531,0.15832188,0.15101051
2.22411206,1.04394865,0.00285265,0.00000000,0.00229783,0.05714983,0.01179134,0.06894890,0.16391210,0.16187225
2.23011506,1.08560410,0.00287209,0.00000000,0.00246138,0.05853470,0.01155897,0.07342848,0.16957208,0.17381009
2.23611806,1.12892977,0.00288911,0.00000000,0.00263355,0.05997247,0.01131810,0.07804106,0.17530896,0.18688052
2.24212106,1.17393760,0.00290402,0.00000000,0.00281332,0.06147849,0.01107816,0.08277548,0.18113425,0.20113165
2.24812406,1.22061615,0.00291707,0.00000000,0.00299933,0.06306620,0.01084843,0.08762313,0.18706373,0.21660029
2.25412706,1.26892867,0.00292848,0.00000000,0.00318988,0.06474664,0.01063784,0.09257847,0.19311735,0.23330921
2.26013007,1.31881281,0.00293836,0.00000000,0.00338292,0.06652818,0.01045485,0.09763958,0.19931890,0.25126467
2.26613307,1.37018187,0.00294678,0.00000000,0.00357611,0.06841626,0.01030736,0.10280844,0.20569563,0.27045422
2.27213607,1.42292727,0.00295375,0.00000000,0.00376689,0.07041331,0.01020263,0.10809098,0.21227755,0.29084493
2.27813907,1.47692197,0.00295926,0.00000000,0.00395249,0.07251869,0.01014728,0.11349699,0.21909657,0.31238210
2.28414207,1.53202434,0.00296327,0.00000000,0.00413005,0.07472880,0.01014722,0.11903954,0.22618529,0.33498847
2.29014507,1.58808211,0.00296576,0.00000000,0.00429668,0.07703715,0.01020770,0.12473427,0.23357554,0.35856400
2.29614807,1.64493600,0.00296674,0.00000000,0.00444954,0.07943457,0.01033323,0.13059824,0.24129660,0.38298626
2.30215108,1.70242265,0.00296629,0.00000000,0.00458594,0.08190943,0.01052763,0.13664851,0.24937328,0.40811147
2.30815408,1.76037655,0.00296458,0.00000000,0.00470340,0.08444782,0.01079394,0.14290053,0.25782370,0.43377604
2.31415708,1.81863079,0.00296185,0.00000000,0.00479975,0.08703383,0.01113438,0.14936622,0.26665709,0.45979880
2.32016008,1.87701648,0.00295847,0.00000000,0.00487316,0.08964979,0.01155028,0.15605204,0.27587158,0.48598364
2.32616308,1.93536084,0.00295489,0.00000000,0.00492223,0.09227650,0.01204191,0.16295698,0.28545205,0.51212265
2.33216608,1.99348410,0.00295170,0.00000000,0.00494601,0.09489350,0.01260843,0.17007062,0.29536830,0.53799959
2.33816908,2.05119536,0.00294955,0.00000000,0.00494403,0.09747930,0.01324767,0.17737148,0.30557357,0.56339349
2.34417209,2.10828763,0.00294918,0.00000000,0.00491632,0.10001167,0.01395602,0.18482550,0.31600345,0.58808241
2.35017509,2.16453251,0.00295136,0.00000000,0.00486335,0.10246786,0.01472831,0.19238513,0.32657547,0.61184711
2.35617809,2.21967477,0.00295688,0.00000000,0.00478610,0.10482497,0.01555767,0.19998873,0.33718924,0.63447457
2.36218109,2.27342733,0.00296653,0.00000000,0.00468593,0.10706018,0.01643549,0.20756071,0.34772725,0.65576112
2.36818409,2.32546700,0.00298103,0.00000000,0.00456461,0.10915115,0.01735139,0.21501214,0.35805651,0.67551524
2.37418709,2.37543142,0.00300100,0.00000000,0.00442420,0.11107628,0.01829330,0.22224214,0.36803069,0.69355988
2.38019010,2.42291754,0.00302695,0.00000000,0.00426703,0.11281514,0.01924756,0.22913981,0.37749311,0.70973421
2.38619310,2.46748197,0.00305922,0.00000000,0.00409560,0.11434877,0.02019917,0.23558679,0.38628014,0.72389491
2.39219610,2.50864351,0.00309797,0.00000000,0.00391256,0.11566004,0.02113206,0.24146036,0.39422525,0.73591699
2.39819910,2.54588790,0.00314312,0.00000000,0.00372058,0.11673396,0.02202944,0.24663692,0.40116325,0.74569413
2.40420210,2.57867491,0.00319439,0.00000000,0.00352230,0.11755796,0.02287426,0.25099578,0.40693489,0.75313876
2.41020510,2.60644780,0.00325123,0.00000000,0.00332030,0.11812211,0.02364964,0.25442312,0.41139146,0.75818188
2.41620810,2.62864480,0.00331286,0.00000000,0.00311702,0.11841930,0.02433941,0.25681586,0.41439925,0.76077279
2.42221111,2.64471251,0.00337827,0.00000000,0.00291472,0.11844533,0.02492855,0.25808537,0.41584379,0.76087880
2.42821411,2.65412071,0.00344623,0.00000000,0.00271542,0.11819887,0.02540375,0.25816086,0.41563361,0.75848503
2.43421711,2.65637810,0.00351529,0.00000000,0.00252090,0.11768145,0.02575378,0.25699219,0.41370339,0.75359439
2.44022011,2.65104845,0.00358385,0.00000000,0.00233270,0.11689725,0.02596989,0.25455206,0.41001645,0.74622771
2.44622311,2.63776644,0.00365021,0.00000000,0.00215204,0.11585288,0.02604610,0.25083747,0.40456630,0.73642406
2.45222611,2.61625257,0.00371255,0.00000000,0.00197990,0.11455709,0.02597938,0.24587032,0.39737739,0.72424121
2.45822911,2.58632651,0.00376902,0.00000000,0.00181697,0.11302041,0.02576973,0.23969718,0.38850490,0.70975615
2.46423212,2.54791811,0.00381783,0.00000000,0.00166372,0.11125472,0.02542015,0.23238823,0.37803350,0.69306562
2.47023512,2.50107579,0.00385721,0.00000000,0.00152035,0.10927294,0.02493653,0.22403531,0.36607534,0.67428644
2.47623812,2.44597162,0.00388553,0.00000000,0.00138688,0.10708858,0.02432734,0.21474938,0.35276718,0.65355560
2.48224112,2.38290286,0.00390135,0.00000000,0.00126317,0.10471539,0.02360339,0.20465729,0.33826679,0.63102995
2.48824412,2.31228986,0.00390342,0.00000000,0.00114891,0.10216710,0.02277735,0.19389813,0.32274882,0.60688542
2.49424712,2.23467028,0.00389073,0.00000000,0.00104369,0.09945716,0.02186340,0.18261927,0.30640029,0.58131565
2.50025013,2.15068975,0.00386259,0.00000000,0.00094702,0.09659857,0.02087665,0.17097229,0.28941586,0.55453008
2.50625313,2.06108942,0.00381858,0.00000000,0.00085836,0.09360386,0.01983278,0.15910895,0.27199302,0.52675138
2.51225613,1.96669074,0.00375860,0.00000000,0.00077713,0.09048508,0.01874751,0.14717733,0.25432753,0.49821236
2.51825913,1.86837820,0.00368289,0.00000000,0.00070276,0.08725392,0.01763621,0.13531837,0.23660903,0.46915243
2.52426213,1.76708054,0.00359198,0.00000000,0.00063468,0.08392185,0.01651354,0.12366283,0.21901723,0.43981363
2.53026513,1.66375133,0.00348673,0.00000000,0.00057236,0.08050037,0.01539314,0.11232882,0.20171860,0.41043658
2.53626813,1.55934952,0.00336825,0.00000000,0.00051530,0.07700126,0.01428742,0.10141991,0.18486370,0.38125627
2.54227114,1.45482073,0.00323792,0.00000000,0.00046304,0.07343678,0.01320741,0.09102396,0.16858529,0.35249800
2.54827414,1.35107991,0.00309735,0.00000000,0.00041518,0.06982000,0.01216264,0.08121246,0.15299709,0.32437366
2.55427714,1.24899600,0.00294831,0.00000000,0.00037137,0.06616491,0.01116119,0.07204059,0.13819332,0.29707843
2.56028014,1.14937892,0.00279274,0.00000000,0.00033128,0.06248660,0.01020969,0.06354778,0.12424887,0.27078798
2.56628314,1.05296936,0.00263266,0.00000000,0.00029467,0.05880131,0.00931343,0.05575873,0.11122012,0.24565644
2.57228614,0.96043149,0.00247018,0.00000000,0.00026129,0.05512642,0.00847651,0.04868484,0.09914630,0.22181507
2.57828914,0.87234859,0.00230743,0.00000000,0.00023096,0.05148032,0.00770199,0.04232594,0.08805126,0.19937164
2.58429215,0.78922170,0.00214655,0.00000000,0.00020351,0.04788222,0.00699202,0.03667219,0.07794563,0.17841068
2.59029515,0.71147091,0.00198963,0.00000000,0.00017881,0.04435187,0.00634810,0.03170612,0.06882915,0.15899430
2.59629815,0.63943916,0.00183873,0.00000000,0.00015673,0.04090928,0.00577114,0.02740461,0.06069322,0.14116382
2.60230115,0.57339801,0.00169582,0.00000000,0.00013717,0.03757426,0.00526168,0.02374091,0.05352345,0.12494179
2.60830415,0.51355512,0.00156280,0.00000000,0.00012006,0.03436610,0.00481997,0.02068642,0.04730216,0.11033458
2.61430715,0.46006274,0.00144147,0.00000000,0.00010532,0.03130315,0.00444609,0.01821237,0.04201074,0.09733515
2.62031016,0.41302693,0.00133354,0.00000000,0.00009290,0.02840243,0.00413998,0.01629116,0.03763189,0.08592610
2.62631316,0.37251680,0.00124060,0.00000000,0.00008277,0.02567933,0.00390150,0.01489756,0.03415148,0.07608271
2.63231616,0.33857341,0.00116416,0.00000000,0.00007490,0.02314733,0.00373040,0.01400955,0.03156025,0.06777588
2.63831916,0.31121779,0.00110562,0.00000000,0.00006929,0.02081780,0.00362633,0.01360885,0.02985503,0.06097491
2.64432216,0.29045774,0.00106628,0.00000000,0.00006596,0.01869987,0.00358874,0.01368125,0.02903966,0.05564985
2.65032516,0.27629300,0.00104732,0.00000000,0.00006496,0.01680042,0.00361684,0.01421657,0.02912544,0.05177361
2.65632816,0.26871865,0.00104984,0.00000000,0.00006633,0.01512407,0.00370950,0.01520843,0.03013115,0.04932340
2.66233117,0.26772641,0.00107479,0.00000000,0.00007016,0.01367337,0.00386518,0.01665369,0.03208269,0.04828176
2.66833417,0.27330389,0.00112298,0.00000000,0.00007657,0.01244892,0.00408179,0.01855177,0.03501214,0.04863694
2.67433717,0.28543183,0.00119506,0.00000000,0.00008565,0.01144963,0.00435663,0.02090376,0.03895645,0.05038272
2.68034017,0.30407937,0.00129152,0.00000000,0.00009755,0.01067303,0.00468630,0.02371132,0.04395569,0.05351760
2.68634317,0.32919777,0.00141258,0.00000000,0.00011239,0.01011553,0.00506664,0.02697557,0.05005086,0.05804350
2.69234617,0.36071271,0.00155827,0.00000000,0.00013033,0.00977279,0.00549270,0.03069592,0.05728141,0.06396387
2.69834917,0.39851590,0.00172829,0.00000000,0.00015147,0.00964002,0.00595872,0.03486877,0.06568238,0.07128147
2.70435218,0.44245623,0.00192205,0.00000000,0.00017594,0.00971233,0.00645818,0.03948646,0.07528145,0.07999574
2.71035518,0.49233126,0.00213859,0.00000000,0.00020381,0.00998505,0.00698383,0.04453609,0.08609582,0.09009997
2.71635818,0.54787952,0.00237662,0.00000000,0.00023512,0.01045395,0.00752779,0.04999869,0.09812920,0.10157844
2.72236118,0.60877430,0.00263442,0.00000000,0.00026985,0.01111556,0.00808172,0.05584841,0.11136885,0.11440358
2.72836418,0.67461942,0.00290992,0.00000000,0.00030792,0.01196735,0.00863695,0.06205210,0.12578305,0.12853332
2.73436718,0.74494750,0.00320066,0.00000000,0.00034920,0.01300783,0.00918466,0.06856907,0.14131896,0.14390889
2.74037019,0.81922111,0.00350382,0.00000000,0.00039344,0.01423674,0.00971615,0.07535116,0.15790107,0.16045302
2.74637319,0.89683702,0.00381627,0.00000000,0.00044034,0.01565501,0.01022300,0.08234321,0.17543040,0.17806886
2.75237619,0.97713356,0.00413464,0.00000000,0.00048949,0.01726472,0.01069732,0.08948375,0.19378445,0.19663961
2.75837919,1.05940114,0.00445532,0.00000000,0.00054041,0.01906899,0.01113199,0.09670603,0.21281804,0.21602888
2.76438219,1.14289536,0.00477464,0.00000000,0.00059252,0.02107174,0.01152083,0.10393942,0.23236510,0.23608202
2.77038519,1.22685244,0.00508888,0.00000000,0.00064518,0.02327737,0.01185878,0.11111087,0.25224126,0.25662813
2.77638819,1.31050622,0.00539441,0.00000000,0.00069767,0.02569033,0.01214206,0.11814671,0.27224728,0.27748291
2.78239120,1.39310587,0.00568776,0.00000000,0.00074924,0.02831464,0.01236819,0.12497448,0.29217315,0.29845213
2.78839420,1.47393352,0.00596575,0.00000000,0.00079910,0.03115318,0.01253612,0.13152479,0.31180279,0.31933559
2.79439720,1.55232086,0.00622555,0.00000000,0.00084644,0.03420711,0.01264613,0.13773311,0.33091901,0.33993149
2.80040020,1.62766373,0.00646476,0.00000000,0.00089047,0.03747501,0.01269981,0.14354145,0.34930866,0.36004083
2.80640320,1.69943402,0.00668151,0.00000000,0.00093044,0.04095211,0.01269994,0.14889984,0.36676765,0.37947180
2.81240620,1.76718805,0.00687446,0.00000000,0.00096564,0.04462952,0.01265030,0.15376744,0.38310568,0.39804383
2.81840920,1.83057112,0.00704281,0.00000000,0.00099547,0.04849342,0.01255551,0.15811335,0.39815039,0.41559127
2.82441221,1.88931785,0.00718637,0.00000000,0.00101939,0.05252442,0.01242075,0.16191711,0.41175083,0.43196630
2.83041521,1.94324849,0.00730546,0.00000000,0.00103699,0.05669700,0.01225156,0.16516867,0.42378013,0.44704117
2.83641821,1.99226132,0.00740091,0.00000000,0.00104801,0.06097916,0.01205359,0.16786807,0.43413718,0.46070968
2.84242121,2.03632192,0.00747398,0.00000000,0.00105230,0.06533228,0.01183235,0.17002480,0.44274741,0.47288774
2.84842421,2.07544988,0.00752627,0.00000000,0.00104985,0.06971129,0.01159302,0.17165672,0.44956269,0.48351324
2.85442721,2.10970406,0.00755964,0.00000000,0.00104080,0.07406511,0.01134025,0.17278893,0.45456034,0.49254524
2.86043022,2.13916744,0.00757611,0.00000000,0.00102542,0.07833744,0.01107803,0.17345234,0.45774160,0.49996261
2.86643322,2.16393254,0.00757776,0.00000000,0.00100410,0.08246784,0.01080957,0.17368224,0.45912946,0.50576239
2.87243622,2.18408864,0.00756662,0.00000000,0.00097735,0.08639317,0.01053731,0.17351697,0.45876633,0.50995794
2.87843922,2.19971161,0.00754461,0.00000000,0.00094577,0.09004926,0.01026289,0.17299660,0.45671151,0.51257717
2.88444222,2.21085713,0.00751342,0.00000000,0.00091005,0.09337280,0.00998720,0.17216186,0.45303880,0.51366096
2.89044522,2.21755781,0.00747450,0.00000000,0.00087093,0.09630348,0.00971050,0.17105332,0.44783438,0.51326199
2.89644822,2.21982438,0.00742900,0.00000000,0.00082919,0.09878605,0.00943254,0.16971088,0.44119502,0.51144397
2.90245123,2.21765093,0.00737774,0.00000000,0.00078565,0.10077247,0.00915273,0.16817352,0.43322682,0.50828147
2.90845423,2.21102384,0.00732123,0.00000000,0.00074112,0.10222393,0.00887032,0.16647937,0.42404434,0.50386018
2.91445723,2.19993376,0.00725966,0.00000000,0.00069645,0.10311260,0.00858459,0.16466607,0.41377024,0.49827773
2.92046023,2.18438977,0.00719297,0.00000000,0.00065243,0.10342316,0.00829502,0.16277131,0.40253533,0.49164480
2.92646323,2.16443492,0.00712089,0.00000000,0.00060987,0.10315384,0.00800149,0.16083350,0.39047883,0.48408643
2.93246623,2.14016181,0.00704299,0.00000000,0.00056953,0.10231713,0.00770443,0.15889258,0.37774879,0.47574343
2.93846923,2.11172746,0.00695874,0.00000000,0.00053219,0.10093991,0.00740492,0.15699066,0.36450247,0.46677356
2.94447224,2.07936620,0.00686760,0.00000000,0.00049857,0.09906313,0.00710482,0.15517272,0.35090657,0.45735243
2.95047524,2.04339982,0.00676907,0.00000000,0.00046938,0.09674095,0.00680679,0.15348698,0.33713713,0.44767377
2.95647824,2.00424423,0.00666277,0.00000000,0.00044535,0.09403945,0.00651434,0.15198503,0.32337895,0.43794912
2.96248124,1.96241208,0.00654847,0.00000000,0.00042714,0.09103487,0.00623179,0.15072170,0.30982461,0.42840664
2.96848424,1.91851105,0.00642617,0.00000000,0.00041547,0.08781151,0.00596423,0.14975449,0.29667279,0.41928906
2.97448724,1.87323778,0.00629607,0.00000000,0.00041101,0.08445938,0.00571744,0.14914265,0.28412609,0.41085066
2.98049025,1.82736740,0.00615865,0.00000000,0.00041444,0.08107166,0.00549775,0.14894593,0.27238835,0.40335342
2.98649325,1.78173922,0.00601467,0.00000000,0.00042643,0.07774202,0.00531189,0.14922297,0.26166144,0.39706219
2.99249625,1.73723881,0.00586511,0.00000000,0.00044761,0.07456201,0.00516685,0.15002942,0.25214175,0.39223923
2.99849925,1.69477731,0.00571120,0.00000000,0.00047860,0.07161856,0.00506969,0.15141581,0.24401642,0.38913806
3.00450225,1.65526841,0.00555436,0.00000000,0.00051996,0.06899157,0.00502733,0.15342543,0.23745945,0.38799685
3.01050525,1.61960401,0.00539618,0.00000000,0.00057218,0.06675183,0.00504634,0.15609205,0.23262789,0.38903161
3.01650825,1.58862913,0.00523835,0.00000000,0.00063563,0.06495919,0.00513273,0.15943785,0.22965816,0.39242927
3.02251126,1.56311699,0.00508262,0.00000000,0.00071059,0.06366114,0.00529177,0.16347151,0.22866265,0.39834104
3.02851426,1.54374495,0.00493073,0.00000000,0.00079714,0.06289163,0.00552772,0.16818661,0.22972674,0.40687603
3.03451726,1.53107209,0.00478435,0.00000000,0.00089520,0.06267044,0.00584369,0.17356045,0.23290628,0.41809567
3.04052026,1.52551907,0.00464504,0.00000000,0.00100447,0.06300278,0.00624139,0.17955332,0.23822552,0.43200887
3.04652326,1.52735100,0.00451420,0.00000000,0.00112439,0.06387934,0.00672103,0.18610839,0.24567576,0.44856826
3.05252626,1.53666379,0.00439296,0.00000000,0.00125416,0.06527669,0.00728110,0.19315207,0.25521441,0.46766770
3.05852926,1.55337454,0.00428224,0.00000000,0.00139266,0.06715800,0.00791833,0.20059506,0.26676478,0.48914114
3.06453227,1.57721639,0.00418263,0.00000000,0.00153853,0.06947408,0.00862758,0.20833390,0.28021634,0.51276300
3.07053527,1.60773819,0.00409441,0.00000000,0.00169011,0.07216469,0.00940182,0.21625304,0.29542559,0.53825016
3.07653827,1.64430913,0.00401755,0.00000000,0.00184546,0.07516010,0.01023215,0.22422742,0.31221746,0.56526550
3.08254127,1.68612851,0.00395166,0.00000000,0.00200243,0.07838282,0.01110794,0.23212536,0.33038719,0.59342315
3.08854427,1.73224057,0.00389607,0.00000000,0.00215864,0.08174957,0.01201688,0.23981172,0.34970277,0.62229514
3.09454727,1.78155415,0.00384979,0.00000000,0.00231159,0.08517333,0.01294526,0.24715117,0.36990774,0.65141958
3.10055028,1.83286700,0.00381159,0.00000000,0.00245866,0.08856546,0.01387824,0.25401149,0.39072453,0.68030996
3.10655328,1.88489392,0.00378002,0.00000000,0.00259723,0.09183790,0.01480014,0.26026676,0.41185825,0.70846555
3.11255628,1.93629843,0.00375344,0.00000000,0.00272473,0.09490536,0.01569481,0.26580031,0.43300077,0.73538247
3.11855928,1.98572684,0.00373014,0.00000000,0.00283870,0.09768738,0.01654609,0.27050735,0.45383541,0.76056522
3.12456228,2.03184394,0.00370833,0.00000000,0.00293689,0.10011038,0.01733823,0.27429720,0.47404178,0.78353831
3.13056528,2.07336927,0.00368624,0.00000000,0.00301733,0.10210947,0.01805631,0.27709506,0.49330113,0.80385766
3.13656828,2.10911272,0.00366218,0.00000000,0.00307839,0.10363006,0.01868674,0.27884331,0.51130190,0.82112141
3.14257129,2.13800849,0.00363459,0.00000000,0.00311884,0.10462921,0.01921766,0.27950232,0.52774543,0.83497982
3.14857429,2.15914615,0.00360211,0.00000000,0.00313787,0.10507667,0.01963933,0.27905072,0.54235189,0.84514398
3.15457729,2.17179786,0.00356360,0.00000000,0.00313514,0.10495562,0.01994444,0.27748531,0.55486605,0.85139302
3.16058029,2.17544063,0.00351823,0.00000000,0.00311080,0.10426301,0.02012844,0.27482056,0.56506301,0.85357962
3.16658329,2.16977301,0.00346545,0.00000000,0.00306547,0.10300953,0.02018963,0.27108770,0.57275348,0.85163364
3.17258629,2.15472546,0.00340508,0.00000000,0.00300020,0.10121922,0.02012932,0.26633364,0.57778872,0.84556384
3.17858929,2.13046397,0.00333725,0.00000000,0.00291649,0.09892877,0.01995183,0.26061961,0.58006461,0.83545749
3.18459230,2.09738691,0.00326247,0.00000000,0.00281617,0.09618642,0.01966434,0.25401969,0.57952503,0.82147808
3.19059530,2.05611492,0.00318157,0.00000000,0.00270140,0.09305061,0.01927677,0.24661920,0.57616409,0.80386104
3.19659830,2.00747441,0.00309568,0.00000000,0.00257456,0.08958840,0.01880150,0.23851307,0.57002725,0.78290780
3.20260130,1.95247494,0.00300623,0.00000000,0.00243819,0.08587368,0.01825301,0.22980415,0.56121117,0.75897820
3.20860430,1.89228140,0.00291486,0.00000000,0.00229494,0.08198527,0.01764751,0.22060150,0.54986214,0.73248161
3.21460730,1.82818181,0.00282342,0.00000000,0.00214745,0.07800495,0.01700252,0.21101872,0.53617321,0.70386704
3.22061031,1.76155174,0.00273387,0.00000000,0.00199828,0.07401554,0.01633638,0.20117224,0.52037997,0.67361242
3.22661331,1.69381660,0.00264824,0.00000000,0.00184991,0.07009897,0.01566782,0.19117966,0.50275508,0.64221360
3.23261631,1.62641287,0.00256855,0.00000000,0.00170461,0.06633451,0.01501544,0.18115803,0.48360169,0.61017307
3.23861931,1.56074965,0.00249679,0.00000000,0.00156444,0.06279715,0.01439735,0.17122226,0.46324603,0.57798903
3.24462231,1.49817145,0.00243478,0.00000000,0.00143118,0.05955621,0.01383069,0.16148340,0.44202927,0.54614492
3.25062531,1.43992359,0.00238419,0.00000000,0.00130637,0.05667407,0.01333133,0.15204714,0.42029908,0.51509970
3.25662831,1.38712110,0.00234641,0.00000000,0.00119121,0.05420529,0.01291349,0.14301221,0.39840106,0.48527921
3.26263132,1.34072183,0.00232256,0.00000000,0.00108666,0.05219578,0.01258956,0.13446894,0.37667040,0.45706869
3.26863432,1.30150480,0.00231344,0.00000000,0.00099335,0.05068238,0.01236984,0.12649800,0.35542405,0.43080671
3.27463732,1.27005395,0.00231946,0.00000000,0.00091167,0.04969252,0.01226244,0.11916915,0.33495366,0.40678052
3.28064032,1.24674786,0.00234066,0.00000000,0.00084176,0.04924417,0.01227320,0.11254034,0.31551954,0.38522299
3.28664332,1.23175546,0.00237670,0.00000000,0.00078354,0.04934587,0.01240561,0.10665693,0.29734576,0.36631102
3.29264632,1.22503767,0.00242685,0.00000000,0.00073674,0.04999698,0.01266091,0.10155116,0.28061660,0.35016542
3.29864932,1.22635473,0.00249000,0.00000000,0.00070095,0.05118804,0.01303807,0.09724195,0.26547436,0.33685217
3.30465233,1.23527883,0.00256470,0.00000000,0.00067562,0.05290115,0.01353396,0.09373495,0.25201854,0.32638493
3.31065533,1.25121135,0.00264920,0.00000000,0.00066012,0.05511048,0.01414343,0.09102281,0.24030638,0.31872861
3.31665833,1.27340416,0.00274146,0.00000000,0.00065374,0.05778285,0.01485948,0.08908585,0.23035460,0.31380383
3.32266133,1.30098410,0.00283925,0.00000000,0.00065576,0.06087829,0.01567346,0.08789284,0.22214224,0.31149197
3.32866433,1.33297973,0.00294017,0.00000000,0.00066542,0.06435066,0.01657522,0.08740207,0.21561433,0.31164082
3.33466733,1.36834961,0.00304173,0.00000000,0.00068196,0.06814833,0.01755336,0.08756266,0.21068637,0.31407027
3.34067034,1.40601098,0.00314142,0.00000000,0.00070467,0.07221486,0.01859541,0.08831589,0.20724915,0.31857823
3.34667334,1.44486821,0.00323675,0.00000000,0.00073285,0.07648974,0.01968808,0.08959677,0.20517389,0.32494622
3.35267634,1.48384004,0.00332534,0.00000000,0.00076582,0.08090916,0.02081745,0.09133552,0.20431741,0.33294474
3.35867934,1.52188495,0.00340493,0.00000000,0.00080298,0.08540689,0.02196921,0.09345923,0.20452714,0.34233820
3.36468234,1.55802401,0.00347350,0.00000000,0.00084376,0.08991518,0.02312890,0.09589334,0.20564584,0.35288926
3.37068534,1.59136077,0.00352928,0.00000000,0.00088762,0.09436575,0.02428210,0.09856314,0.20751589,0.36436257
3.37668834,1.62109770,0.00357076,0.00000000,0.00093410,0.09869083,0.02541465,0.10139512,0.20998296,0.37652794
3.38269135,1.64654915,0.00359680,0.00000000,0.00098276,0.10282430,0.02651283,0.10431824,0.21289926,0.38916281
3.38869435,1.66715047,0.00360655,0.00000000,0.00103320,0.10670284,0.02756357,0.10726501,0.21612600,0.40205422
3.39469735,1.68246367,0.00359957,0.00000000,0.00108507,0.11026712,0.02855461,0.11017244,0.21953536,0.41500015
3.40070035,1.69217940,0.00357574,0.00000000,0.00113808,0.11346298,0.02947460,0.11298277,0.22301189,0.42781061
3.40670335,1.69611591,0.00353533,0.00000000,0.00119194,0.11624260,0.03031331,0.11564415,0.22645334,0.44030821
3.41270635,1.69421503,0.00347892,0.00000000,0.00124644,0.11856554,0.03106164,0.11811101,0.22977117,0.45232870
3.41870935,1.68653581,0.00340745,0.00000000,0.00130144,0.12039971,0.03171177,0.12034448,0.23289068,0.46372132
3.42471236,1.67324619,0.00332216,0.00000000,0.00135684,0.12172224,0.03225718,0.12231249,0.23575091,0.47434921
3.43071536,1.65461329,0.00322455,0.00000000,0.00141265,0.12252005,0.03269270,0.12398994,0.23830448,0.48408995
3.43671836,1.63099268,0.00311637,0.00000000,0.00146900,0.12279032,0.03301450,0.12535869,0.24051722,0.49283630
3.44272136,1.60281721,0.00299960,0.00000000,0.00152613,0.12254062,0.03322016,0.12640757,0.24236801,0.50049720
3.44872436,1.57058577,0.00287635,0.00000000,0.00158448,0.12178895,0.03330859,0.12713224,0.24384856,0.50699901
3.45472736,1.53485237,0.00274889,0.00000000,0.00164467,0.12056331,0.03328007,0.12753518,0.24496328,0.51228706
3.46073037,1.49621571,0.00261959,0.00000000,0.00170757,0.11890120,0.03313624,0.12762551,0.24572930,0.51632736
3.46673337,1.45530952,0.00249086,0.00000000,0.00177431,0.11684881,0.03288003,0.12741890,0.24617644,0.51910843
3.47273637,1.41279360,0.00236513,0.00000000,0.00184634,0.11445993,0.03251570,0.12693740,0.24634731,0.52064303
3.47873937,1.36934574,0.00224484,0.00000000,0.00192541,0.11179479,0.03204884,0.12620924,0.24629716,0.52096979
3.48474237,1.32565413,0.00213234,0.00000000,0.00201365,0.10891862,0.03148629,0.12526852,0.24609370,0.52015433
3.49074537,1.28241036,0.00202995,0.00000000,0.00211353,0.10590016,0.03083619,0.12415489,0.24581656,0.51828992
3.49674837,1.24030249,0.00193982,0.00000000,0.00222787,0.10281002,0.03010790,0.12291303,0.24555636,0.51549726
3.50275138,1.20000820,0.00186400,0.00000000,0.00235984,0.09971902,0.02931202,0.12159201,0.24541336,0.51192336
3.50875438,1.16218755,0.00180436,0.00000000,0.00251287,0.09669656,0.02846025,0.12024442,0.24549554,0.50773937
3.51475738,1.12747526,0.00176255,0.00000000,0.00269064,0.09380892,0.02756538,0.11892542,0.24591607,0.50313722
3.52076038,1.09647244,0.00174001,0.00000000,0.00289692,0.09111772,0.02664111,0.11769149,0.24679024,0.49832508
3.52676338,1.06973754,0.00173795,0.00000000,0.00313556,0.08867847,0.02570192,0.11659902,0.24823183,0.49352179
3.53276638,1.04777681,0.00175729,0.00000000,0.00341026,0.08653927,0.02476286,0.11570282,0.25034903,0.48895022
3.53876938,1.03103446,0.00179868,0.00000000,0.00372448,0.08473969,0.02383934,0.11505442,0.25324005,0.48483000
3.54477239,1.01988270,0.00186246,0.00000000,0.00408123,0.08330990,0.02294684,0.11470043,0.25698862,0.48136967
3.55077539,1.01461241,0.00194867,0.00000000,0.00448292,0.08227003,0.02210061,0.11468085,0.26165956,0.47875885
3.55677839,1.01542480,0.00205706,0.00000000,0.00493118,0.08162989,0.02131540,0.11502751,0.26729471,0.47716060
3.56278139,1.02242463,0.00218706,0.00000000,0.00542663,0.08138893,0.02060509,0.11576280,0.27390948,0.47670454
3.56878439,1.03561588,0.00233783,0.00000000,0.00596880,0.08153656,0.01998238,0.11689858,0.28149013,0.47748101
3.57478739,1.05490015,0.00250827,0.00000000,0.00655589,0.08205285,0.01945850,0.11843552,0.28999226,0.47953674
3.58079040,1.08007835,0.00269706,0.00000000,0.00718475,0.08290941,0.01904292,0.12036287,0.29934043,0.48287224
3.58679340,1.11085613,0.00290269,0.00000000,0.00785074,0.08407073,0.01874312,0.12265873,0.30942921,0.48744122
3.59279640,1.14685291,0.00312355,0.00000000,0.00854778,0.08549570,0.01856441,0.12529077,0.32012562,0.49315206
3.59879940,1.18761465,0.00335796,0.00000000,0.00926832,0.08713927,0.01850979,0.12821749,0.33127294,0.49987143
3.60480240,1.23262977,0.00360423,0.00000000,0.01000348,0.08895434,0.01857991,0.13138989,0.34269583,0.50742984
3.61080540,1.28134770,0.00386076,0.00000000,0.01074321,0.09089362,0.01877303,0.13475354,0.35420649,0.51562898
3.61680840,1.33319918,0.00412607,0.00000000,0.01147648,0.09291149,0.01908517,0.13825093,0.36561165,0.52425038
3.62281141,1.38761721,0.00439890,0.00000000,0.01219157,0.09496570,0.01951018,0.14182394,0.37671998,0.53306512
3.62881441,1.44405747,0.00467823,0.00000000,0.01287637,0.09701881,0.02003993,0.14541636,0.38734965,0.54184393
3.63481741,1.50201699,0.00496331,0.00000000,0.01351877,0.09903940,0.02066459,0.14897633,0.39733550,0.55036729
3.64082041,1.56104980,0.00525371,0.00000000,0.01410695,0.10100280,0.02137286,0.15245843,0.40653561,0.55843485
3.64682341,1.62077845,0.00554930,0.00000000,0.01462984,0.10289149,0.02215225,0.15582543,0.41483665,0.56587393
3.65282641,1.68090050,0.00585020,0.00000000,0.01507744,0.10469497,0.02298941,0.15904959,0.42215802,0.57254635
3.65882941,1.74118948,0.00615679,0.00000000,0.01544111,0.10640922,0.02387040,0.16211328,0.42845421,0.57835358
3.66483242,1.80148986,0.00646955,0.00000000,0.01571395,0.10803575,0.02478096,0.16500908,0.43371547,0.58323974
3.67083542,1.86170638,0.00678904,0.00000000,0.01589094,0.10958030,0.02570678,0.16773917,0.43796673,0.58719255
3.67683842,1.92178826,0.00711575,0.00000000,0.01596914,0.11105122,0.02663371,0.17031424,0.44126468,0.59024212
3.68284142,1.98170915,0.00744998,0.00000000,0.01594777,0.11245775,0.02754797,0.17275175,0.44369341,0.59245788
3.68884442,2.04144433,0.00779171,0.00000000,0.01582819,0.11380819,0.02843626,0.17507390,0.44535868,0.59394381
3.69484742,2.10094664,0.00814049,0.00000000,0.01561383,0.11510825,0.02928591,0.17730529,0.44638137,0.59483241
3.70085043,2.16012296,0.00849531,0.00000000,0.01531007,0.11635949,0.03008498,0.17947044,0.44689028,0.59527782
3.70685343,2.21881312,0.00885453,0.00000000,0.01492394,0.11755813,0.03082228,0.18159145,0.44701499,0.59544854
3.71285643,2.27677292,0.00921579,0.00000000,0.01446392,0.11869431,0.03148749,0.18368576,0.44687893,0.59552018
3.71885943,2.33366298,0.00957603,0.00000000,0.01393958,0.11975178,0.03207116,0.18576438,0.44659328,0.59566877
3.72486243,2.38904449,0.00993145,0.00000000,0.01336126,0.12070813,0.03256478,0.18783053,0.44625194,0.59606481
3.73086543,2.44238269,0.01027760,0.00000000,0.01273971,0.12153554,0.03296084,0.18987893,0.44592782,0.59686852
3.73686843,2.49305849,0.01060947,0.00000000,0.01208574,0.12220206,0.03325293,0.19189565,0.44567067,0.59822639
3.74287144,2.54038776,0.01092166,0.00000000,0.01140995,0.12267327,0.03343578,0.19385862,0.44550654,0.60026902
3.74887444,2.58364761,0.01120850,0.00000000,0.01072239,0.12291436,0.03350542,0.19573880,0.44543864,0.60311039
3.75487744,2.62210824,0.01146431,0.00000000,0.01003236,0.12289232,0.03345926,0.19750175,0.44544974,0.60684824
3.76088044,2.65506862,0.01168358,0.00000000,0.00934823,0.12257832,0.03329626,0.19910976,0.44550562,0.61156547
3.76688344,2.68189381,0.01186123,0.00000000,0.00867728,0.12194999,0.03301697,0.20052412,0.44555943,0.61733217
3.77288644,2.70205170,0.01199282,0.00000000,0.00802567,0.12099352,0.03262372,0.20170763,0.44555647,0.62420807
3.77888944,2.71514681,0.01207473,0.00000000,0.00739839,0.11970540,0.03212061,0.20262694,0.44543926,0.63224498
3.78489245,2.72094887,0.01210437,0.00000000,0.00679929,0.11809379,0.03151360,0.20325485,0.44515224,0.64148896
3.79089545,2.71941435,0.01208031,0.00000000,0.00623115,0.11617929,0.03081043,0.20357213,0.44464605,0.65198190
3.79689845,2.71069928,0.01200234,0.00000000,0.00569578,0.11399514,0.03002059,0.20356898,0.44388099,0.66376232
3.80290145,2.69516251,0.01187153,0.00000000,0.00519416,0.11158689,0.02915509,0.20324592,0.44282950,0.67686521
3.80890445,2.67335878,0.01169020,0.00000000,0.00472652,0.10901131,0.02822634,0.20261418,0.44147754,0.69132089
3.81490745,2.64602193,0.01146184,0.00000000,0.00429250,0.10633489,0.02724775,0.20169542,0.43982491,0.70715283
3.82091046,2.61403891,0.01119100,0.00000000,0.00389131,0.10363180,0.02623348,0.20052100,0.43788449,0.72437456
3.82691346,2.57841602,0.01088310,0.00000000,0.00352180,0.10098138,0.02519800,0.19913072,0.43568057,0.74298588
3.83291646,2.54023904,0.01054426,0.00000000,0.00318261,0.09846548,0.02415569,0.19757127,0.43324652,0.76296853
3.83891946,2.50062945,0.01018103,0.00000000,0.00287222,0.09616557,0.02312040,0.19589433,0.43062193,0.78428162
3.84492246,2.46069901,0.00980019,0.00000000,0.00258907,0.09415986,0.02210507,0.19415458,0.42784951,0.80685714
3.85092546,2.42150512,0.00940849,0.00000000,0.00233156,0.09252051,0.02112129,0.19240776,0.42497211,0.83059584
3.85692846,2.38400925,0.00901242,0.00000000,0.00209814,0.09131111,0.02017899,0.19070874,0.42202992,0.85536382
3.86293147,2.34904050,0.00861802,0.00000000,0.00188727,0.09058448,0.01928617,0.18910988,0.41905812,0.88099011
3.86893447,2.31726607,0.00823068,0.00000000,0.00169749,0.09038095,0.01844872,0.18765964,0.41608527,0.90726542
3.87493747,2.28917000,0.00785505,0.00000000,0.00152739,0.09072703,0.01767032,0.18640157,0.41313222,0.93394243
3.88094047,2.26504095,0.00749486,0.00000000,0.00137560,0.09163473,0.01695240,0.18537362,0.41021191,0.96073759
3.88694347,2.24496944,0.00715296,0.00000000,0.00124078,0.09310137,0.01629431,0.18460783,0.40732976,0.98733454
3.89294647,2.22885430,0.00683125,0.00000000,0.00112165,0.09510989,0.01569344,0.18413033,0.40448478,1.01338926
3.89894947,2.21641769,0.00653073,0.00000000,0.00101693,0.09762973,0.01514553,0.18396157,0.40167109,1.03853667
3.90495248,2.20722763,0.00625157,0.00000000,0.00092535,0.10061806,0.01464502,0.18411677,0.39887978,1.06239857
3.91095548,2.20072655,0.00599321,0.00000000,0.00084568,0.10402139,0.01418539,0.18460643,0.39610100,1.08459283
3.91695848,2.19626418,0.00575446,0.00000000,0.00077669,0.10777748,0.01375963,0.18543684,0.39332595,1.10474316
3.92296148,2.19313295,0.00553366,0.00000000,0.00071717,0.11181728,0.01336068,0.18661049,0.39054867,1.12248946
3.92896448,2.19060407,0.00532884,0.00000000,0.00066595,0.11606713,0.01298182,0.18812637,0.38776752,1.13749806
3.93496748,2.18796238,0.00513781,0.00000000,0.00062189,0.12045072,0.01261714,0.18998001,0.38498621,1.14947145
3.94097049,2.18453836,0.00495834,0.00000000,0.00058394,0.12489105,0.01226188,0.19216324,0.38221425,1.15815725
3.94697349,2.17973603,0.00478828,0.00000000,0.00055107,0.12931216,0.01191277,0.19466380,0.37946686,1.16335575
3.95297649,2.17305550,0.00462567,0.00000000,0.00052237,0.13364065,0.01156825,0.19746461,0.37676442,1.16492585
3.95897949,2.16410952,0.00446880,0.00000000,0.00049700,0.13780682,0.01122873,0.20054293,0.37413132,1.16278911
3.96498249,2.15263375,0.00431633,0.00000000,0.00047425,0.14174566,0.01089667,0.20386944,0.37159460,1.15693167
3.97098549,2.13849076,0.00416728,0.00000000,0.00045349,0.14539746,0.01057660,0.20740728,0.36918225,1.14740407
3.97698849,2.12166814,0.00402107,0.00000000,0.00043422,0.14870820,0.01027517,0.21111119,0.36692152,1.13431903
3.98299150,2.10227150,0.00387753,0.00000000,0.00041605,0.15162980,0.01000102,0.21492699,0.36483729,1.11784725
3.98899450,2.08051314,0.00373688,0.00000000,0.00039872,0.15412013,0.00976463,0.21879125,0.36295071,1.09821176
3.99499750,2.05669774,0.00359968,0.00000000,0.00038205,0.15614304,0.00957810,0.22263154,0.36127820,1.07568095
4.00100050,2.03120590,0.00346678,0.00000000,0.00036597,0.15766829,0.00945496,0.22636710,0.35983098,1.05056087
4.00700350,2.00447696,0.00333929,0.00000000,0.00035052,0.15867165,0.00940979,0.22991015,0.35861513,1.02318717
4.01300650,1.97699197,0.00321849,0.00000000,0.00033580,0.15913495,0.00945794,0.23316771,0.35763222,0.99391727
4.01900950,1.94925777,0.00310579,0.00000000,0.00032198,0.15904635,0.00961511,0.23604404,0.35688053,0.96312295
4.02501251,1.92179279,0.00300264,0.00000000,0.00030930,0.15840072,0.00989701,0.23844344,0.35635668,0.93118402
4.03101551,1.89511506,0.00291047,0.00000000,0.00029803,0.15720016,0.01031886,0.24027357,0.35605771,0.89848298
4.03701851,1.86973257,0.00283067,0.00000000,0.00028849,0.15545457,0.01089500,0.24144886,0.35598329,0.86540117
4.04302151,1.84613595,0.00276447,0.00000000,0.00028101,0.15318234,0.01163842,0.24189406,0.35613804,0.83231611
4.04902451,1.82479321,0.00271296,0.00000000,0.00027595,0.15041100,0.01256030,0.24154764,0.35653368,0.79960021
4.05502751,1.80614612,0.00267703,0.00000000,0.00027367,0.14717777,0.01366953,0.24036490,0.35719092,0.76762050
4.06103052,1.79060788,0.00265730,0.00000000,0.00027456,0.14353000,0.01497236,0.23832061,0.35814088,0.73673918
4.06703352,1.77856142,0.00265419,0.00000000,0.00027900,0.13952537,0.01647192,0.23541103,0.35942592,0.70731458
4.07303652,1.77035796,0.00266779,0.00000000,0.00028740,0.13523181,0.01816793,0.23165514,0.36109988,0.67970227
4.07903952,1.76631543,0.00269796,0.00000000,0.00030016,0.13072706,0.02005644,0.22709513,0.36322756,0.65425586
4.08504252,1.76671654,0.00274427,0.00000000,0.00031775,0.12609790,0.02212964,0.22179588,0.36588353,0.63132713
4.09104552,1.77180632,0.00280604,0.00000000,0.00034065,0.12143897,0.02437581,0.21584374,0.36915037,0.61126526
4.09704852,1.78178916,0.00288233,0.00000000,0.00036938,0.11685120,0.02677938,0.20934436,0.37311630,0.59441489
4.10305153,1.79682567,0.00297199,0.00000000,0.00040456,0.11243994,0.02932112,0.20241989,0.37787238,0.58111282
4.10905453,1.81702930,0.00307370,0.00000000,0.00044686,0.10831266,0.03197853,0.19520561,0.38350952,0.57168343
4.11505753,1.84246341,0.00318597,0.00000000,0.00049707,0.10457657,0.03472624,0.18784600,0.39011525,0.56643273
4.12106053,1.87313873,0.00330722,0.00000000,0.00055607,0.10133595,0.03753673,0.18049075,0.39777054,0.56564121
4.12706353,1.90901178,0.00343579,0.00000000,0.00062488,0.09868938,0.04038099,0.17329049,0.40654673,0.56955580
4.13306653,1.94998417,0.00357001,0.00000000,0.00070463,0.09672706,0.04322936,0.16639273,0.41650275,0.57838114
4.13906953,1.99590310,0.00370826,0.00000000,0.00079660,0.09552819,0.04605243,0.15993795,0.42768256,0.59227050
4.14507254,2.04656276,0.00384897,0.00000000,0.00090220,0.09515841,0.04882192,0.15405606,0.44011298,0.61131684
4.15107554,2.10170661,0.00399070,0.00000000,0.00102292,0.09566774,0.05151153,0.14886337,0.45380193,0.63554428
4.15707854,2.16103013,0.00413213,0.00000000,0.00116036,0.09708859,0.05409779,0.14445994,0.46873691,0.66490052
4.16308154,2.22418377,0.00427215,0.00000000,0.00131616,0.09943439,0.05656066,0.14092761,0.48488395,0.69925046
4.16908454,2.29077558,0.00440981,0.00000000,0.00149198,0.10269851,0.05888409,0.13832854,0.50218671,0.73837155
4.17508754,2.36037315,0.00454435,0.00000000,0.00168938,0.10685381,0.06105633,0.13670420,0.52056592,0.78195097
4.18109055,2.43250468,0.00467520,0.00000000,0.00190983,0.11185256,0.06307004,0.13607499,0.53991897,0.82958512
4.18709355,2.50665870,0.00480195,0.00000000,0.00215455,0.11762704,0.06492211,0.13644021,0.56011976,0.88078145
4.19309655,2.58228278,0.00492431,0.00000000,0.00242448,0.12409052,0.06661337,0.13777841,0.58101864,0.93496275
4.19909955,2.65878099,0.00504208,0.00000000,0.00272014,0.13113885,0.06814794,0.14004816,0.60244273,0.99147400
4.20510255,2.73551081,0.00515514,0.00000000,0.00304156,0.13865249,0.06953254,0.14318899,0.62419634,1.04959165
4.21110555,2.81177968,0.00526332,0.00000000,0.00338817,0.14649893,0.07077554,0.14712266,0.64606189,1.10853517
4.21710855,2.88684222,0.00536642,0.00000000,0.00375873,0.15453553,0.07188597,0.15175463,0.66780116,1.16748069
4.22311156,2.95989850,0.00546416,0.00000000,0.00415126,0.16261263,0.07287254,0.15697570,0.68915711,1.22557635
4.22911456,3.03009455,0.00555606,0.00000000,0.00456300,0.17057690,0.07374262,0.16266388,0.70985635,1.28195909
4.23511756,3.09652563,0.00564153,0.00000000,0.00499034,0.17827479,0.07450139,0.16868649,0.72961221,1.33577227
4.24112056,3.15824299,0.00571973,0.00000000,0.00542891,0.18555606,0.07515108,0.17490243,0.74812867,1.38618385
4.24712356,3.21426476,0.00578965,0.00000000,0.00587351,0.19227722,0.07569047,0.18116467,0.76510500,1.43240444
4.25312656,3.26359099,0.00585008,0.00000000,0.00631831,0.19830486,0.07611462,0.18732296,0.78024114,1.47370487
4.25912956,3.30522300,0.00589964,0.00000000,0.00675684,0.20351870,0.07641487,0.19322676,0.79324378,1.50943262
4.26513257,3.33818661,0.00593680,0.00000000,0.00718222,0.20781436,0.07657910,0.19872826,0.80383299,1.53902678
4.27113557,3.36155861,0.00595998,0.00000000,0.00758727,0.21110570,0.07659225,0.20368557,0.81174917,1.56203096
4.27713857,3.37449552,0.00596758,0.00000000,0.00796475,0.21332670,0.07643711,0.20796597,0.81676023,1.57810384
4.28314157,3.37626341,0.00595805,0.00000000,0.00830756,0.21443290,0.07609525,0.21144902,0.81866863,1.58702701
4.28914457,3.36626739,0.00592997,0.00000000,0.00860896,0.21440214,0.07554814,0.21402966,0.81731802,1.58870982
4.29514757,3.34407928,0.00588214,0.00000000,0.00886279,0.21323493,0.07477827,0.21562094,0.81259926,1.58319114
4.30115058,3.30946191,0.00581362,0.00000000,0.00906367,0.21095409,0.07377036,0.21615647,0.80445544,1.57063787
4.30715358,3.26238858,0.00572383,0.00000000,0.00920723,0.20760395,0.07251243,0.21559233,0.79288566,1.55134029
4.31315658,3.20305658,0.00561257,0.00000000,0.00929023,0.20324897,0.07099675,0.21390848,0.77794742,1.52570427
4.31915958,3.13189353,0.00548007,0.00000000,0.00931072,0.19797195,0.06922067,0.21110947,0.75975734,1.49424075
4.32516258,3.04955618,0.00532700,0.00000000,0.00926808,0.19187175,0.06718715,0.20722448,0.73849016,1.45755256
4.33116558,2.95692115,0.00515450,0.00000000,0.00916310,0.18506075,0.06490503,0.20230663,0.71437603,1.41631914
4.33716858,2.85506801,0.00496413,0.00000000,0.00899793,0.17766206,0.06238908,0.19643157,0.68769603,1.37127961
4.34317159,2.74525507,0.00475785,0.00000000,0.00877604,0.16980645,0.05965974,0.18969539,0.65877620,1.32321469
4.34917459,2.62888898,0.00453798,0.00000000,0.00850207,0.16162937,0.05674262,0.18221195,0.62798010,1.27292801
4.35517759,2.50748934,0.00430712,0.00000000,0.00818174,0.15326783,0.05366776,0.17410967,0.59570040,1.22122756
4.36118059,2.38264982,0.00406812,0.00000000,0.00782162,0.14485748,0.05046872,0.16552796,0.56234956,1.16890768
4.36718359,2.25599758,0.00382393,0.00000000,0.00742894,0.13652980,0.04718155,0.15661342,0.52835016,1.11673228
4.37318659,2.12915259,0.00357760,0.00000000,0.00701135,0.12840956,0.04384368,0.14751592,0.49412509,1.06541978
4.37918959,2.00368852,0.00333216,0.00000000,0.00657672,0.12061262,0.04049280,0.13838476,0.46008808,1.01563010
4.38519260,1.88109696,0.00309054,0.00000000,0.00613289,0.11324397,0.03716573,0.12936496,0.42663480,0.96795421
4.39119560,1.76275589,0.00285553,0.00000000,0.00568749,0.10639628,0.03389743,0.12059393,0.39413485,0.92290624
4.39719860,1.64990377,0.00262969,0.00000000,0.00524768,0.10014873,0.03072014,0.11219855,0.36292495,0.88091845
4.40320160,1.54361975,0.00241532,0.00000000,0.00482007,0.09456630,0.02766262,0.10429269,0.33330330,0.84233887
4.40920460,1.44481032,0.00221444,0.00000000,0.00441053,0.08969944,0.02474961,0.09697531,0.30552551,0.80743149
4.41520760,1.35420249,0.00202874,0.00000000,0.00402410,0.08558403,0.02200147,0.09032919,0.27980189,0.77637887
4.42121061,1.27234309,0.00185957,0.00000000,0.00366495,0.08224180,0.01943399,0.08442011,0.25629611,0.74928665
4.42721361,1.19960353,0.00170796,0.00000000,0.00333628,0.07968087,0.01705843,0.07929668,0.23512531,0.72618964
4.43321661,1.13618941,0.00157461,0.00000000,0.00304042,0.07789671,0.01488161,0.07499059,0.21636134,0.70705908
4.43921961,1.08215374,0.00145992,0.00000000,0.00277875,0.07687315,0.01290628,0.07151736,0.20003298,0.69181055
4.44522261,1.03741298,0.00136401,0.00000000,0.00255184,0.07658368,0.01113145,0.06887737,0.18612915,0.68031211
4.45122561,1.00176469,0.00128674,0.00000000,0.00235944,0.07699268,0.00955290,0.06705726,0.17460259,0.67239232
4.45722861,0.97490590,0.00122774,0.00000000,0.00220065,0.07805691,0.00816369,0.06603143,0.16537408,0.66784771
4.46323162,0.95645119,0.00118645,0.00000000,0.00207393,0.07972687,0.00695472,0.06576374,0.15833691,0.66644959
4.46923462,0.94594986,0.00116214,0.00000000,0.00197726,0.08194820,0.00591522,0.06620922,0.15336133,0.66794983
4.47523762,0.94290155,0.00115394,0.00000000,0.00190820,0.08466299,0.00503328,0.06731576,0.15029901,0.67208569
4.48124062,0.94676984,0.00116087,0.00000000,0.00186402,0.08781108,0.00429630,0.06902576,0.14898731,0.67858353
4.48724362,0.95699368,0.00118185,0.00000000,0.00184176,0.09133114,0.00369140,0.07127761,0.14925317,0.68716163
4.49324662,0.97299655,0.00121572,0.00000000,0.00183836,0.09516167,0.00320572,0.07400711,0.15091673,0.69753208
4.49924962,0.99419344,0.00126128,0.00000000,0.00185068,0.09924186,0.00282672,0.07714864,0.15379453,0.70940202
4.50525263,1.01999581,0.00131724,0.00000000,0.00187564,0.10351226,0.00254236,0.08063621,0.15770233,0.72247437
4.51125563,1.04981494,0.00138231,0.00000000,0.00191020,0.10791526,0.00234125,0.08440437,0.16245751,0.73644835
4.51725863,1.08306396,0.00145514,0.00000000,0.00195150,0.11239542,0.00221269,0.08838885,0.16788113,0.75101993
4.52326163,1.11915895,0.00153435,0.00000000,0.00199681,0.11689965,0.00214677,0.09252720,0.17379970,0.76588247
4.52926463,1.15751971,0.00161857,0.00000000,0.00204367,0.12137726,0.00213429,0.09675923,0.18004664,0.78072778
4.53526763,1.19757043,0.00170638,0.00000000,0.00208982,0.12577981,0.00216681,0.10102732,0.18646353,0.79524770
4.54127064,1.23874077,0.00179639,0.00000000,0.00213331,0.13006103,0.00223652,0.10527679,0.19290128,0.80913633
4.54727364,1.28046768,0.00188720,0.00000000,0.00217247,0.13417653,0.00233627,0.10945612,0.19922112,0.82209309
4.55327664,1.32219823,0.00197744,0.00000000,0.00220597,0.13808365,0.00245943,0.11351719,0.20529553,0.83382646
4.55927964,1.36339360,0.00206577,0.00000000,0.00223278,0.14174131,0.00259992,0.11741559,0.21100927,0.84405857
4.56528264,1.40353439,0.00215093,0.00000000,0.00225225,0.14510993,0.00275211,0.12111092,0.21626029,0.85253033
4.57128564,1.44212727,0.00223173,0.00000000,0.00226411,0.14815152,0.00291082,0.12456713,0.22096071,0.85900721
4.57728864,1.47871283,0.00230707,0.00000000,0.00226846,0.15082991,0.00307133,0.12775292,0.22503785,0.86328534
4.58329165,1.51287445,0.00237600,0.00000000,0.00226579,0.15311117,0.00322937,0.13064222,0.22843520,0.86519770
4.58929465,1.54424795,0.00243771,0.00000000,0.00225701,0.15496419,0.00338113,0.13321472,0.23111339,0.86462023
4.59529765,1.57253167,0.00249157,0.00000000,0.00224348,0.15636147,0.00352334,0.13545632,0.23305107,0.86147749
4.60130065,1.59749651,0.00253714,0.00000000,0.00222694,0.15728001,0.00365327,0.13735972,0.23424564,0.85574774
4.60730365,1.61899549,0.00257418,0.00000000,0.00220963,0.15770230,0.00376885,0.13892490,0.23471383,0.84746689
4.61330665,1.63697245,0.00260270,0.00000000,0.00219418,0.15761742,0.00386865,0.14015950,0.23449196,0.83673142
4.61930965,1.65146917,0.00262291,0.00000000,0.00218368,0.15702201,0.00395201,0.14107921,0.23363592,0.82369965
4.62531266,1.66263067,0.00263526,0.00000000,0.00218164,0.15592122,0.00401907,0.14170792,0.23222076,0.80859154
4.63131566,1.67070814,0.00264042,0.00000000,0.00219195,0.15432951,0.00407085,0.14207774,0.23033986,0.79168671
4.63731866,1.67605910,0.00263927,0.00000000,0.00221887,0.15227111,0.00410926,0.14222882,0.22810363,0.77332057
4.64332166,1.67914461,0.00263288,0.00000000,0.00226699,0.14978030,0.00413719,0.14220893,0.22563777,0.75387878
4.64932466,1.68052316,0.00262248,0.00000000,0.00234115,0.14690129,0.00415855,0.14207286,0.22308099,0.73378994
4.65532766,1.68084141,0.00260943,0.00000000,0.00244635,0.14368766,0.00417826,0.14188147,0.22058234,0.71351677
4.66133067,1.68082148,0.00259520,0.00000000,0.00258771,0.14020154,0.00420234,0.14170062,0.21829807,0.69354597
4.66733367,1.68124526,0.00258128,0.00000000,0.00277030,0.13651227,0.00423789,0.14159981,0.21638811,0.67437701
4.67333667,1.68293584,0.00256921,0.00000000,0.00299907,0.13269480,0.00429314,0.14165062,0.21501232,0.65651023
4.67933967,1.68673657,0.00256047,0.00000000,0.00327871,0.12882769,0.00437747,0.14192499,0.21432648,0.64043458
4.68534267,1.69348832,0.00255647,0.00000000,0.00361345,0.12499095,0.00450140,0.14249345,0.21447817,0.62661534
4.69134567,1.70400551,0.00255851,0.00000000,0.00400700,0.12126365,0.00467664,0.14342320,0.21560274,0.61548229
4.69734867,1.71905185,0.00256772,0.00000000,0.00446231,0.11772156,0.00491609,0.14477623,0.21781941,0.60741865
4.70335168,1.73931655,0.00258504,0.00000000,0.00498148,0.11443470,0.00523381,0.14660754,0.22122761,0.60275117
4.70935468,1.76539192,0.00261118,0.00000000,0.00556559,0.11146517,0.00564504,0.14896347,0.22590384,0.60174177
4.71535768,1.79775332,0.00264660,0.00000000,0.00621457,0.10886510,0.00616615,0.15188028,0.23189902,0.60458089
4.72136068,1.83674236,0.00269151,0.00000000,0.00692710,0.10667511,0.00681454,0.15538297,0.23923659,0.61138297
4.72736368,1.88255410,0.00274582,0.00000000,0.00770057,0.10492298,0.00760859,0.15948449,0.24791132,0.62218411
4.73336668,1.93522906,0.00280919,0.00000000,0.00853096,0.10362302,0.00856746,0.16418534,0.25788914,0.63694210
4.73936968,1.99465037,0.00288102,0.00000000,0.00941290,0.10277584,0.00971089,0.16947358,0.26910773,0.65553871
4.74537269,2.06054655,0.00296046,0.00000000,0.01033968,0.10236871,0.01105895,0.17532531,0.28147820,0.67778445
4.75137569,2.13249973,0.00304643,0.00000000,0.01130334,0.10237650,0.01263169,0.18170555,0.29488762,0.70342525
4.75737869,2.20995921,0.00313772,0.00000000,0.01229475,0.10276303,0.01444874,0.18856958,0.30920239,0.73215121
4.76338169,2.29225965,0.00323293,0.00000000,0.01330386,0.10348301,0.01652883,0.19586459,0.32427239,0.76360671
4.76938469,2.37864321,0.00333061,0.00000000,0.01431979,0.10448420,0.01888922,0.20353160,0.33993566,0.79740179
4.77538769,2.46828434,0.00342926,0.00000000,0.01533114,0.10570994,0.02154518,0.21150755,0.35602349,0.83312401
4.78139070,2.56031627,0.00352741,0.00000000,0.01632620,0.10710176,0.02450927,0.21972751,0.37236567,0.87035053
4.78739370,2.65385738,0.00362363,0.00000000,0.01729323,0.10860203,0.02779072,0.22812672,0.38879560,0.90865963
4.79339670,2.74803652,0.00371665,0.00000000,0.01822070,0.11015650,0.03139476,0.23664257,0.40515519,0.94764134
4.79939970,2.84201545,0.00380532,0.00000000,0.01909758,0.11171657,0.03532199,0.24521616,0.42129912,0.98690656
4.80540270,2.93500761,0.00388870,0.00000000,0.01991356,0.11324125,0.03956776,0.25379358,0.43709839,1.02609435
4.81140570,3.02629200,0.00396606,0.00000000,0.02065926,0.11469861,0.04412170,0.26232665,0.45244294,1.06487699
4.81740870,3.11522169,0.00403692,0.00000000,0.02132644,0.11606684,0.04896731,0.27077314,0.46724327,1.10296279
4.82341171,3.20122662,0.00410099,0.00000000,0.02190813,0.11733457,0.05408168,0.27909655,0.48143095,1.14009645
4.82941471,3.28381090,0.00415825,0.00000000,0.02239875,0.11850079,0.05943542,0.28726529,0.49495810,1.17605720
4.83541771,3.36254511,0.00420885,0.00000000,0.02279413,0.11957407,0.06499267,0.29525150,0.50779587,1.21065490
4.84142071,3.43705443,0.00425311,0.00000000,0.02309162,0.12057143,0.07071143,0.30302949,0.51993200,1.24372465
4.84742371,3.50700393,0.00429149,0.00000000,0.02328999,0.12151662,0.07654392,0.31057402,0.53136783,1.27512016
4.85342671,3.57208215,0.00432452,0.00000000,0.02338942,0.12243818,0.08243723,0.31785841,0.54211465,1.30470668
4.85942971,3.63198477,0.00435279,0.00000000,0.02339142,0.12336726,0.08833413,0.32485280,0.55218999,1.33235391
4.86543272,3.68639959,0.00437683,0.00000000,0.02329871,0.12433526,0.09417395,0.33152257,0.56161377,1.35792967
4.87143572,3.73499423,0.00439715,0.00000000,0.02311512,0.12537165,0.09989371,0.33782717,0.57040471,1.38129469
4.87743872,3.77740787,0.00441412,0.00000000,0.02284541,0.12650175,0.10542921,0.34371928,0.57857716,1.40229906
4.88344172,3.81324758,0.00442798,0.00000000,0.02249519,0.12774492,0.11071624,0.34914465,0.58613844,1.42078072
4.88944472,3.84208995,0.00443883,0.00000000,0.02207071,0.12911302,0.11569187,0.35404243,0.59308689,1.43656606
4.89544772,3.86348802,0.00444654,0.00000000,0.02157877,0.13060923,0.12029561,0.35834610,0.59941062,1.44947283
4.90145073,3.87698328,0.00445085,0.00000000,0.02102653,0.13222742,0.12447059,0.36198495,0.60508699,1.45931499
4.90745373,3.88212194,0.00445128,0.00000000,0.02042143,0.13395196,0.12816471,0.36488610,0.61008280,1.46590957
4.91345673,3.87847478,0.00444724,0.00000000,0.01977100,0.13575794,0.13133159,0.36697685,0.61435511,1.46908477
4.91945973,3.86565911,0.00443798,0.00000000,0.01908283,0.13761193,0.13393148,0.36818736,0.61785260,1.46868912
4.92546273,3.84336175,0.00442269,0.00000000,0.01836439,0.13947305,0.13593200,0.36845340,0.62051730,1.46460095
4.93146573,3.81136152,0.00440052,0.00000000,0.01762299,0.14129447,0.13730876,0.36771919,0.62228674,1.45673762
4.93746873,3.76954999,0.00437061,0.00000000,0.01686568,0.14302505,0.13804578,0.36594004,0.62309617,1.44506398
4.94347174,3.71794918,0.00433218,0.00000000,0.01609924,0.14461131,0.13813583,0.36308475,0.62288096,1.42959946
4.94947474,3.65672533,0.00428456,0.00000000,0.01533006,0.14599939,0.13758052,0.35913765,0.62157905,1.41042337
4.95547774,3.58619781,0.00422721,0.00000000,0.01456419,0.14713709,0.13639035,0.35410011,0.61913324,1.38767813
4.96148074,3.50684274,0.00415980,0.00000000,0.01380725,0.14797585,0.13458449,0.34799162,0.61549357,1.36156997
4.96748374,3.41929108,0.00408221,0.00000000,0.01306450,0.14847254,0.13219051,0.34085026,0.61061942,1.33236728
4.97348674,3.32432120,0.00399456,0.00000000,0.01234083,0.14859119,0.12924393,0.33273254,0.60448160,1.30039640
4.97948974,3.22284628,0.00389725,0.00000000,0.01164077,0.14830430,0.12578763,0.32371278,0.59706419,1.26603516
4.98549275,3.11589695,0.00379088,0.00000000,0.01096855,0.14759401,0.12187114,0.31388185,0.58836626,1.22970427
4.99149575,3.00459993,0.00367634,0.00000000,0.01032813,0.14645284,0.11754984,0.30334556,0.57840332,1.19185703
4.99749875,2.89015349,0.00355471,0.00000000,0.00972327,0.14488413,0.11288400,0.29222245,0.56720847,1.15296772
5.00350175,2.77380054,0.00342728,0.00000000,0.00915753,0.14290211,0.10793779,0.28064143,0.55483331,1.11351909
5.00950475,2.65680037,0.00329548,0.00000000,0.00863433,0.14053156,0.10277816,0.26873899,0.54134838,1.07398952
5.01550775,2.54039994,0.00316085,0.00000000,0.00815697,0.13780716,0.09747370,0.25665638,0.52684310,1.03484029
5.02151076,2.42580561,0.00302500,0.00000000,0.00772865,0.13477253,0.09209341,0.24453651,0.51142525,0.99650342
5.02751376,2.31415615,0.00288956,0.00000000,0.00735242,0.13147885,0.08670552,0.23252099,0.49521981,0.95937055
5.03351676,2.20649789,0.00275610,0.00000000,0.00703119,0.12798336,0.08137630,0.22074712,0.47836713,0.92378323
5.03951976,2.10376252,0.00262614,0.00000000,0.00676764,0.12434754,0.07616882,0.20934505,0.46102054,0.89002497
5.04552276,2.00674823,0.00250105,0.00000000,0.00656418,0.12063518,0.07114193,0.19843509,0.44334330,0.85831517
5.05152576,1.91610462,0.00238204,0.00000000,0.00642279,0.11691040,0.06634917,0.18812526,0.42550497,0.82880538
5.05752876,1.83232172,0.00227012,0.00000000,0.00634496,0.11323556,0.06183787,0.17850921,0.40767741,0.80157762
5.06353177,1.75572328,0.00216611,0.00000000,0.00633152,0.10966930,0.05764836,0.16966436,0.39003039,0.77664510
5.06953477,1.68646449,0.00207055,0.00000000,0.00638253,0.10626468,0.05381335,0.16165049,0.37272711,0.75395500
5.07553777,1.62453413,0.00198377,0.00000000,0.00649714,0.10306752,0.05035743,0.15450876,0.35591978,0.73339336
5.08154077,1.56976090,0.00190584,0.00000000,0.00667346,0.10011499,0.04729680,0.14826111,0.33974539,0.71479169
5.08754377,1.52182380,0.00183660,0.00000000,0.00690845,0.09743447,0.04463915,0.14291007,0.32432205,0.69793516
5.09354677,1.48026611,0.00177568,0.00000000,0.00719787,0.09504286,0.04238376,0.13843917,0.30974587,0.68257192
5.09954977,1.44451257,0.00172250,0.00000000,0.00753623,0.09294613,0.04052180,0.13481359,0.29608873,0.66842323
5.10555278,1.41388923,0.00167632,0.00000000,0.00791678,0.09113933,0.03903676,0.13198144,0.28339699,0.65519408
5.11155578,1.38764531,0.00163627,0.00000000,0.00833159,0.08960705,0.03790519,0.12987526,0.27169119,0.64258374
5.11755878,1.36497648,0.00160136,0.00000000,0.00877161,0.08832409,0.03709745,0.12841405,0.26096687,0.63029605
5.12356178,1.34504894,0.00157053,0.00000000,0.00922688,0.08725662,0.03657877,0.12750551,0.25119640,0.61804902
5.12956478,1.32702341,0.00154272,0.00000000,0.00968670,0.08636355,0.03631033,0.12704859,0.24233183,0.60558338
5.13556778,1.31007867,0.00151684,0.00000000,0.01013989,0.08559817,0.03625046,0.12693622,0.23430854,0.59266996
5.14157079,1.29343369,0.00149185,0.00000000,0.01057506,0.08490999,0.03635597,0.12705820,0.22704960,0.57911558
5.14757379,1.27636804,0.00146677,0.00000000,0.01098094,0.08424662,0.03658340,0.12730406,0.22047061,0.56476749
5.15357679,1.25823986,0.00144072,0.00000000,0.01134668,0.08355574,0.03689039,0.12756602,0.21448477,0.54951611
5.15957979,1.23850109,0.00141293,0.00000000,0.01166222,0.08278706,0.03723687,0.12774166,0.20900797,0.53329629
5.16558279,1.21670957,0.00138277,0.00000000,0.01191853,0.08189404,0.03758626,0.12773658,0.20396365,0.51608706
5.17158579,1.19253771,0.00134974,0.00000000,0.01210798,0.08083562,0.03790646,0.12746667,0.19928715,0.49791004
5.17758879,1.16577778,0.00131353,0.00000000,0.01222451,0.07957760,0.03817067,0.12686010,0.19492940,0.47882669
5.18359180,1.13634362,0.00127394,0.00000000,0.01226388,0.07809378,0.03835810,0.12585895,0.19085978,0.45893463
5.18959480,1.10426895,0.00123097,0.00000000,0.01222376,0.07636681,0.03845430,0.12442041,0.18706794,0.43836316
5.19559780,1.06970259,0.00118474,0.00000000,0.01210385,0.07438876,0.03845134,0.12251755,0.18356457,0.41726849
5.20160080,1.03290069,0.00113552,0.00000000,0.01190583,0.07216130,0.03834774,0.12013965,0.18038108,0.39582850
5.20760380,0.99421654,0.00108372,0.00000000,0.01163334,0.06969568,0.03814807,0.11729212,0.17756819,0.37423770
5.21360680,0.95408843,0.00102985,0.00000000,0.01129183,0.06701229,0.03786239,0.11399601,0.17519350,0.35270224
5.21960980,0.91302597,0.00097453,0.00000000,0.01088839,0.06414015,0.03750544,0.11028714,0.17333827,0.33143531
5.22561281,0.87159564,0.00091847,0.00000000,0.01043152,0.06111603,0.03709568,0.10621501,0.17209340,0.31065309
5.23161581,0.83040590,0.00086241,0.00000000,0.00993088,0.05798357,0.03665417,0.10184135,0.17155507,0.29057124
5.23761881,0.79009275,0.00080717,0.00000000,0.00939699,0.05479222,0.03620338,0.09723860,0.17181999,0.27140204
5.24362181,0.75130593,0.00075359,0.00000000,0.00884099,0.05159613,0.03576600,0.09248820,0.17298075,0.25335230
5.24962481,0.71469650,0.00070255,0.00000000,0.00827431,0.04845309,0.03536370,0.08767891,0.17512143,0.23662183
5.25562781,0.68090601,0.00065490,0.00000000,0.00770844,0.04542345,0.03501610,0.08290504,0.17831362,0.22140262
5.26163082,0.65055749,0.00061152,0.00000000,0.00715467,0.04256916,0.03473974,0.07826482,0.18261322,0.20787852
5.26763382,0.62424857,0.00057327,0.00000000,0.00662390,0.03995288,0.03454730,0.07385880,0.18805802,0.19622532
5.27363682,0.60254641,0.00054098,0.00000000,0.00612649,0.03763713,0.03444704,0.06978833,0.19466631,0.18661114
5.27963982,0.58598451,0.00051547,0.00000000,0.00567209,0.03568358,0.03444242,0.06615422,0.20243649,0.17919689
5.28564282,0.57506103,0.00049755,0.00000000,0.00526958,0.03415234,0.03453203,0.06305538,0.21134767,0.17413671
5.29164582,0.57023802,0.00048798,0.00000000,0.00492701,0.03310137,0.03470968,0.06058760,0.22136130,0.17157807
5.29764882,0.57194128,0.00048749,0.00000000,0.00465156,0.03258579,0.03496484,0.05884228,0.23242346,0.17166152
5.30365183,0.58056005,0.00049679,0.00000000,0.00444953,0.03265721,0.03528319,0.05790526,0.24446791,0.17451970
5.30965483,0.59644597,0.00051653,0.00000000,0.00432633,0.03336293,0.03564738,0.05785544,0.25741940,0.18027570
5.31565783,0.61991076,0.00054732,0.00000000,0.00428652,0.03474512,0.03603791,0.05876346,0.27119716,0.18904044
5.32166083,0.65122194,0.00058969,0.00000000,0.00433375,0.03683977,0.03643412,0.06069017,0.28571815,0.20090920
5.32766383,0.69059645,0.00064409,0.00000000,0.00447080,0.03967557,0.03681516,0.06368502,0.30089994,0.21595710
5.33366683,0.73819161,0.00071088,0.00000000,0.00469950,0.04327263,0.03716096,0.06778435,0.31666285,0.23423385
5.33966983,0.79409372,0.00079029,0.00000000,0.00502072,0.04764113,0.03745312,0.07300954,0.33293120,0.25575763
5.34567284,0.85830429,0.00088241,0.00000000,0.00543427,0.05277988,0.03767571,0.07936516,0.34963363,0.28050855
5.35167584,0.93072446,0.00098714,0.00000000,0.00593883,0.05867489,0.03781582,0.08683724,0.36670227,0.30842193
5.35767884,1.01113843,0.00110421,0.00000000,0.00653184,0.06529808,0.03786404,0.09539153,0.38407093,0.33938168
5.36368184,1.09919658,0.00123311,0.00000000,0.00720941,0.07260609,0.03781467,0.10497214,0.40167242,0.37321432
5.36968484,1.19439971,0.00137308,0.00000000,0.00796619,0.08053940,0.03766571,0.11550051,0.41943515,0.40968394
5.37568784,1.29608552,0.00152314,0.00000000,0.00879532,0.08902186,0.03741875,0.12687483,0.43727935,0.44848879
5.38169085,1.40341854,0.00168200,0.00000000,0.00968836,0.09796063,0.03707855,0.13897013,0.45511322,0.48925965
5.38769385,1.51538505,0.00184812,0.00000000,0.01063526,0.10724669,0.03665258,0.15163906,0.47282940,0.53156061
5.39369685,1.63079386,0.00201970,0.00000000,0.01162441,0.11675601,0.03615036,0.16471344,0.49030217,0.57489240
5.39969985,1.74828414,0.00219467,0.00000000,0.01264269,0.12635123,0.03558285,0.17800659,0.50738562,0.61869860
5.40570285,1.86634073,0.00237077,0.00000000,0.01367565,0.13588415,0.03496166,0.19131664,0.52391329,0.66237466
5.41170585,1.98331739,0.00254553,0.00000000,0.01470769,0.14519869,0.03429838,0.20443044,0.53969920,0.70527976
5.41770885,2.09746766,0.00271637,0.00000000,0.01572236,0.15413446,0.03360394,0.21712829,0.55454082,0.74675126
5.42371186,2.20698292,0.00288061,0.00000000,0.01670267,0.16253071,0.03288806,0.22918924,0.56822352,0.78612124
5.42971486,2.31003647,0.00303556,0.00000000,0.01763148,0.17023069,0.03215879,0.24039677,0.58052675,0.82273474
5.43571786,2.40483219,0.00317859,0.00000000,0.01849191,0.17708598,0.03142226,0.25054465,0.59123153,0.85596892
5.44172086,2.48965611,0.00330719,0.00000000,0.01926781,0.18296092,0.03068247,0.25944283,0.60012901,0.88525249
5.44772386,2.56292861,0.00341904,0.00000000,0.01994417,0.18773677,0.02994133,0.26692303,0.60702952,0.91008444
5.45372686,2.62325519,0.00351209,0.00000000,0.02050758,0.19131537,0.02919877,0.27284385,0.61177179,0.93005149
5.45972986,2.66947347,0.00358461,0.00000000,0.02094663,0.19362240,0.02845303,0.27709512,0.61423174,0.94484322
5.46573287,2.70069426,0.00363527,0.00000000,0.02125226,0.19460969,0.02770094,0.27960137,0.61433021,0.95426429
5.47173587,2.71633474,0.00366313,0.00000000,0.02141804,0.19425689,0.02693845,0.28032420,0.61203937,0.95824320
5.47773887,2.71614216,0.00366772,0.00000000,0.02144040,0.19257206,0.02616102,0.27926341,0.60738710,0.95683705
5.48374187,2.70020687,0.00364905,0.00000000,0.02131868,0.18959140,0.02536410,0.27645695,0.60045935,0.95023202
5.48974487,2.66896388,0.00360759,0.00000000,0.02105522,0.18537801,0.02454367,0.27197960,0.59139996,0.93873966
5.49574787,2.62318306,0.00354426,0.00000000,0.02065524,0.18001982,0.02369657,0.26594040,0.58040808,0.92278885
5.50175088,2.56394805,0.00346041,0.00000000,0.02012665,0.17362663,0.02282093,0.25847909,0.56773326,0.90291403
5.50775388,2.49262505,0.00335781,0.00000000,0.01947981,0.16632669,0.02191642,0.24976156,0.55366829,0.87973995
5.51375688,2.41082278,0.00323853,0.00000000,0.01872716,0.15826268,0.02098447,0.23997459,0.53854020,0.85396361
5.51975988,2.32034527,0.00310492,0.00000000,0.01788285,0.14958743,0.02002836,0.22932017,0.52269995,0.82633424
5.52576288,2.22313971,0.00295957,0.00000000,0.01696227,0.14045955,0.01905328,0.21800945,0.50651110,0.79763196
5.53176588,2.12124133,0.00280518,0.00000000,0.01598158,0.13103920,0.01806623,0.20625675,0.49033823,0.76864597
5.53776888,2.01671774,0.00264453,0.00000000,0.01495726,0.12148396,0.01707595,0.19427381,0.47453550,0.74015317
5.54377189,1.91161461,0.00248039,0.00000000,0.01390565,0.11194525,0.01609271,0.18226440,0.45943603,0.71289779
5.54977489,1.80790501,0.00231547,0.00000000,0.01284251,0.10256518,0.01512809,0.17041961,0.44534244,0.68757285
5.55577789,1.70744372,0.00215234,0.00000000,0.01178266,0.09347401,0.01419473,0.15891383,0.43251904,0.66480393
5.56178089,1.61192803,0.00199340,0.00000000,0.01073966,0.08478821,0.01330611,0.14790162,0.42118601,0.64513561
5.56778389,1.52286606,0.00184083,0.00000000,0.00972555,0.07660924,0.01247623,0.13751548,0.41151558,0.62902102
5.57378689,1.44155283,0.00169655,0.00000000,0.00875070,0.06902286,0.01171938,0.12786449,0.40363045,0.61681448
5.57978989,1.36905456,0.00156220,0.00000000,0.00782367,0.06209905,0.01104990,0.11903387,0.39760427,0.60876733
5.58579290,1.30620064,0.00143914,0.00000000,0.00695120,0.05589244,0.01048189,0.11108528,0.39346405,0.60502686
5.59179590,1.25358292,0.00132840,0.00000000,0.00613820,0.05044301,0.01002905,0.10405793,0.39119417,0.60563796
5.59779890,1.21156128,0.00123077,0.00000000,0.00538788,0.04577724,0.00970437,0.09797011,0.39074168,0.61054741
5.60380190,1.18027455,0.00114670,0.00000000,0.00470183,0.04190924,0.00951997,0.09282129,0.39202244,0.61961022
5.60980490,1.15965559,0.00107642,0.00000000,0.00408024,0.03884215,0.00948682,0.08859446,0.39492767,0.63259771
5.61580790,1.14944928,0.00101987,0.00000000,0.00352202,0.03656930,0.00961453,0.08525860,0.39933040,0.64920689
5.62181091,1.14923228,0.00097679,0.00000000,0.00302505,0.03507545,0.00991102,0.08277116,0.40509156,0.66907067
5.62781391,1.15843350,0.00094671,0.00000000,0.00258638,0.03433778,0.01038232,0.08108046,0.41206518,0.69176849
5.63381691,1.17635429,0.00092898,0.00000000,0.00220242,0.03432666,0.01103219,0.08012789,0.42010252,0.71683701
5.63981991,1.20218778,0.00092279,0.00000000,0.00186914,0.03500628,0.01186188,0.07984975,0.42905493,0.74378053
5.64582291,1.23503669,0.00092722,0.00000000,0.00158223,0.03633501,0.01286977,0.08017886,0.43877538,0.77208091
5.65182591,1.27392951,0.00094121,0.00000000,0.00133726,0.03826567,0.01405111,0.08104578,0.44911862,0.80120680
5.65782891,1.31783493,0.00096364,0.00000000,0.00112982,0.04074554,0.01539771,0.08237971,0.45994021,0.83062198
5.66383192,1.36567473,0.00099328,0.00000000,0.00095562,0.04371645,0.01689779,0.08410906,0.47109458,0.85979296
5.66983492,1.41633545,0.00102888,0.00000000,0.00081054,0.04711477,0.01853582,0.08616186,0.48243252,0.88819573
5.67583792,1.46867933,0.00106914,0.00000000,0.00069075,0.05087149,0.02029246,0.08846587,0.49379833,0.91532172
5.68184092,1.52155514,0.00111273,0.00000000,0.00059270,0.05491246,0.02214468,0.09094874,0.50502716,0.94068329
5.68784392,1.57380922,0.00115833,0.00000000,0.00051313,0.05915878,0.02406593,0.09353802,0.51594293,0.96381864
5.69384692,1.62429756,0.00120462,0.00000000,0.00044915,0.06352747,0.02602650,0.09616135,0.52635699,0.98429653
5.69984992,1.67189901,0.00125030,0.00000000,0.00039816,0.06793239,0.02799405,0.09874670,0.53606816,1.00172083
5.70585293,1.71553013,0.00129413,0.00000000,0.00035787,0.07228543,0.02993421,0.10122282,0.54486397,1.01573506
5.71185593,1.75416153,0.00133494,0.00000000,0.00032629,0.07649797,0.03181137,0.10351996,0.55252353,1.02602701
5.71785893,1.78683565,0.00137163,0.00000000,0.00030169,0.08048262,0.03358956,0.10557070,0.55882183,1.03233338
5.72386193,1.81268569,0.00140319,0.00000000,0.00028260,0.08415507,0.03523340,0.10731111,0.56353537,1.03444453
5.72986493,1.83095491,0.00142877,0.00000000,0.00026774,0.08743608,0.03670911,0.10868199,0.56644895,1.03220908
5.73586793,1.84101583,0.00144764,0.00000000,0.00025605,0.09025355,0.03798553,0.10963029,0.56736314,1.02553831
5.74187094,1.84238827,0.00145922,0.00000000,0.00024664,0.09254444,0.03903506,0.11011053,0.56610221,1.01441000
5.74787394,1.83475535,0.00146311,0.00000000,0.00023878,0.09425660,0.03983461,0.11008623,0.56252187,0.99887163
5.75387694,1.81797667,0.00145911,0.00000000,0.00023187,0.09535032,0.04036627,0.10953116,0.55651644,0.97904252
5.75987994,1.79209757,0.00144720,0.00000000,0.00022542,0.09579957,0.04061801,0.10843041,0.54802501,0.95511471
5.76588294,1.75735394,0.00142756,0.00000000,0.00021908,0.09559281,0.04058401,0.10678118,0.53703615,0.92735240
5.77188594,1.71417199,0.00140055,0.00000000,0.00021256,0.09473341,0.04026494,0.10459318,0.52359082,0.89608963
5.77788894,1.66316260,0.00136674,0.00000000,0.00020566,0.09323953,0.03966787,0.10188874,0.50778338,0.86172632
5.78389195,1.60511029,0.00132686,0.00000000,0.00019826,0.09114363,0.03880606,0.09870233,0.48976041,0.82472246
5.78989495,1.54095705,0.00128183,0.00000000,0.00019031,0.08849141,0.03769852,0.09507989,0.46971754,0.78559060
5.79589795,1.47178144,0.00123269,0.00000000,0.00018177,0.08534045,0.03636935,0.09107760,0.44789433,0.74488682
5.80190095,1.39877362,0.00118059,0.00000000,0.00017269,0.08175849,0.03484693,0.08676038,0.42456740,0.70320038
5.80790395,1.32320744,0.00112679,0.00000000,0.00016313,0.07782145,0.03316307,0.08220018,0.40004233,0.66114242
5.81390695,1.24641028,0.00107260,0.00000000,0.00015318,0.07361126,0.03135190,0.07747393,0.37464449,0.61933399
5.81990995,1.16973201,0.00101937,0.00000000,0.00014294,0.06921372,0.02944895,0.07266152,0.34870945,0.57839386
5.82591296,1.09451394,0.00096846,0.00000000,0.00013253,0.06471626,0.02749004,0.06784367,0.32257333,0.53892649
5.83191596,1.02205900,0.00092116,0.00000000,0.00012208,0.06020596,0.02551035,0.06309989,0.29656348,0.50151047
5.83791896,0.95360381,0.00087876,0.00000000,0.00011171,0.05576765,0.02354350,0.05850660,0.27098998,0.46668791
5.84392196,0.89029367,0.00084241,0.00000000,0.00010154,0.05148232,0.02162076,0.05413536,0.24613829,0.43495485
5.84992496,0.83316089,0.00081319,0.00000000,0.00009167,0.04742583,0.01977042,0.05005145,0.22226315,0.40675311
5.85592796,0.78310693,0.00079203,0.00000000,0.00008221,0.04366789,0.01801723,0.04631271,0.19958408,0.38246360
5.86193097,0.74088858,0.00077971,0.00000000,0.00007322,0.04027144,0.01638209,0.04296858,0.17828249,0.36240124
5.86793397,0.70710825,0.00077684,0.00000000,0.00006478,0.03729221,0.01488180,0.04005962,0.15850030,0.34681150
5.87393697,0.68220826,0.00078387,0.00000000,0.00005694,0.03477868,0.01352901,0.03761714,0.14034019,0.33586848
5.87993997,0.66646901,0.00080106,0.00000000,0.00004972,0.03277216,0.01233222,0.03566325,0.12386705,0.32967451
5.88594297,0.66001065,0.00082847,0.00000000,0.00004314,0.03130706,0.01129600,0.03421104,0.10911075,0.32826122
5.89194597,0.66279809,0.00086600,0.00000000,0.00003722,0.03041132,0.01042120,0.03326502,0.09606973,0.33159179
5.89794897,0.67464882,0.00091335,0.00000000,0.00003193,0.03010677,0.00970525,0.03282175,0.08471532,0.33956442
5.90395198,0.69524342,0.00097006,0.00000000,0.00002727,0.03040958,0.00914257,0.03287052,0.07499646,0.35201676
5.90995498,0.72413810,0.00103551,0.00000000,0.00002319,0.03133056,0.00872492,0.03339423,0.06684469,0.36873125
5.91595798,0.76077926,0.00110893,0.00000000,0.00001967,0.03287544,0.00844186,0.03437023,0.06017904,0.38944108
5.92196098,0.80451942,0.00118944,0.00000000,0.00001667,0.03504492,0.00828113,0.03577126,0.05491073,0.41383681
5.92796398,0.85463435,0.00127605,0.00000000,0.00001415,0.03783459,0.00822909,0.03756638,0.05094753,0.44157329
5.93396698,0.91034083,0.00136769,0.00000000,0.00001205,0.04123478,0.00827111,0.03972185,0.04819759,0.47227686
5.93996998,0.97081478,0.00146324,0.00000000,0.00001034,0.04523013,0.00839193,0.04220201,0.04657269,0.50555259
5.94597299,1.03520923,0.00156158,0.00000000,0.00000898,0.04979916,0.00857608,0.04497007,0.04599082,0.54099133
5.95197599,1.10267158,0.00166155,0.00000000,0.00000791,0.05491370,0.00880812,0.04798882,0.04637805,0.57817646
5.95797899,1.17235967,0.00176204,0.00000000,0.00000711,0.06053835,0.00907305,0.05122131,0.04766970,0.61669009
5.96398199,1.24345629,0.00186198,0.00000000,0.00000653,0.06662990,0.00935648,0.05463131,0.04981082,0.65611849
5.96998499,1.31518141,0.00196038,0.00000000,0.00000614,0.07313693,0.00964495,0.05818377,0.05275593,0.69605673
5.97598799,1.38680184,0.00205631,0.00000000,0.00000590,0.07999946,0.00992611,0.06184506,0.05646815,0.73611226
5.98199100,1.45763807,0.00214894,0.00000000,0.00000580,0.08714892,0.01018892,0.06558310,0.06091776,0.77590738
5.98799400,1.52706793,0.00223754,0.00000000,0.00000579,0.09450829,0.01042372,0.06936744,0.06608023,0.81508074
5.99399700,1.59452716,0.00232146,0.00000000,0.00000587,0.10199261,0.01062244,0.07316908,0.07193383,0.85328776
6.00000000,1.65950698,0.00240017,0.00000000,0.00000601,0.10950975,0.01077857,0.07696025,0.07845692,0.89020010
