energy_ev,total_up,Ag_p_up,Ag_d_up,Mg_p_up,Mg_d_up,N_s_up,N_p_up,Te_p_up,Te_d_up
-6.00000000,1.82674020,0.40084428,1.35764742,0.39967037,0.00000000,0.00047397,0.02170947,0.40862592,0.00000000
-5.99399700,1.83887547,0.41355282,1.35778729,0.40956862,0.00000000,0.00054748,0.02297708,0.41683949,0.00000000
-5.98799400,1.84516001,0.42603821,1.35264200,0.41937984,0.00000000,0.00064365,0.02430502,0.42403368,0.00000000
-5.98199100,1.84559677,0.43814530,1.34241686,0.42888792,0.00000000,0.00076523,0.02568349,0.43007609,0.00000000
-5.97598799,1.84043166,0.44975646,1.32751130,0.43791320,0.00000000,0.00091530,0.02710440,0.43488043,0.00000000
-5.96998499,1.83014435,0.46079646,1.30850346,0.44631928,0.00000000,0.00109730,0.02856160,0.43841012,0.00000000
-5.96398199,1.81543109,0.47123569,1.28612917,0.45401782,0.00000000,0.00131499,0.03005105,0.44068000,0.00000000
-5.95797899,1.79718035,0.48109148,1.26125578,0.46097147,0.00000000,0.00157238,0.03157093,0.44175630,0.00000000
-5.95197599,1.77644211,0.49042759,1.23485226,0.46719458,0.00000000,0.00187373,0.03312153,0.44175468,0.00000000
-5.94597299,1.75439199,0.49935160,1.20795631,0.47275173,0.00000000,0.00222344,0.03470509,0.44083654,0.00000000
-5.93996998,1.73229134,0.50801039,1.18163996,0.47775409,0.00000000,0.00262598,0.03632547,0.43920368,0.00000000
-5.93396698,1.71144489,0.51658372,1.15697463,0.48235385,0.00000000,0.00308582,0.03798774,0.43709152,0.00000000
-5.92796398,1.69315717,0.52527621,1.13499695,0.48673665,0.00000000,0.00360735,0.03969755,0.43476104,0.00000000
-5.92196098,1.67868915,0.53430787,1.11667630,0.49111262,0.00000000,0.00419472,0.04146057,0.43248984,0.00000000
-5.91595798,1.66921665,0.54390368,1.10288520,0.49570614,0.00000000,0.00485181,0.04328168,0.43056252,0.00000000
-5.90995498,1.66579159,0.55428244,1.09437314,0.50074480,0.00000000,0.00558204,0.04516434,0.42926081,0.00000000
-5.90395198,1.66930746,0.56564558,1.09174486,0.50644814,0.00000000,0.00638834,0.04710977,0.42885372,0.00000000
-5.89794897,1.68046987,0.57816623,1.09544329,0.51301638,0.00000000,0.00727298,0.04911638,0.42958809,0.00000000
-5.89194597,1.69977321,0.59197910,1.10573777,0.52061994,0.00000000,0.00823748,0.05117915,0.43167984,0.00000000
-5.88594297,1.72748404,0.60717173,1.12271756,0.52939002,0.00000000,0.00928254,0.05328927,0.43530633,0.00000000
-5.87993997,1.76363152,0.62377734,1.14629077,0.53941063,0.00000000,0.01040786,0.05543391,0.44059992,0.00000000
-5.87393697,1.80800534,0.64176987,1.17618854,0.55071268,0.00000000,0.01161214,0.05759615,0.44764305,0.00000000
-5.86793397,1.86016089,0.66106124,1.21197429,0.56327008,0.00000000,0.01289294,0.05975526,0.45646505,0.00000000
-5.86193097,1.91943167,0.68150124,1.25305742,0.57699829,0.00000000,0.01424659,0.06188706,0.46704059,0.00000000
-5.85592796,1.98494818,0.70287985,1.29871127,0.59175526,0.00000000,0.01566816,0.06396462,0.47928999,0.00000000
-5.84992496,2.05566289,0.72493206,1.34809444,0.60734479,0.00000000,0.01715133,0.06595905,0.49308124,0.00000000
-5.84392196,2.13038017,0.74734503,1.40027488,0.62352203,0.00000000,0.01868840,0.06784051,0.50823360,0.00000000
-5.83791896,2.20779041,0.76976714,1.45425612,0.64000109,0.00000000,0.02027021,0.06957935,0.52452277,0.00000000
-5.83191596,2.28650690,0.79181875,1.50900460,0.65646419,0.00000000,0.02188614,0.07114724,0.54168723,0.00000000
-5.82591296,2.36510462,0.81310410,1.56347759,0.67257211,0.00000000,0.02352409,0.07251836,0.55943564,0.00000000
-5.81990995,2.44215938,0.83322381,1.61665067,0.68797539,0.00000000,0.02517052,0.07367055,0.57745504,0.00000000
-5.81390695,2.51628644,0.85178775,1.66754426,0.70232586,0.00000000,0.02681050,0.07458629,0.59541948,0.00000000
-5.80790395,2.58617718,0.86842743,1.71524826,0.71528809,0.00000000,0.02842785,0.07525363,0.61299889,0.00000000
-5.80190095,2.65063309,0.88280775,1.75894443,0.72655014,0.00000000,0.03000526,0.07566679,0.62986796,0.00000000
-5.79589795,2.70859594,0.89463757,1.79792582,0.73583350,0.00000000,0.03152453,0.07582667,0.64571465,0.00000000
-5.78989495,2.75917367,0.90367884,1.83161285,0.74290160,0.00000000,0.03296679,0.07574101,0.66024833,0.00000000
-5.78389195,2.80166119,0.90975392,1.85956581,0.74756689,0.00000000,0.03431286,0.07542438,0.67320716,0.00000000
-5.77788894,2.83555595,0.91275114,1.88149343,0.74969624,0.00000000,0.03554357,0.07489786,0.68436472,0.00000000
-5.77188594,2.86056789,0.91262829,1.89725755,0.74921443,0.00000000,0.03664024,0.07418854,0.69353564,0.00000000
-5.76588294,2.87662383,0.90941413,1.90687374,0.74610602,0.00000000,0.03758508,0.07332881,0.70058025,0.00000000
-5.75987994,2.88386642,0.90320801,1.91050814,0.74041537,0.00000000,0.03836166,0.07235548,0.70540809,0.00000000
-5.75387694,2.88264774,0.89417765,1.90847058,0.73224508,0.00000000,0.03895545,0.07130878,0.70798026,0.00000000
-5.74787394,2.87351806,0.88255514,1.90120424,0.72175294,0.00000000,0.03935420,0.07023130,0.70831055,0.00000000
-5.74187094,2.85720992,0.86863157,1.88927227,0.70914764,0.00000000,0.03954842,0.06916688,0.70646532,0.00000000
-5.73586793,2.83461830,0.85275023,1.87334172,0.69468330,0.00000000,0.03953176,0.06815951,0.70256215,0.00000000
-5.72986493,2.80677717,0.83529874,1.85416520,0.67865318,0.00000000,0.03930128,0.06725225,0.69676719,0.00000000
-5.72386193,2.77483301,0.81670015,1.83256074,0.66138263,0.00000000,0.03885768,0.06648632,0.68929130,0.00000000
-5.71785893,2.74001604,0.79740344,1.80939039,0.64322155,0.00000000,0.03820540,0.06590015,0.68038494,0.00000000
-5.71185593,2.70360955,0.77787335,1.78553803,0.62453643,0.00000000,0.03735260,0.06552870,0.67033194,0.00000000
-5.70585293,2.66691814,0.75857988,1.76188691,0.60570226,0.00000000,0.03631101,0.06540279,0.65944221,0.00000000
-5.69984992,2.63123528,0.73998760,1.73929742,0.58709427,0.00000000,0.03509575,0.06554864,0.64804350,0.00000000
-5.69384692,2.59781112,0.72254495,1.71858553,0.56907981,0.00000000,0.03372486,0.06598753,0.63647243,0.00000000
-5.68784392,2.56782083,0.70667369,1.70050239,0.55201031,0.00000000,0.03221897,0.06673548,0.62506495,0.00000000
-5.68184092,2.54233437,0.69275871,1.68571548,0.53621356,0.00000000,0.03060066,0.06780321,0.61414654,0.00000000
-5.67583792,2.52228825,0.68113840,1.67479165,0.52198640,0.00000000,0.02889393,0.06919599,0.60402229,0.00000000
-5.66983492,2.50845976,0.67209578,1.66818246,0.50958793,0.00000000,0.02712354,0.07091369,0.59496736,0.00000000
-5.66383192,2.50144446,0.66585053,1.66621198,0.49923328,0.00000000,0.02531443,0.07295079,0.58721797,0.00000000
-5.65782891,2.50163745,0.66255230,1.66906740,0.49108828,0.00000000,0.02349101,0.07529646,0.58096331,0.00000000
-5.65182591,2.50921883,0.66227528,1.67679269,0.48526499,0.00000000,0.02167666,0.07793460,0.57633871,0.00000000
-5.64582291,2.52414415,0.66501449,1.68928537,0.48181828,0.00000000,0.01989319,0.08084395,0.57342029,0.00000000
-5.63981991,2.54614003,0.67068374,1.70629664,0.48074368,0.00000000,0.01816038,0.08399817,0.57222146,0.00000000
-5.63381691,2.57470560,0.67911564,1.72743499,0.48197648,0.00000000,0.01649561,0.08736593,0.57269134,0.00000000
-5.62781391,2.60911985,0.69006368,1.75217335,0.48539239,0.00000000,0.01491365,0.09091102,0.57471527,0.00000000
-5.62181091,2.64845530,0.70320645,1.77985982,0.49080963,0.00000000,0.01342644,0.09459257,0.57811766,0.00000000
-5.61580790,2.69159786,0.71815410,1.80973200,0.49799272,0.00000000,0.01204308,0.09836531,0.58266681,0.00000000
-5.60980490,2.73727296,0.73445702,1.84093480,0.50665779,0.00000000,0.01076978,0.10217995,0.58808198,0.00000000
-5.60380190,2.78407746,0.75161658,1.87254150,0.51647956,0.00000000,0.00961005,0.10598367,0.59404226,0.00000000
-5.59779890,2.83051701,0.76909765,1.90357792,0.52709966,0.00000000,0.00856481,0.10972090,0.60019708,0.00000000
-5.59179590,2.87504793,0.78634291,1.93304906,0.53813633,0.00000000,0.00763266,0.11333411,0.60617801,0.00000000
-5.58579290,2.91612271,0.80278825,1.95996783,0.54919520,0.00000000,0.00681015,0.11676494,0.61161144,0.00000000
-5.57978989,2.95223794,0.81787908,1.98338508,0.55988081,0.00000000,0.00609209,0.11995549,0.61613167,0.00000000
-5.57378689,2.98198311,0.83108688,2.00242014,0.56980858,0.00000000,0.00547187,0.12284969,0.61939394,0.00000000
-5.56778389,3.00408876,0.84192561,2.01629086,0.57861684,0.00000000,0.00494178,0.12539494,0.62108685,0.00000000
-5.56178089,3.01747232,0.84996724,2.02434223,0.58597845,0.00000000,0.00449336,0.12754373,0.62094387,0.00000000
-5.55577789,3.02127978,0.85485591,2.02607236,0.59161166,0.00000000,0.00411766,0.12925533,0.61875316,0.00000000
-5.54977489,3.01492144,0.85632018,2.02115498,0.59528968,0.00000000,0.00380557,0.13049737,0.61436568,0.00000000
-5.54377189,2.99810042,0.85418283,2.00945709,0.59684860,0.00000000,0.00354806,0.13124731,0.60770094,0.00000000
-5.53776888,2.97083214,0.84836781,1.99105132,0.59619335,0.00000000,0.00333637,0.13149368,0.59875043,0.00000000
-5.53176588,2.93345408,0.83890397,1.96622183,0.59330133,0.00000000,0.00316222,0.13123698,0.58757841,0.00000000
-5.52576288,2.88662480,0.82592544,1.93546356,0.58822354,0.00000000,0.00301798,0.13049024,0.57432004,0.00000000
-5.51975988,2.83131212,0.80966855,1.89947439,0.58108319,0.00000000,0.00289674,0.12927912,0.55917719,0.00000000
-5.51375688,2.76877041,0.79046535,1.85914031,0.57207161,0.00000000,0.00279242,0.12764150,0.54241165,0.00000000
-5.50775388,2.70050765,0.76873392,1.81551384,0.56144179,0.00000000,0.00269980,0.12562668,0.52433658,0.00000000
-5.50175088,2.62824328,0.74496589,1.76978633,0.54949958,0.00000000,0.00261456,0.12329403,0.50530599,0.00000000
-5.49574787,2.55385817,0.71971146,1.72325490,0.53659298,0.00000000,0.00253322,0.12071124,0.48570318,0.00000000
-5.48974487,2.47933837,0.69356259,1.67728520,0.52309993,0.00000000,0.00245317,0.11795217,0.46592822,0.00000000
-5.48374187,2.40671469,0.66713492,1.63327099,0.50941500,0.00000000,0.00237254,0.11509444,0.44638509,0.00000000
-5.47773887,2.33800016,0.64104895,1.59259219,0.49593543,0.00000000,0.00229019,0.11221681,0.42746902,0.00000000
-5.47173587,2.27512747,0.61591134,1.55657249,0.48304733,0.00000000,0.00220559,0.10939647,0.40955429,0.00000000
-5.46573287,2.21988870,0.59229668,1.52643822,0.47111213,0.00000000,0.00211874,0.10670637,0.39298310,0.00000000
-5.45972986,2.17387912,0.57073059,1.50327956,0.46045419,0.00000000,0.00203004,0.10421267,0.37805561,0.00000000
-5.45372686,2.13844718,0.55167445,1.48801567,0.45134971,0.00000000,0.00194023,0.10197246,0.36502172,0.00000000
-5.44772386,2.11465208,0.53551237,1.48136462,0.44401756,0.00000000,0.00185026,0.10003182,0.35407453,0.00000000
-5.44172086,2.10323034,0.52254059,1.48381917,0.43861208,0.00000000,0.00176121,0.09842424,0.34534578,0.00000000
-5.43571786,2.10457233,0.51295981,1.49562929,0.43521831,0.00000000,0.00167422,0.09716963,0.33890327,0.00000000
-5.42971486,2.11870947,0.50687033,1.51679178,0.43384966,0.00000000,0.00159036,0.09627371,0.33475029,0.00000000
-5.42371186,2.14531239,0.50427031,1.54704753,0.43444799,0.00000000,0.00151064,0.09572804,0.33282692,0.00000000
-5.41770885,2.18370006,0.50505703,1.58588646,0.43688619,0.00000000,0.00143591,0.09551048,0.33301323,0.00000000
-5.41170585,2.23285958,0.50903108,1.63256005,0.44097305,0.00000000,0.00136685,0.09558616,0.33513400,0.00000000
-5.40570285,2.29147593,0.51590325,1.68610120,0.44646011,0.00000000,0.00130395,0.09590895,0.33896500,0.00000000
-5.39969985,2.35797098,0.52530399,1.74535085,0.45305046,0.00000000,0.00124750,0.09642319,0.34424043,0.00000000
-5.39369685,2.43055021,0.53679499,1.80899064,0.46040888,0.00000000,0.00119758,0.09706581,0.35066140,0.00000000
-5.38769385,2.50725618,0.54988269,1.87558066,0.46817317,0.00000000,0.00115414,0.09776866,0.35790507,0.00000000
-5.38169085,2.58602668,0.56403317,1.94360124,0.47596616,0.00000000,0.00111695,0.09846089,0.36563427,0.00000000
-5.37568784,2.66475618,0.57868801,2.01149739,0.48340803,0.00000000,0.00108571,0.09907145,0.37350738,0.00000000
-5.36968484,2.74135834,0.59328079,2.07772457,0.49012856,0.00000000,0.00106003,0.09953148,0.38118806,0.00000000
-5.36368184,2.81382776,0.60725351,2.14079428,0.49577884,0.00000000,0.00103953,0.09977660,0.38835465,0.00000000
-5.35767884,2.88029893,0.62007266,2.19931791,0.50004218,0.00000000,0.00102386,0.09974898,0.39470907,0.00000000
-5.35167584,2.93910036,0.63124436,2.25204726,0.50264374,0.00000000,0.00101274,0.09939911,0.39998482,0.00000000
-5.34567284,2.98880211,0.64032807,2.29791040,0.50335874,0.00000000,0.00100602,0.09868726,0.40395399,0.00000000
-5.33966983,3.02825506,0.64694859,2.33604143,0.50201890,0.00000000,0.00100369,0.09758461,0.40643307,0.00000000
-5.33366683,3.05662058,0.65080591,2.36580305,0.49851701,0.00000000,0.00100594,0.09607392,0.40728737,0.00000000
-5.32766383,3.07338949,0.65168257,2.38680114,0.49280947,0.00000000,0.00101318,0.09414984,0.40643400,0.00000000
-5.32166083,3.07838983,0.64944854,2.39889075,0.48491678,0.00000000,0.00102602,0.09181886,0.40384329,0.00000000
-5.31565783,3.07178316,0.64406324,2.40217334,0.47492208,0.00000000,0.00104532,0.08909882,0.39953867,0.00000000
-5.30965483,3.05404974,0.63557492,2.39698547,0.46296777,0.00000000,0.00107216,0.08601816,0.39359498,0.00000000
-5.30365183,3.02596335,0.62411739,2.38387951,0.44925036,0.00000000,0.00110783,0.08261480,0.38613536,0.00000000
-5.29764882,2.98855688,0.60990434,2.36359733,0.43401392,0.00000000,0.00115382,0.07893484,0.37732688,0.00000000
-5.29164582,2.94308044,0.59322150,2.33703819,0.41754226,0.00000000,0.00121180,0.07503105,0.36737494,0.00000000
-5.28564282,2.89095368,0.57441702,2.30522226,0.40015018,0.00000000,0.00128359,0.07096125,0.35651677,0.00000000
-5.27963982,2.83371456,0.55389047,2.26925165,0.38217416,0.00000000,0.00137109,0.06678664,0.34501434,0.00000000
-5.27363682,2.77296681,0.53208093,2.23027051,0.36396281,0.00000000,0.00147632,0.06257011,0.33314671,0.00000000
-5.26763382,2.71032809,0.50945460,2.18942603,0.34586736,0.00000000,0.00160128,0.05837463,0.32120233,0.00000000
-5.26163082,2.64738125,0.48649233,2.14783206,0.32823253,0.00000000,0.00174800,0.05426178,0.30947140,0.00000000
-5.25562781,2.58563019,0.46367766,2.10653667,0.31138803,0.00000000,0.00191847,0.05029035,0.29823859,0.00000000
-5.24962481,2.52646213,0.44148547,2.06649500,0.29564092,0.00000000,0.00211459,0.04651520,0.28777634,0.00000000
-5.24362181,2.47111724,0.42037176,2.02854810,0.28126900,0.00000000,0.00233816,0.04298629,0.27833887,0.00000000
-5.23761881,2.42066642,0.40076462,1.99340838,0.26851537,0.00000000,0.00259088,0.03974786,0.27015714,0.00000000
-5.23161581,2.37599743,0.38305672,1.96165175,0.25758423,0.00000000,0.00287432,0.03683794,0.26343470,0.00000000
-5.22561281,2.33780919,0.36759909,1.93371623,0.24863787,0.00000000,0.00318988,0.03428793,0.25834463,0.00000000
-5.21960980,2.30661363,0.35469655,1.90990634,0.24179500,0.00000000,0.00353886,0.03212247,0.25502745,0.00000000
-5.21360680,2.28274411,0.34460437,1.89040264,0.23713019,0.00000000,0.00392244,0.03035937,0.25359007,0.00000000
-5.20760380,2.26636921,0.33752630,1.87527510,0.23467438,0.00000000,0.00434173,0.02900975,0.25410550,0.00000000
-5.20160080,2.25751057,0.33361363,1.86449928,0.23441642,0.00000000,0.00479774,0.02807830,0.25661351,0.00000000
-5.19559780,2.25606313,0.33296528,1.85797394,0.23630542,0.00000000,0.00529152,0.02756353,0.26112185,0.00000000
-5.18959480,2.26181648,0.33562855,1.85553902,0.24025382,0.00000000,0.00582413,0.02745821,0.26760798,0.00000000
-5.18359180,2.27447585,0.34160057,1.85699264,0.24614098,0.00000000,0.00639671,0.02774975,0.27602125,0.00000000
-5.17758879,2.29368168,0.35083008,1.86210639,0.25381726,0.00000000,0.00701054,0.02842068,0.28628525,0.00000000
-5.17158579,2.31902662,0.36321964,1.87063798,0.26310838,0.00000000,0.00766708,0.02944907,0.29830034,0.00000000
-5.16558279,2.35006954,0.37862802,1.88234093,0.27381985,0.00000000,0.00836799,0.03080903,0.31194613,0.00000000
-5.15957979,2.38634590,0.39687273,1.89697086,0.28574159,0.00000000,0.00911517,0.03247114,0.32708394,0.00000000
-5.15357679,2.42737457,0.41773284,1.91428855,0.29865241,0.00000000,0.00991076,0.03440293,0.34355907,0.00000000
-5.14757379,2.47266122,0.44095180,1.93405988,0.31232434,0.00000000,0.01075714,0.03656932,0.36120294,0.00000000
-5.14157079,2.52169857,0.46624058,1.95605314,0.32652678,0.00000000,0.01165687,0.03893304,0.37983499,0.00000000
-5.13556778,2.57396430,0.49328093,1.98003432,0.34103031,0.00000000,0.01261270,0.04145510,0.39926447,0.00000000
-5.12956478,2.62891713,0.52172906,2.00576091,0.35561020,0.00000000,0.01362742,0.04409524,0.41929196,0.00000000
-5.12356178,2.68599206,0.55121950,2.03297517,0.37004951,0.00000000,0.01470384,0.04681236,0.43971097,0.00000000
-5.11755878,2.74459558,0.58136944,2.06139741,0.38414184,0.00000000,0.01584466,0.04956496,0.46030932,0.00000000
-5.11155578,2.80410164,0.61178346,2.09072014,0.39769362,0.00000000,0.01705233,0.05231167,0.48087070,0.00000000
-5.10555278,2.86384915,0.64205868,2.12060361,0.41052606,0.00000000,0.01832900,0.05501163,0.50117632,0.00000000
-5.09954977,2.92314171,0.67179033,2.15067331,0.42247674,0.00000000,0.01967636,0.05762506,0.52100673,0.00000000
-5.09354677,2.98125005,0.70057774,2.18051976,0.43340083,0.00000000,0.02109552,0.06011370,0.54014393,0.00000000
-5.08754377,3.03741749,0.72803067,2.20970089,0.44317210,0.00000000,0.02258698,0.06244136,0.55837383,0.00000000
-5.08154077,3.09086862,0.75377591,2.23774705,0.45168363,0.00000000,0.02415052,0.06457440,0.57548905,0.00000000
-5.07553777,3.14082107,0.77746402,2.26416850,0.45884842,0.00000000,0.02578515,0.06648228,0.59129204,0.00000000
-5.06953477,3.18650020,0.79877619,2.28846527,0.46459973,0.00000000,0.02748911,0.06813807,0.60559858,0.00000000
-5.06353177,3.22715622,0.81743085,2.31013893,0.46889150,0.00000000,0.02925989,0.06951897,0.61824152,0.00000000
-5.05752876,3.26208304,0.83319013,2.32870575,0.47169847,0.00000000,0.03109422,0.07060682,0.62907465,0.00000000
-5.05152576,3.29063824,0.84586574,2.34371081,0.47301637,0.00000000,0.03298812,0.07138857,0.63797663,0.00000000
-5.04552276,3.31226308,0.85532424,2.35474222,0.47286191,0.00000000,0.03493700,0.07185675,0.64485466,0.00000000
-5.03951976,3.32650168,0.86149132,2.36144491,0.47127261,0.00000000,0.03693566,0.07200985,0.64964792,0.00000000
-5.03351676,3.33301838,0.86435512,2.36353326,0.46830650,0.00000000,0.03897835,0.07185263,0.65233032,0.00000000
-5.02751376,3.33161225,0.86396823,2.36080183,0.46404143,0.00000000,0.04105880,0.07139641,0.65291262,0.00000000
-5.02151076,3.32222787,0.86044817,2.35313380,0.45857418,0.00000000,0.04317025,0.07065917,0.65144341,0.00000000
-5.01550775,3.30496170,0.85397646,2.34050640,0.45201907,0.00000000,0.04530534,0.06966556,0.64800920,0.00000000
-5.00950475,3.28006343,0.84479597,2.32299322,0.44450613,0.00000000,0.04745611,0.06844684,0.64273308,0.00000000
-5.00350175,3.24793192,0.83320657,2.30076294,0.43617890,0.00000000,0.04961385,0.06704052,0.63577219,0.00000000
-4.99749875,3.20910581,0.81955921,2.27407469,0.42719160,0.00000000,0.05176900,0.06549002,0.62731396,0.00000000
-4.99149575,3.16424886,0.80424840,2.24327002,0.41770597,0.00000000,0.05391093,0.06384395,0.61757109,0.00000000
-4.98549275,3.11413053,0.78770328,2.20876183,0.40788770,0.00000000,0.05602782,0.06215540,0.60677544,0.00000000
-4.97948974,3.05960255,0.77037754,2.17102070,0.39790252,0.00000000,0.05810644,0.06048094,0.59517128,0.00000000
-4.97348674,3.00157241,0.75273832,2.13055928,0.38791217,0.00000000,0.06013207,0.05887951,0.58300772,0.00000000
-4.96748374,2.94097476,0.73525455,2.08791529,0.37807034,0.00000000,0.06208833,0.05741112,0.57053113,0.00000000
-4.96148074,2.87874205,0.71838488,2.04363400,0.36851872,0.00000000,0.06395720,0.05613547,0.55797744,0.00000000
-4.95547774,2.81577564,0.70256574,1.99825083,0.35938340,0.00000000,0.06571904,0.05511044,0.54556500,0.00000000
-4.94947474,2.75291844,0.68819967,1.95227497,0.35077161,0.00000000,0.06735278,0.05439051,0.53348801,0.00000000
-4.94347174,2.69093032,0.67564452,1.90617447,0.34276921,0.00000000,0.06883614,0.05402515,0.52191110,0.00000000
-4.93746873,2.63046726,0.66520353,1.86036358,0.33543874,0.00000000,0.07014604,0.05405731,0.51096503,0.00000000
-4.93146573,2.57206486,0.65711691,1.81519272,0.32881831,0.00000000,0.07125910,0.05452181,0.50074380,0.00000000
-4.92546273,2.51612689,0.65155495,1.77094133,0.32292136,0.00000000,0.07215225,0.05544404,0.49130328,0.00000000
-4.91945973,2.46291916,0.64861301,1.72781389,0.31773720,0.00000000,0.07280338,0.05683871,0.48266134,0.00000000
-4.91345673,2.41256862,0.64830853,1.68593904,0.31323239,0.00000000,0.07319215,0.05870885,0.47479935,0.00000000
-4.90745373,2.36506781,0.65058017,1.64537178,0.30935286,0.00000000,0.07330077,0.06104512,0.46766517,0.00000000
-4.90145073,2.32028399,0.65528919,1.60609839,0.30602674,0.00000000,0.07311476,0.06382544,0.46117714,0.00000000
-4.89544772,2.27797271,0.66222316,1.56804385,0.30316767,0.00000000,0.07262375,0.06701496,0.45522919,0.00000000
-4.88944472,2.23779493,0.67110176,1.53108140,0.30067862,0.00000000,0.07182214,0.07056646,0.44969658,0.00000000
-4.88344172,2.19933720,0.68158490,1.49504363,0.29845595,0.00000000,0.07070970,0.07442114,0.44444214,0.00000000
-4.87743872,2.16213390,0.69328271,1.45973474,0.29639375,0.00000000,0.06929194,0.07850988,0.43932284,0.00000000
-4.87143572,2.12569094,0.70576735,1.42494353,0.29438813,0.00000000,0.06758049,0.08275482,0.43419623,0.00000000
-4.86543272,2.08950996,0.71858634,1.39045657,0.29234152,0.00000000,0.06559308,0.08707142,0.42892682,0.00000000
-4.85942971,2.05311239,0.73127697,1.35607108,0.29016683,0.00000000,0.06335350,0.09137073,0.42339198,0.00000000
-4.85342671,2.01606249,0.74338154,1.32160721,0.28779132,0.00000000,0.06089131,0.09556204,0.41748738,0.00000000
-4.84742371,1.97798896,0.75446275,1.28691930,0.28516019,0.00000000,0.05824135,0.09955553,0.41113173,0.00000000
-4.84142071,1.93860408,0.76411888,1.25190567,0.28223973,0.00000000,0.05544313,0.10326517,0.40427071,0.00000000
-4.83541771,1.89772024,0.77199821,1.21651688,0.27902004,0.00000000,0.05254004,0.10661141,0.39688020,0.00000000
-4.82941471,1.85526299,0.77781201,1.18076187,0.27551716,0.00000000,0.04957850,0.10952382,0.38896844,0.00000000
-4.82341171,1.81128041,0.78134571,1.14471211,0.27177474,0.00000000,0.04660699,0.11194340,0.38057739,0.00000000
-4.81740870,1.76594830,0.78246767,1.10850332,0.26786490,0.00000000,0.04367511,0.11382453,0.37178302,0.00000000
-4.81140570,1.71957100,0.78113519,1.07233485,0.26388850,0.00000000,0.04083249,0.11513649,0.36269470,0.00000000
-4.80540270,1.67257758,0.77739738,1.03646649,0.25997465,0.00000000,0.03812789,0.11586437,0.35345358,0.00000000
-4.79939970,1.62551357,0.77139479,1.00121287,0.25627940,0.00000000,0.03560824,0.11600946,0.34422994,0.00000000
-4.79339670,1.57902803,0.76335556,0.96693556,0.25298362,0.00000000,0.03331770,0.11558906,0.33521968,0.00000000
-4.78739370,1.53385653,0.75358836,0.93403288,0.25029003,0.00000000,0.03129695,0.11463562,0.32663983,0.00000000
-4.78139070,1.49080017,0.74247224,0.90292784,0.24841942,0.00000000,0.02958236,0.11319541,0.31872326,0.00000000
-4.77538769,1.45070132,0.73044365,0.87405453,0.24760598,0.00000000,0.02820539,0.11132671,0.31171263,0.00000000
-4.76938469,1.41441682,0.71798138,0.84784323,0.24809192,0.00000000,0.02719200,0.10909752,0.30585367,0.00000000
-4.76338169,1.38278924,0.70558962,0.82470496,0.25012132,0.00000000,0.02656212,0.10658309,0.30138798,0.00000000
-4.75737869,1.35661733,0.69378015,0.80501571,0.25393338,0.00000000,0.02632926,0.10386322,0.29854549,0.00000000
-4.75137569,1.33662646,0.68305406,0.78910118,0.25975513,0.00000000,0.02650011,0.10101947,0.29753678,0.00000000
-4.74537269,1.32344019,0.67388383,0.77722238,0.26779383,0.00000000,0.02707428,0.09813251,0.29854543,0.00000000
-4.73936968,1.31755380,0.66669637,0.76956274,0.27822917,0.00000000,0.02804405,0.09527954,0.30172068,0.00000000
-4.73336668,1.31931089,0.66185769,0.76621728,0.29120549,0.00000000,0.02939427,0.09253205,0.30717066,0.00000000
-4.72736368,1.32888384,0.65965963,0.76718417,0.30682423,0.00000000,0.03110235,0.08995379,0.31495627,0.00000000
-4.72136068,1.34625889,0.66030912,0.77235921,0.32513693,0.00000000,0.03313832,0.08759924,0.32508614,0.00000000
-4.71535768,1.37122649,0.66392028,0.78153342,0.34613892,0.00000000,0.03546512,0.08551234,0.33751284,0.00000000
-4.70935468,1.40337737,0.67050963,0.79439389,0.36976405,0.00000000,0.03803898,0.08372579,0.35213034,0.00000000
-4.70335168,1.44210460,0.67999435,0.81052809,0.39588073,0.00000000,0.04081000,0.08226058,0.36877325,0.00000000
-4.69734867,1.48661178,0.69219376,0.82943144,0.42428947,0.00000000,0.04372294,0.08112603,0.38721759,0.00000000
-4.69134567,1.53592715,0.70683372,0.85051802,0.45472221,0.00000000,0.04671817,0.08032007,0.40718340,0.00000000
-4.68534267,1.58892353,0.72355397,0.87313415,0.48684364,0.00000000,0.04973284,0.07982990,0.42833918,0.00000000
-4.67933967,1.64434338,0.74191794,0.89657440,0.52025465,0.00000000,0.05270219,0.07963285,0.45030799,0.00000000
-4.67333667,1.70082850,0.76142484,0.92009958,0.55449797,0.00000000,0.05556102,0.07969742,0.47267529,0.00000000
-4.66733367,1.75695354,0.78152368,0.94295612,0.58906608,0.00000000,0.05824528,0.07998460,0.49499821,0.00000000
-4.66133067,1.81126227,0.80162864,0.96439630,0.62341124,0.00000000,0.06069366,0.08044916,0.51681612,0.00000000
-4.65532766,1.86230567,0.82113563,0.98369852,0.65695756,0.00000000,0.06284922,0.08104116,0.53766210,0.00000000
-4.64932466,1.90868074,0.83943934,1.00018718,0.68911479,0.00000000,0.06466097,0.08170746,0.55707508,0.00000000
-4.64332166,1.94906861,0.85595042,1.01325132,0.71929344,0.00000000,0.06608523,0.08239329,0.57461227,0.00000000
-4.63731866,1.98227107,0.87011242,1.02236150,0.74692093,0.00000000,0.06708691,0.08304379,0.58986130,0.00000000
-4.63131566,2.00724405,0.88141776,1.02708438,0.77145800,0.00000000,0.06764044,0.08360564,0.60245192,0.00000000
-4.62531266,2.02312721,0.88942257,1.02709450,0.79241503,0.00000000,0.06773047,0.08402853,0.61206663,0.00000000
-4.61930965,2.02926839,0.89375971,1.02218288,0.80936749,0.00000000,0.06735222,0.08426663,0.61844993,0.00000000
-4.61330665,2.02524235,0.89414971,1.01226224,0.82197000,0.00000000,0.06651145,0.08427995,0.62141587,0.00000000
-4.60730365,2.01086291,0.89040927,0.99736852,0.82996824,0.00000000,0.06522415,0.08403553,0.62085354,0.00000000
-4.60130065,1.98618820,0.88245697,0.97765898,0.83320842,0.00000000,0.06351582,0.08350853,0.61673036,0.00000000
-4.59529765,1.95151880,0.87031596,0.95340671,0.83164352,0.00000000,0.06142050,0.08268298,0.60909301,0.00000000
-4.58929465,1.90738879,0.85411362,0.92499193,0.82533624,0.00000000,0.05897952,0.08155242,0.59806587,0.00000000
-4.58329165,1.85455005,0.83407805,0.89289037,0.81445833,0.00000000,0.05624006,0.08012018,0.58384723,0.00000000
-4.57728864,1.79395033,0.81053156,0.85765919,0.79928617,0.00000000,0.05325357,0.07839934,0.56670319,0.00000000
-4.57128564,1.72670593,0.78388127,0.81992095,0.78019280,0.00000000,0.05007410,0.07641246,0.54695965,0.00000000
-4.56528264,1.65406983,0.75460720,0.78034611,0.75763670,0.00000000,0.04675671,0.07419088,0.52499260,0.00000000
-4.55927964,1.57739646,0.72324817,0.73963478,0.73214753,0.00000000,0.04335584,0.07177382,0.50121718,0.00000000
-4.55327664,1.49810427,0.69038607,0.69849812,0.70430955,0.00000000,0.03992389,0.06920715,0.47607573,0.00000000
-4.54727364,1.41763732,0.65662890,0.65764017,0.67474327,0.00000000,0.03650995,0.06654189,0.45002553,0.00000000
-4.54127064,1.33742714,0.62259328,0.61774042,0.64408607,0.00000000,0.03315874,0.06383261,0.42352641,0.00000000
-4.53526763,1.25885606,0.58888699,0.57943772,0.61297249,0.00000000,0.02990978,0.06113560,0.39702880,0.00000000
-4.52926463,1.18322304,0.55609204,0.54331588,0.58201501,0.00000000,0.02679684,0.05850700,0.37096252,0.00000000
-4.52326163,1.11171296,0.52474896,0.50989126,0.55178601,0.00000000,0.02384762,0.05600103,0.34572674,0.00000000
-4.51725863,1.04537011,0.49534262,0.47960257,0.52280156,0.00000000,0.02108363,0.05366812,0.32168118,0.00000000
-4.51125563,0.98507666,0.46829025,0.45280309,0.49550762,0.00000000,0.01852038,0.05155335,0.29913906,0.00000000
-4.50525263,0.93153621,0.44393177,0.42975534,0.47026916,0.00000000,0.01616762,0.04969495,0.27836162,0.00000000
-4.49924962,0.88526296,0.42252280,0.41062815,0.44736244,0.00000000,0.01402985,0.04812319,0.25955447,0.00000000
-4.49324662,0.84657642,0.40423060,0.39549624,0.42697071,0.00000000,0.01210687,0.04685946,0.24286572,0.00000000
-4.48724362,0.81560147,0.38913271,0.38434196,0.40918339,0.00000000,0.01039445,0.04591570,0.22838577,0.00000000
-4.48124062,0.79227373,0.37721860,0.37705934,0.39399855,0.00000000,0.00888497,0.04529422,0.21614883,0.00000000
-4.47523762,0.77634975,0.36839397,0.37345999,0.38132857,0.00000000,0.00756820,0.04498785,0.20613574,0.00000000
-4.46923462,0.76742156,0.36248754,0.37328085,0.37100872,0.00000000,0.00643186,0.04498036,0.19827820,0.00000000
-4.46323162,0.76493512,0.35926019,0.37619348,0.36280797,0.00000000,0.00546239,0.04524729,0.19246405,0.00000000
-4.45722861,0.76821200,0.35841588,0.38181471,0.35644181,0.00000000,0.00464543,0.04575706,0.18854342,0.00000000
-4.45122561,0.77647375,0.35961418,0.38971833,0.35158641,0.00000000,0.00396637,0.04647228,0.18633563,0.00000000
-4.44522261,0.78886816,0.36248394,0.39944765,0.34789353,0.00000000,0.00341081,0.04735126,0.18563647,0.00000000
-4.43921961,0.80449690,0.36663750,0.41052856,0.34500556,0.00000000,0.00296490,0.04834974,0.18622580,0.00000000
-4.43321661,0.82244368,0.37168529,0.42248291,0.34257026,0.00000000,0.00261564,0.04942262,0.18787527,0.00000000
-4.42721361,0.84180227,0.37725001,0.43484180,0.34025449,0.00000000,0.00235114,0.05052575,0.19035583,0.00000000
-4.42121061,0.86170375,0.38298025,0.44715858,0.33775658,0.00000000,0.00216075,0.05161769,0.19344504,0.00000000
-4.41520760,0.88134218,0.38856294,0.45902111,0.33481691,0.00000000,0.00203519,0.05266135,0.19693386,0.00000000
-4.40920460,0.89999803,0.39373429,0.47006306,0.33122632,0.00000000,0.00196665,0.05362544,0.20063287,0.00000000
-4.40320160,0.91705883,0.39828889,0.47997392,0.32683228,0.00000000,0.00194878,0.05448579,0.20437767,0.00000000
-4.39719860,0.93203629,0.40208662,0.48850735,0.32154248,0.00000000,0.00197673,0.05522634,0.20803339,0.00000000
-4.39119560,0.94457941,0.40505723,0.49548762,0.31532606,0.00000000,0.00204712,0.05583983,0.21149819,0.00000000
-4.38519260,0.95448319,0.40720226,0.50081397,0.30821232,0.00000000,0.00215797,0.05632816,0.21470554,0.00000000
-4.37918959,0.96169252,0.40859446,0.50446258,0.30028729,0.00000000,0.00230862,0.05670246,0.21762533,0.00000000
-4.37318659,0.96630105,0.40937439,0.50648612,0.29168818,0.00000000,0.00249968,0.05698270,0.22026363,0.00000000
-4.36718359,0.96854497,0.40974459,0.50701074,0.28259620,0.00000000,0.00273285,0.05719701,0.22266125,0.00000000
-4.36118059,0.96879183,0.40996127,0.50623057,0.27322788,0.00000000,0.00301081,0.05738066,0.22489082,0.00000000
-4.35517759,0.96752454,0.41032383,0.50439993,0.26382552,0.00000000,0.00333701,0.05757470,0.22705278,0.00000000
-4.34917459,0.96532108,0.41116260,0.50182319,0.25464691,0.00000000,0.00371550,0.05782436,0.22927016,0.00000000
-4.34317159,0.96283052,0.41282506,0.49884290,0.24595485,0.00000000,0.00415067,0.05817718,0.23168236,0.00000000
-4.33716858,0.96074601,0.41566115,0.49582629,0.23800682,0.00000000,0.00464701,0.05868111,0.23443820,0.00000000
-4.33116558,0.95977575,0.42000804,0.49315077,0.23104507,0.00000000,0.00520882,0.05938237,0.23768829,0.00000000
-4.32516258,0.96061285,0.42617503,0.49118881,0.22528756,0.00000000,0.00583991,0.06032338,0.24157724,0.00000000
-4.31915958,0.96390529,0.43442896,0.49029277,0.22091988,0.00000000,0.00654329,0.06154082,0.24623584,0.00000000
-4.31315658,0.97022697,0.44498086,0.49078033,0.21808852,0.00000000,0.00732088,0.06306370,0.25177353,0.00000000
-4.30715358,0.98005119,0.45797428,0.49292090,0.21689546,0.00000000,0.00817317,0.06491177,0.25827157,0.00000000
-4.30115058,0.99372729,0.47347574,0.49692379,0.21739448,0.00000000,0.00909900,0.06709415,0.26577716,0.00000000
-4.29514757,1.01146186,0.49146779,0.50292833,0.21958892,0.00000000,0.01009527,0.06960842,0.27429877,0.00000000
-4.28914457,1.03330491,0.51184495,0.51099656,0.22343123,0.00000000,0.01115681,0.07243995,0.28380294,0.00000000
-4.28314157,1.05914193,0.53441280,0.52110879,0.22882409,0.00000000,0.01227619,0.07556184,0.29421275,0.00000000
-4.27713857,1.08869208,0.55889026,0.53316207,0.23562310,0.00000000,0.01344375,0.07893520,0.30540800,0.00000000
-4.27113557,1.12151273,0.58491515,0.54697182,0.24364092,0.00000000,0.01464757,0.08250993,0.31722725,0.00000000
-4.26513257,1.15701017,0.61205269,0.56227653,0.25265271,0.00000000,0.01587366,0.08622592,0.32947147,0.00000000
-4.25912956,1.19445615,0.63980690,0.57874526,0.26240267,0.00000000,0.01710612,0.09001464,0.34190949,0.00000000
-4.25312656,1.23300961,0.66763428,0.59598780,0.27261154,0.00000000,0.01832749,0.09380107,0.35428468,0.00000000
-4.24712356,1.27174271,0.69495940,0.61356695,0.28298470,0.00000000,0.01951914,0.09750589,0.36632288,0.00000000
-4.24112056,1.30967016,0.72119177,0.63101249,0.29322066,0.00000000,0.02066170,0.10104785,0.37774109,0.00000000
-4.23511756,1.34578059,0.74574335,0.64783627,0.30301971,0.00000000,0.02173563,0.10434621,0.38825662,0.00000000
-4.22911456,1.37906876,0.76804599,0.66354781,0.31209235,0.00000000,0.02272172,0.10732321,0.39759629,0.00000000
-4.22311156,1.40856740,0.78756822,0.67766986,0.32016733,0.00000000,0.02360170,0.10990636,0.40550532,0.00000000
-4.21710855,1.43337723,0.80383063,0.68975318,0.32699894,0.00000000,0.02435875,0.11203064,0.41175546,0.00000000
-4.21110555,1.45269425,0.81641946,0.69939014,0.33237342,0.00000000,0.02497810,0.11364030,0.41615221,0.00000000
-4.20510255,1.46583321,0.82499770,0.70622665,0.33611413,0.00000000,0.02544741,0.11469044,0.41854062,0.00000000
-4.19909955,1.47224656,0.82931353,0.70997189,0.33808560,0.00000000,0.02575722,0.11514811,0.41880967,0.00000000
-4.19309655,1.47153814,0.82920584,0.71040574,0.33819602,0.00000000,0.02590125,0.11499303,0.41689500,0.00000000
-4.18709355,1.46347163,0.82460659,0.70738363,0.33639839,0.00000000,0.02587655,0.11421791,0.41277997,0.00000000
-4.18109055,1.44797331,0.81554027,0.70083875,0.33269027,0.00000000,0.02568361,0.11282823,0.40649502,0.00000000
-4.17508754,1.42512968,0.80212047,0.69078176,0.32711208,0.00000000,0.02532631,0.11084177,0.39811559,0.00000000
-4.16908454,1.39517997,0.78454384,0.67729800,0.31974426,0.00000000,0.02481177,0.10828772,0.38775855,0.00000000
-4.16308154,1.35850446,0.76308190,0.66054266,0.31070327,0.00000000,0.02415009,0.10520540,0.37557756,0.00000000
-4.15707854,1.31560899,0.73807105,0.64073401,0.30013683,0.00000000,0.02335400,0.10164294,0.36175746,0.00000000
-4.15107554,1.26710671,0.70990124,0.61814516,0.28821839,0.00000000,0.02243844,0.09765558,0.34650813,0.00000000
-4.14507254,1.21369777,0.67900386,0.59309475,0.27514125,0.00000000,0.02142008,0.09330399,0.33005789,0.00000000
-4.13906953,1.15614793,0.64583929,0.56593690,0.26111250,0.00000000,0.02031678,0.08865255,0.31264694,0.00000000
-4.13306653,1.09526682,0.61088449,0.53705091,0.24634699,0.00000000,0.01914712,0.08376759,0.29452094,0.00000000
-4.12706353,1.03188671,0.57462118,0.50683097,0.23106158,0.00000000,0.01792982,0.07871580,0.27592497,0.00000000
-4.12106053,0.96684240,0.53752482,0.47567632,0.21546986,0.00000000,0.01668331,0.07356270,0.25709811,0.00000000
-4.11505753,0.90095284,0.50005475,0.44398208,0.19977738,0.00000000,0.01542523,0.06837132,0.23826879,0.00000000
-4.10905453,0.83500490,0.46264563,0.41213101,0.18417765,0.00000000,0.01417209,0.06320109,0.21965085,0.00000000
-4.10305153,0.76973967,0.42570040,0.38048634,0.16884892,0.00000000,0.01293893,0.05810684,0.20144059,0.00000000
-4.09704852,0.70584134,0.38958475,0.34938589,0.15395174,0.00000000,0.01173910,0.05313816,0.18381456,0.00000000
-4.09104552,0.64392894,0.35462310,0.31913738,0.13962731,0.00000000,0.01058404,0.04833890,0.16692835,0.00000000
-4.08504252,0.58455069,0.32109612,0.29001511,0.12599664,0.00000000,0.00948326,0.04374683,0.15091604,0.00000000
-4.07903952,0.52818096,0.28923965,0.26225785,0.11316042,0.00000000,0.00844424,0.03939360,0.13589041,0.00000000
-4.07303652,0.47521965,0.25924485,0.23606797,0.10119944,0.00000000,0.00747254,0.03530479,0.12194368,0.00000000
-4.06703352,0.42599346,0.23125947,0.21161155,0.09017564,0.00000000,0.00657184,0.03150009,0.10914886,0.00000000
-4.06103052,0.38075909,0.20539005,0.18901944,0.08013344,0.00000000,0.00574413,0.02799372,0.09756125,0.00000000
-4.05502751,0.33970762,0.18170484,0.16838915,0.07110149,0.00000000,0.00498981,0.02479476,0.08722034,0.00000000
-4.04902451,0.30296996,0.16023734,0.14978714,0.06309449,0.00000000,0.00430796,0.02190772,0.07815167,0.00000000
-4.04302151,0.27062281,0.14099004,0.13325172,0.05611509,0.00000000,0.00369650,0.01933304,0.07036877,0.00000000
-4.03701851,0.24269480,0.12393849,0.11879597,0.05015580,0.00000000,0.00315242,0.01706760,0.06387485,0.00000000
-4.03101551,0.21917246,0.10903527,0.10641078,0.04520071,0.00000000,0.00267198,0.01510532,0.05866442,0.00000000
-4.02501251,0.20000576,0.09621390,0.09606780,0.04122701,0.00000000,0.00225092,0.01343759,0.05472445,0.00000000
-4.01900950,0.18511282,0.08539236,0.08772206,0.03820628,0.00000000,0.00188463,0.01205379,0.05203531,0.00000000
-4.01300650,0.17438375,0.07647637,0.08131431,0.03610548,0.00000000,0.00156829,0.01094163,0.05057123,0.00000000
-4.00700350,0.16768351,0.06936219,0.07677283,0.03488758,0.00000000,0.00129708,0.01008752,0.05030047,0.00000000
-4.00100050,0.16485359,0.06393892,0.07401491,0.03451195,0.00000000,0.00106620,0.00947682,0.05118504,0.00000000
-3.99499750,0.16571273,0.06009036,0.07294774,0.03493445,0.00000000,0.00087105,0.00909403,0.05318017,0.00000000
-3.98899450,0.17005681,0.05769637,0.07346897,0.03610727,0.00000000,0.00070726,0.00892291,0.05623347,0.00000000
-3.98299150,0.17765798,0.05663391,0.07546684,0.03797860,0.00000000,0.00057075,0.00894658,0.06028400,0.00000000
-3.97698849,0.18826344,0.05677764,0.07882013,0.04049222,0.00000000,0.00045778,0.00914754,0.06526122,0.00000000
-3.97098549,0.20159410,0.05800035,0.08339794,0.04358708,0.00000000,0.00036494,0.00950767,0.07108411,0.00000000
-3.96498249,0.21734354,0.06017326,0.08905946,0.04719687,0.00000000,0.00028920,0.01000827,0.07766036,0.00000000
-3.95897949,0.23517750,0.06316625,0.09565399,0.05124987,0.00000000,0.00022784,0.01063003,0.08488603,0.00000000
-3.95297649,0.25473440,0.06684820,0.10302112,0.05566894,0.00000000,0.00017853,0.01135307,0.09264554,0.00000000
-3.94697349,0.27562707,0.07108758,0.11099146,0.06037183,0.00000000,0.00013923,0.01215707,0.10081229,0.00000000
-3.94097049,0.29744590,0.07575320,0.11938778,0.06527190,0.00000000,0.00010820,0.01302134,0.10924982,0.00000000
-3.93496748,0.31976370,0.08071543,0.12802682,0.07027918,0.00000000,0.00008399,0.01392508,0.11781373,0.00000000
-3.92896448,0.34214215,0.08584770,0.13672167,0.07530186,0.00000000,0.00006541,0.01484761,0.12635418,0.00000000
-3.92296148,0.36413990,0.09102847,0.14528478,0.08024817,0.00000000,0.00005149,0.01576873,0.13471906,0.00000000
-3.91695848,0.38532212,0.09614349,0.15353144,0.08502862,0.00000000,0.00004147,0.01666911,0.14275776,0.00000000
-3.91095548,0.40527120,0.10108846,0.16128384,0.08955852,0.00000000,0.00003481,0.01753077,0.15032535,0.00000000
-3.90495248,0.42359820,0.10577183,0.16837526,0.09376071,0.00000000,0.00003113,0.01833755,0.15728705,0.00000000
-3.89894947,0.43995474,0.11011776,0.17465452,0.09756835,0.00000000,0.00003023,0.01907562,0.16352289,0.00000000
-3.89294647,0.45404462,0.11406907,0.17999028,0.10092777,0.00000000,0.00003212,0.01973398,0.16893220,0.00000000
-3.88694347,0.46563472,0.11758999,0.18427512,0.10380107,0.00000000,0.00003693,0.02030498,0.17343795,0.00000000
-3.88094047,0.47456476,0.12066859,0.18742912,0.10616848,0.00000000,0.00004503,0.02078466,0.17699044,0.00000000
-3.87493747,0.48075515,0.12331881,0.18940277,0.10803032,0.00000000,0.00005694,0.02117316,0.17957045,0.00000000
-3.86893447,0.48421279,0.12558177,0.19017907,0.10940842,0.00000000,0.00007342,0.02147489,0.18119145,0.00000000
-3.86293147,0.48503415,0.12752646,0.18977470,0.11034691,0.00000000,0.00009546,0.02169873,0.18190084,0.00000000
-3.85692846,0.48340569,0.12924949,0.18824011,0.11091230,0.00000000,0.00012432,0.02185790,0.18178008,0.00000000
-3.85092546,0.47960124,0.13087405,0.18565857,0.11119284,0.00000000,0.00016153,0.02196989,0.18094363,0.00000000
-3.84492246,0.47397641,0.13254784,0.18214419,0.11129710,0.00000000,0.00020896,0.02205610,0.17953682,0.00000000
-3.83891946,0.46696027,0.13444016,0.17783885,0.11135173,0.00000000,0.00026881,0.02214140,0.17773248,0.00000000
-3.83291646,0.45904433,0.13673803,0.17290839,0.11149861,0.00000000,0.00034366,0.02225352,0.17572662,0.00000000
-3.82691346,0.45076935,0.13964160,0.16753790,0.11189120,0.00000000,0.00043649,0.02242240,0.17373314,0.00000000
-3.82091046,0.44271034,0.14335882,0.16192660,0.11269047,0.00000000,0.00055066,0.02267932,0.17197786,0.00000000
-3.81490745,0.43546025,0.14809959,0.15628221,0.11406027,0.00000000,0.00068996,0.02305607,0.17069200,0.00000000
-3.80890445,0.42961293,0.15406964,0.15081523,0.11616250,0.00000000,0.00085857,0.02358405,0.17010531,0.00000000
-3.80290145,0.42574598,0.16146417,0.14573323,0.11915210,0.00000000,0.00106100,0.02429333,0.17043914,0.00000000
-3.79689845,0.42440402,0.17046167,0.14123539,0.12317209,0.00000000,0.00130211,0.02521178,0.17189971,0.00000000
-3.79089545,0.42608297,0.18121806,0.13750739,0.12834888,0.00000000,0.00158695,0.02636423,0.17467173,0.00000000
-3.78489245,0.43121587,0.19386132,0.13471698,0.13478798,0.00000000,0.00192074,0.02777177,0.17891263,0.00000000
-3.77888944,0.44016081,0.20848697,0.13301012,0.14257035,0.00000000,0.00230866,0.02945109,0.18474771,0.00000000
-3.77288644,0.45319127,0.22515447,0.13250806,0.15174955,0.00000000,0.00275578,0.03141409,0.19226618,0.00000000
-3.76688344,0.47048926,0.24388480,0.13330517,0.16234990,0.00000000,0.00326682,0.03366751,0.20151851,0.00000000
-3.76088044,0.49214158,0.26465919,0.13546785,0.17436571,0.00000000,0.00384602,0.03621288,0.21251489,0.00000000
-3.75487744,0.51813928,0.28741930,0.13903422,0.18776178,0.00000000,0.00449687,0.03904658,0.22522522,0.00000000
-3.74887444,0.54838041,0.31206857,0.14401490,0.20247525,0.00000000,0.00522195,0.04216003,0.23958025,0.00000000
-3.74287144,0.58267598,0.33847491,0.15039457,0.21841868,0.00000000,0.00602268,0.04554016,0.25547425,0.00000000
-3.73686843,0.62075897,0.36647448,0.15813441,0.23548450,0.00000000,0.00689917,0.04916995,0.27276877,0.00000000
-3.73086543,0.66229604,0.39587638,0.16717529,0.25355058,0.00000000,0.00785004,0.05302904,0.29129754,0.00000000
-3.72486243,0.70690160,0.42646803,0.17744150,0.27248685,0.00000000,0.00887228,0.05709449,0.31087231,0.00000000
-3.71885943,0.75415360,0.45802097,0.18884503,0.29216261,0.00000000,0.00996118,0.06134153,0.33128930,0.00000000
-3.71285643,0.80361047,0.49029668,0.20129011,0.31245436,0.00000000,0.01111035,0.06574425,0.35233602,0.00000000
-3.70685343,0.85482846,0.52305221,0.21467790,0.33325361,0.00000000,0.01231170,0.07027634,0.37379828,0.00000000
-3.70085043,0.90737864,0.55604521,0.22891109,0.35447442,0.00000000,0.01355565,0.07491159,0.39546682,0.00000000
-3.69484742,0.96086273,0.58903821,0.24389822,0.37606007,0.00000000,0.01483126,0.07962436,0.41714349,0.00000000
-3.68884442,1.01492694,0.62180178,0.25955750,0.39798852,0.00000000,0.01612657,0.08438983,0.43864657,0.00000000
-3.68284142,1.06927318,0.65411663,0.27581994,0.42027621,0.00000000,0.01742889,0.08918412,0.45981498,0.00000000
-3.67683842,1.12366693,0.68577445,0.29263160,0.44297974,0.00000000,0.01872519,0.09398417,0.48051119,0.00000000
-3.67083542,1.17794126,0.71657760,0.30995478,0.46619518,0.00000000,0.02000257,0.09876757,0.50062271,0.00000000
-3.66483242,1.23199674,0.74633783,0.32776808,0.49005482,0.00000000,0.02124869,0.10351213,0.52006207,0.00000000
-3.65882941,1.28579699,0.77487415,0.34606521,0.51472120,0.00000000,0.02245215,0.10819546,0.53876530,0.00000000
-3.65282641,1.33936009,0.80201029,0.36485253,0.54037847,0.00000000,0.02360298,0.11279445,0.55668911,0.00000000
-3.64682341,1.39274605,0.82757202,0.38414545,0.56722135,0.00000000,0.02469291,0.11728477,0.57380682,0.00000000
-3.64082041,1.44604088,0.85138459,0.40396369,0.59544201,0.00000000,0.02571570,0.12164041,0.59010339,0.00000000
-3.63481741,1.49933811,0.87327089,0.42432565,0.62521532,0.00000000,0.02666726,0.12583340,0.60556985,0.00000000
-3.62881441,1.55271855,0.89305039,0.44524219,0.65668320,0.00000000,0.02754573,0.12983356,0.62019746,0.00000000
-3.62281141,1.60622936,0.91053924,0.46670995,0.68993879,0.00000000,0.02835140,0.13360857,0.63397198,0.00000000
-3.61680840,1.65986368,0.92555169,0.48870476,0.72501121,0.00000000,0.02908655,0.13712418,0.64686844,0.00000000
-3.61080540,1.71354176,0.93790273,0.51117535,0.76185189,0.00000000,0.02975510,0.14034462,0.65884671,0.00000000
-3.60480240,1.76709500,0.94741216,0.53403781,0.80032322,0.00000000,0.03036227,0.14323326,0.66984819,0.00000000
-3.59879940,1.82025364,0.95390961,0.55717116,0.84019034,0.00000000,0.03091403,0.14575340,0.67979383,0.00000000
-3.59279640,1.87263917,0.95724053,0.58041438,0.88111681,0.00000000,0.03141663,0.14786927,0.68858367,0.00000000
-3.58679340,1.92376208,0.95727256,0.60356508,0.92266463,0.00000000,0.03187599,0.14954700,0.69609792,0.00000000
-3.58079040,1.97302530,0.95390210,0.62638022,0.96429892,0.00000000,0.03229719,0.15075576,0.70219961,0.00000000
-3.57478739,2.01973358,0.94706052,0.64857878,1.00539749,0.00000000,0.03268397,0.15146876,0.70673863,0.00000000
-3.56878439,2.06310857,0.93671968,0.66984655,1.04526499,0.00000000,0.03303834,0.15166426,0.70955706,0.00000000
-3.56278139,2.10230920,0.92289634,0.68984289,1.08315136,0.00000000,0.03336023,0.15132637,0.71049545,0.00000000
-3.55677839,2.13645656,0.90565519,0.70820933,1.11827395,0.00000000,0.03364737,0.15044574,0.70939976,0.00000000
-3.55077539,2.16466244,0.88511034,0.72457959,1.14984235,0.00000000,0.03389523,0.14902001,0.70612868,0.00000000
-3.54477239,2.18606015,0.86142495,0.73859087,1.17708500,0.00000000,0.03409713,0.14705407,0.70056082,0.00000000
-3.53876938,2.19983647,0.83480926,0.74989567,1.19927639,0.00000000,0.03424454,0.14456005,0.69260159,0.00000000
-3.53276638,2.20526320,0.80551686,0.75817387,1.21576353,0.00000000,0.03432745,0.14155715,0.68218922,0.00000000
-3.52676338,2.20172687,0.77383947,0.76314438,1.22599064,0.00000000,0.03433486,0.13807124,0.66929978,0.00000000
-3.52076038,2.18875538,0.74010057,0.76457600,1.22952067,0.00000000,0.03425539,0.13413428,0.65395094,0.00000000
-3.51475738,2.16604009,0.70464794,0.76229673,1.22605280,0.00000000,0.03407791,0.12978362,0.63620412,0.00000000
-3.50875438,2.13345257,0.66784577,0.75620138,1.21543507,0.00000000,0.03379213,0.12506122,0.61616517,0.00000000
-3.50275138,2.09105508,0.63006633,0.74625692,1.19767137,0.00000000,0.03338928,0.12001274,0.59398328,0.00000000
-3.49674837,2.03910425,0.59168187,0.73250534,1.17292274,0.00000000,0.03286263,0.11468665,0.56984844,0.00000000
-3.49074537,1.97804791,0.55305685,0.71506394,1.14150276,0.00000000,0.03220794,0.10913330,0.54398730,0.00000000
-3.48474237,1.90851507,0.51454080,0.69412298,1.10386736,0.00000000,0.03142385,0.10340407,0.51665783,0.00000000
-3.47873937,1.83129968,0.47646207,0.66994082,1.06059962,0.00000000,0.03051204,0.09755047,0.48814286,0.00000000
-3.47273637,1.74733868,0.43912264,0.64283669,1.01239028,0.00000000,0.02947734,0.09162336,0.45874289,0.00000000
-3.46673337,1.65768561,0.40279389,0.61318155,0.96001499,0.00000000,0.02832762,0.08567223,0.42876842,0.00000000
-3.46073037,1.56348067,0.36771373,0.58138736,0.90430926,0.00000000,0.02707362,0.07974452,0.39853214,0.00000000
-3.45472736,1.46591885,0.33408462,0.54789521,0.84614246,0.00000000,0.02572861,0.07388503,0.36834121,0.00000000
-3.44872436,1.36621710,0.30207282,0.51316293,0.78639181,0.00000000,0.02430792,0.06813544,0.33849010,0.00000000
-3.44272136,1.26558225,0.27180852,0.47765255,0.72591760,0.00000000,0.02282849,0.06253382,0.30925404,0.00000000
-3.43671836,1.16518062,0.24338686,0.44181823,0.66554050,0.00000000,0.02130828,0.05711431,0.28088345,0.00000000
-3.43071536,1.06611060,0.21686964,0.40609511,0.60602179,0.00000000,0.01976568,0.05190683,0.25359939,0.00000000
-3.42471236,0.96937903,0.19228761,0.37088930,0.54804717,0.00000000,0.01821897,0.04693686,0.22759022,0.00000000
-3.41870935,0.87588200,0.16964321,0.33656956,0.49221436,0.00000000,0.01668580,0.04222534,0.20300951,0.00000000
-3.41270635,0.78639062,0.14891363,0.30346071,0.43902491,0.00000000,0.01518267,0.03778864,0.17997510,0.00000000
-3.40670335,0.70154186,0.13005401,0.27183899,0.38887991,0.00000000,0.01372456,0.03363854,0.15856934,0.00000000
-3.40070035,0.62183429,0.11300080,0.24192926,0.34207955,0.00000000,0.01232460,0.02978241,0.13884039,0.00000000
-3.39469735,0.54762867,0.09767501,0.21390418,0.29882612,0.00000000,0.01099383,0.02622341,0.12080440,0.00000000
-3.38869435,0.47915270,0.08398548,0.18788505,0.25922993,0.00000000,0.00974110,0.02296069,0.10444840,0.00000000
-3.38269135,0.41650948,0.07183187,0.16394418,0.22331748,0.00000000,0.00857302,0.01998979,0.08973379,0.00000000
-3.37668834,0.35968879,0.06110758,0.14210852,0.19104149,0.00000000,0.00749395,0.01730298,0.07660013,0.00000000
-3.37068534,0.30858072,0.05170231,0.12236433,0.16229194,0.00000000,0.00650620,0.01488970,0.06496919,0.00000000
-3.36468234,0.26299053,0.04350440,0.10466249,0.13690767,0.00000000,0.00561012,0.01273702,0.05474900,0.00000000
-3.35867934,0.22265436,0.03640291,0.08892427,0.11468796,0.00000000,0.00480435,0.01083011,0.04583769,0.00000000
-3.35267634,0.18725484,0.03028934,0.07504720,0.09540367,0.00000000,0.00408608,0.00915266,0.03812721,0.00000000
-3.34667334,0.15643619,0.02505910,0.06291095,0.07880755,0.00000000,0.00345129,0.00768743,0.03150662,0.00000000
-3.34067034,0.12981829,0.02061268,0.05238277,0.06464347,0.00000000,0.00289502,0.00641658,0.02586501,0.00000000
-3.33466733,0.10700932,0.01685655,0.04332259,0.05265435,0.00000000,0.00241162,0.00532216,0.02109395,0.00000000
-3.32866433,0.08761683,0.01370378,0.03558754,0.04258884,0.00000000,0.00199504,0.00438638,0.01708945,0.00000000
-3.32266133,0.07125693,0.01107445,0.02903575,0.03420648,0.00000000,0.00163898,0.00359199,0.01375356,0.00000000
-3.31665833,0.05756179,0.00889587,0.02352957,0.02728170,0.00000000,0.00133712,0.00292247,0.01099539,0.00000000
-3.31065533,0.04618524,0.00710253,0.01893806,0.02160650,0.00000000,0.00108328,0.00236227,0.00873187,0.00000000
-3.30465233,0.03680684,0.00563600,0.01513884,0.01699211,0.00000000,0.00087151,0.00189694,0.00688809,0.00000000
-3.29864932,0.02913434,0.00444467,0.01201933,0.01326966,0.00000000,0.00069626,0.00151322,0.00539732,0.00000000
-3.29264632,0.02290490,0.00348334,0.00947751,0.01029017,0.00000000,0.00055237,0.00119910,0.00420087,0.00000000
-3.28664332,0.01788520,0.00271280,0.00742216,0.00792383,0.00000000,0.00043517,0.00094385,0.00324772,0.00000000
-3.28064032,0.01387068,0.00209935,0.00577277,0.00605898,0.00000000,0.00034043,0.00073795,0.00249397,0.00000000
-3.27463732,0.01068409,0.00161428,0.00445917,0.00460063,0.00000000,0.00026447,0.00057307,0.00190228,0.00000000
-3.26863432,0.00817358,0.00123335,0.00342089,0.00346890,0.00000000,0.00020402,0.00044202,0.00144123,0.00000000
-3.26263132,0.00621047,0.00093626,0.00260639,0.00259737,0.00000000,0.00015630,0.00033862,0.00108460,0.00000000
-3.25662831,0.00468688,0.00070617,0.00197226,0.00193133,0.00000000,0.00011893,0.00025764,0.00081079,0.00000000
-3.25062531,0.00351331,0.00052923,0.00148229,0.00142625,0.00000000,0.00008988,0.00019470,0.00060214,0.00000000
-3.24462231,0.00261622,0.00039414,0.00110660,0.00104623,0.00000000,0.00006750,0.00014614,0.00044437,0.00000000
-3.23861931,0.00193587,0.00029179,0.00082079,0.00076260,0.00000000,0.00005041,0.00010896,0.00032605,0.00000000
-3.23261631,0.00142419,0.00021487,0.00060515,0.00055275,0.00000000,0.00003749,0.00008071,0.00023812,0.00000000
-3.22661331,0.00104293,0.00015761,0.00044392,0.00039900,0.00000000,0.00002784,0.00005943,0.00017348,0.00000000
-3.22061031,0.00076203,0.00011549,0.00032465,0.00028773,0.00000000,0.00002078,0.00004355,0.00012667,0.00000000
-3.21460730,0.00055823,0.00008502,0.00023765,0.00020860,0.00000000,0.00001575,0.00003182,0.00009354,0.00000000
-3.20860430,0.00041383,0.00006359,0.00017549,0.00015392,0.00000000,0.00001237,0.00002328,0.00007106,0.00000000
-3.20260130,0.00031577,0.00004926,0.00013265,0.00011812,0.00000000,0.00001037,0.00001719,0.00005707,0.00000000
-3.19659830,0.00025488,0.00004073,0.00010515,0.00009744,0.00000000,0.00000959,0.00001301,0.00005022,0.00000000
-3.19059530,0.00022527,0.00003719,0.00009037,0.00008959,0.00000000,0.00000998,0.00001034,0.00004983,0.00000000
-3.18459230,0.00022397,0.00003834,0.00008684,0.00009356,0.00000000,0.00001163,0.00000892,0.00005589,0.00000000
-3.17858929,0.00025077,0.00004427,0.00009416,0.00010959,0.00000000,0.00001470,0.00000861,0.00006900,0.00000000
-3.17258629,0.00030810,0.00005560,0.00011297,0.00013909,0.00000000,0.00001951,0.00000935,0.00009045,0.00000000
-3.16658329,0.00040124,0.00007338,0.00014496,0.00018475,0.00000000,0.00002654,0.00001120,0.00012230,0.00000000
-3.16058029,0.00053859,0.00009928,0.00019298,0.00025067,0.00000000,0.00003644,0.00001432,0.00016750,0.00000000
-3.15457729,0.00073211,0.00013561,0.00026119,0.00034258,0.00000000,0.00005008,0.00001898,0.00023008,0.00000000
-3.14857429,0.00099801,0.00018545,0.00035527,0.00046815,0.00000000,0.00006863,0.00002554,0.00031534,0.00000000
-3.14257129,0.00135749,0.00025288,0.00048270,0.00063735,0.00000000,0.00009356,0.00003454,0.00043015,0.00000000
-3.13656828,0.00183779,0.00034310,0.00065311,0.00086293,0.00000000,0.00012676,0.00004664,0.00058328,0.00000000
-3.13056528,0.00247328,0.00046273,0.00087869,0.00116091,0.00000000,0.00017061,0.00006274,0.00078578,0.00000000
-3.12456228,0.00330684,0.00062002,0.00117462,0.00155123,0.00000000,0.00022804,0.00008391,0.00105138,0.00000000
-3.11855928,0.00439125,0.00082522,0.00155965,0.00205836,0.00000000,0.00030266,0.00011153,0.00139704,0.00000000
-3.11255628,0.00579085,0.00109085,0.00205658,0.00271205,0.00000000,0.00039887,0.00014726,0.00184339,0.00000000
-3.10655328,0.00758315,0.00143214,0.00269290,0.00354803,0.00000000,0.00052194,0.00019312,0.00241535,0.00000000
-3.10055028,0.00986048,0.00186734,0.00350138,0.00460873,0.00000000,0.00067814,0.00025153,0.00314263,0.00000000
-3.09454727,0.01273171,0.00241815,0.00452061,0.00594401,0.00000000,0.00087483,0.00032536,0.00406033,0.00000000
-3.08854427,0.01632360,0.00311010,0.00579555,0.00761170,0.00000000,0.00112057,0.00041799,0.00520939,0.00000000
-3.08254127,0.02078212,0.00397288,0.00737792,0.00967806,0.00000000,0.00142517,0.00053333,0.00663708,0.00000000
-3.07653827,0.02627321,0.00504067,0.00932653,0.01221808,0.00000000,0.00179973,0.00067588,0.00839727,0.00000000
-3.07053527,0.03298311,0.00635236,0.01170734,0.01531539,0.00000000,0.00225666,0.00085075,0.01055060,0.00000000
-3.06453227,0.04111797,0.00795171,0.01459333,0.01906192,0.00000000,0.00280961,0.00106366,0.01316444,0.00000000
-3.05852926,0.05090266,0.00988733,0.01806407,0.02355715,0.00000000,0.00347336,0.00132099,0.01631257,0.00000000
-3.05252626,0.06257857,0.01221254,0.02220491,0.02890681,0.00000000,0.00426367,0.00162969,0.02007458,0.00000000
-3.04652326,0.07640041,0.01498507,0.02710582,0.03522115,0.00000000,0.00519697,0.00199734,0.02453493,0.00000000
-3.04052026,0.09263174,0.01826650,0.03285982,0.04261255,0.00000000,0.00629007,0.00243197,0.02978160,0.00000000
-3.03451726,0.11153932,0.02212153,0.03956090,0.05119266,0.00000000,0.00755971,0.00294208,0.03590443,0.00000000
-3.02851426,0.13338625,0.02661697,0.04730161,0.06106885,0.00000000,0.00902205,0.00353649,0.04299296,0.00000000
-3.02251126,0.15842397,0.03182058,0.05617018,0.07234031,0.00000000,0.01069206,0.00422422,0.05113396,0.00000000
-3.01650825,0.18688327,0.03779958,0.06624726,0.08509356,0.00000000,0.01258293,0.00501431,0.06040865,0.00000000
-3.01050525,0.21896451,0.04461906,0.07760250,0.09939780,0.00000000,0.01470529,0.00591575,0.07088953,0.00000000
-3.00450225,0.25482746,0.05234016,0.09029086,0.11530003,0.00000000,0.01706658,0.00693721,0.08263717,0.00000000
-2.99849925,0.29458104,0.06101819,0.10434898,0.13282030,0.00000000,0.01967023,0.00808698,0.09569681,0.00000000
-2.99249625,0.33827341,0.07070066,0.11979163,0.15194725,0.00000000,0.02251510,0.00937272,0.11009512,0.00000000
-2.98649325,0.38588303,0.08142534,0.13660852,0.17263417,0.00000000,0.02559481,0.01080139,0.12583707,0.00000000
-2.98049025,0.43731104,0.09321841,0.15476164,0.19479588,0.00000000,0.02889729,0.01237912,0.14290329,0.00000000
-2.97448724,0.49237561,0.10609277,0.17418321,0.21830671,0.00000000,0.03240448,0.01411112,0.16124780,0.00000000
-2.96848424,0.55080864,0.12004663,0.19477459,0.24299967,0.00000000,0.03609219,0.01600164,0.18079660,0.00000000
-2.96248124,0.61225529,0.13506236,0.21640613,0.26866718,0.00000000,0.03993019,0.01805396,0.20144690,0.00000000
-2.95647824,0.67627661,0.15110580,0.23891817,0.29506333,0.00000000,0.04388259,0.02027043,0.22306741,0.00000000
-2.95047524,0.74235547,0.16812595,0.26212324,0.32190784,0.00000000,0.04790841,0.02265253,0.24549947,0.00000000
-2.94447224,0.80990578,0.18605511,0.28580944,0.34889163,0.00000000,0.05196245,0.02520095,0.26855934,0.00000000
-2.93846923,0.87828490,0.20480950,0.30974502,0.37568390,0.00000000,0.05599641,0.02791569,0.29204133,0.00000000
-2.93246623,0.94680885,0.22429035,0.33368385,0.40194056,0.00000000,0.05996017,0.03079617,0.31572196,0.00000000
-2.92646323,1.01476992,0.24438540,0.35737197,0.42731367,0.00000000,0.06380334,0.03384127,0.33936483,0.00000000
-2.92046023,1.08145592,0.26497069,0.38055454,0.45146159,0.00000000,0.06747681,0.03704936,0.36272612,0.00000000
-2.91445723,1.14617037,0.28591272,0.40298325,0.47405932,0.00000000,0.07093451,0.04041830,0.38556055,0.00000000
-2.90845423,1.20825272,0.30707076,0.42442375,0.49480869,0.00000000,0.07413500,0.04394531,0.40762741,0.00000000
-2.90245123,1.26709774,0.32829925,0.44466270,0.51344789,0.00000000,0.07704307,0.04762675,0.42869663,0.00000000
-2.89644822,1.32217304,0.34945024,0.46351426,0.52975984,0.00000000,0.07963115,0.05145787,0.44855444,0.00000000
-2.89044522,1.37303404,0.37037566,0.48082554,0.54357905,0.00000000,0.08188045,0.05543240,0.46700843,0.00000000
-2.88444222,1.41933553,0.39092953,0.49648089,0.55479657,0.00000000,0.08378186,0.05954212,0.48389195,0.00000000
-2.87843922,1.46083923,0.41096986,0.51040462,0.56336287,0.00000000,0.08533635,0.06377629,0.49906743,0.00000000
-2.87243622,1.49741706,0.43036034,0.52256222,0.56928838,0.00000000,0.08655516,0.06812113,0.51242868,0.00000000
-2.86643322,1.52904986,0.44897173,0.53295978,0.57264175,0.00000000,0.08745940,0.07255927,0.52390208,0.00000000
-2.86043022,1.55582160,0.46668302,0.54164182,0.57354586,0.00000000,0.08807927,0.07706926,0.53344655,0.00000000
-2.85442721,1.57790947,0.48338236,0.54868743,0.57217188,0.00000000,0.08845295,0.08162518,0.54105254,0.00000000
-2.84842421,1.59557032,0.49896786,0.55420506,0.56873152,0.00000000,0.08862498,0.08619643,0.54673997,0.00000000
-2.84242121,1.60912415,0.51334834,0.55832613,0.56346806,0.00000000,0.08864444,0.09074767,0.55055543,0.00000000
-2.83641821,1.61893554,0.52644404,0.56119777,0.55664649,0.00000000,0.08856285,0.09523911,0.55256875,0.00000000
-2.83041521,1.62539398,0.53818754,0.56297511,0.54854328,0.00000000,0.08843187,0.09962694,0.55286921,0.00000000
-2.82441221,1.62889419,0.54852478,0.56381341,0.53943629,0.00000000,0.08830105,0.10386422,0.55156157,0.00000000
-2.81840920,1.62981726,0.55741640,0.56386047,0.52959529,0.00000000,0.08821552,0.10790191,0.54876230,0.00000000
-2.81240620,1.62851391,0.56483933,0.56324975,0.51927354,0.00000000,0.08821392,0.11169030,0.54459593,0.00000000
-2.80640320,1.62529029,0.57078864,0.56209444,0.50870074,0.00000000,0.08832652,0.11518068,0.53919201,0.00000000
-2.80040020,1.62039742,0.57527970,0.56048279,0.49807764,0.00000000,0.08857374,0.11832709,0.53268259,0.00000000
-2.79439720,1.61402439,0.57835041,0.55847497,0.48757248,0.00000000,0.08896503,0.12108835,0.52520040,0.00000000
-2.78839420,1.60629587,0.58006352,0.55610161,0.47731933,0.00000000,0.08949829,0.12342994,0.51687771,0.00000000
-2.78239120,1.59727379,0.58050880,0.55336398,0.46741825,0.00000000,0.09015975,0.12532600,0.50784585,0.00000000
-2.77638819,1.58696304,0.57980485,0.55023583,0.45793712,0.00000000,0.09092443,0.12676095,0.49823531,0.00000000
-2.77038519,1.57532075,0.57810046,0.54666688,0.44891497,0.00000000,0.09175707,0.12773100,0.48817634,0.00000000
-2.76438219,1.56226859,0.57557518,0.54258758,0.44036646,0.00000000,0.09261360,0.12824520,0.47779976,0.00000000
-2.75837919,1.54770721,0.57243899,0.53791495,0.43228714,0.00000000,0.09344295,0.12832608,0.46723800,0.00000000
-2.75237619,1.53153212,0.56893083,0.53255933,0.42465921,0.00000000,0.09418928,0.12800973,0.45662598,0.00000000
-2.74637319,1.51364985,0.56531597,0.52643141,0.41745736,0.00000000,0.09479443,0.12734539,0.44610182,0.00000000
-2.74037019,1.49399373,0.56188207,0.51944943,0.41065430,0.00000000,0.09520047,0.12639446,0.43580714,0.00000000
-2.73436718,1.47253813,0.55893391,0.51154603,0.40422577,0.00000000,0.09535233,0.12522900,0.42588689,0.00000000
-2.72836418,1.44931069,0.55678698,0.50267451,0.39815473,0.00000000,0.09520029,0.12392970,0.41648850,0.00000000
-2.72236118,1.42440166,0.55576003,0.49281414,0.39243450,0.00000000,0.09470225,0.12258350,0.40776055,0.00000000
-2.71635818,1.39797004,0.55616674,0.48197431,0.38707092,0.00000000,0.09382578,0.12128088,0.39985080,0.00000000
-2.71035518,1.37024638,0.55830695,0.47019741,0.38208327,0.00000000,0.09254966,0.12011299,0.39290374,0.00000000
-2.70435218,1.34153197,0.56245775,0.45756020,0.37750431,0.00000000,0.09086506,0.11916868,0.38705780,0.00000000
-2.69834917,1.31219488,0.56886477,0.44417381,0.37337925,0.00000000,0.08877618,0.11853167,0.38244233,0.00000000
-2.69234617,1.28266302,0.57773414,0.43018241,0.36976412,0.00000000,0.08630043,0.11827786,0.37917465,0.00000000
-2.68634317,1.25341485,0.58922550,0.41576056,0.36672356,0.00000000,0.08346807,0.11847306,0.37735723,0.00000000
-2.68034017,1.22496837,0.60344639,0.40110956,0.36432844,0.00000000,0.08032140,0.11917104,0.37707540,0.00000000
-2.67433717,1.19786902,0.62044834,0.38645300,0.36265338,0.00000000,0.07691357,0.12041221,0.37839553,0.00000000
-2.66833417,1.17267723,0.64022482,0.37203167,0.36177463,0.00000000,0.07330700,0.12222275,0.38136408,0.00000000
-2.66233117,1.14995632,0.66271119,0.35809821,0.36176822,0.00000000,0.06957160,0.12461441,0.38600742,0.00000000
-2.65632816,1.13026118,0.68778662,0.34491163,0.36270878,0.00000000,0.06578275,0.12758484,0.39233253,0.00000000
-2.65032516,1.11412832,0.71527785,0.33273198,0.36466888,0.00000000,0.06201919,0.13111841,0.40032866,0.00000000
-2.64432216,1.10206744,0.74496460,0.32181529,0.36771907,0.00000000,0.05836096,0.13518759,0.40996965,0.00000000
-2.63831916,1.09455465,0.77658623,0.31240892,0.37192838,0.00000000,0.05488731,0.13975461,0.42121693,0.00000000
-2.63231616,1.09202735,0.80984938,0.30474738,0.37736520,0.00000000,0.05167478,0.14477345,0.43402297,0.00000000
-2.62631316,1.09488045,0.84443603,0.29904869,0.38409845,0.00000000,0.04879540,0.15019195,0.44833493,0.00000000
-2.62031016,1.10346360,0.88001160,0.29551109,0.39219855,0.00000000,0.04631509,0.15595399,0.46409816,0.00000000
-2.61430715,1.11807912,0.91623273,0.29431022,0.40173818,0.00000000,0.04429231,0.16200158,0.48125949,0.00000000
-2.60830415,1.13898009,0.95275428,0.29559654,0.41279245,0.00000000,0.04277683,0.16827681,0.49976990,0.00000000
-2.60230115,1.16636812,0.98923529,0.29949300,0.42543826,0.00000000,0.04180882,0.17472351,0.51958641,0.00000000
-2.59629815,1.20039056,1.02534381,0.30609273,0.43975270,0.00000000,0.04141807,0.18128873,0.54067310,0.00000000
-2.59029515,1.24113675,1.06076043,0.31545684,0.45581038,0.00000000,0.04162341,0.18792372,0.56300100,0.00000000
-2.58429215,1.28863323,1.09518062,0.32761221,0.47367963,0.00000000,0.04243238,0.19458471,0.58654703,0.00000000
-2.57828914,1.34283800,1.12831598,0.34254916,0.49341768,0.00000000,0.04384096,0.20123330,0.61129188,0.00000000
-2.57228614,1.40363389,1.15989474,0.36021938,0.51506492,0.00000000,0.04583362,0.20783656,0.63721701,0.00000000
-2.56628314,1.47082143,1.18966166,0.38053382,0.53863857,0.00000000,0.04838340,0.21436692,0.66430089,0.00000000
-2.56028014,1.54411180,1.21737782,0.40336096,0.56412594,0.00000000,0.05145227,0.22080178,0.69251484,0.00000000
-2.55427714,1.62312026,1.24282044,0.42852553,0.59147782,0.00000000,0.05499164,0.22712308,0.72181848,0.00000000
-2.54827414,1.70736080,1.26578323,0.45580787,0.62060231,0.00000000,0.05894305,0.23331677,0.75215538,0.00000000
-2.54227114,1.79624270,1.28607721,0.48494411,0.65135951,0.00000000,0.06323915,0.23937218,0.78344882,0.00000000
-2.53626813,1.88906947,1.30353244,0.51562745,0.68355757,0.00000000,0.06780476,0.24528152,0.81559832,0.00000000
-2.53026513,1.98504082,1.31800037,0.54751053,0.71695037,0.00000000,0.07255831,0.25103931,0.84847674,0.00000000
-2.52426213,2.08325798,1.32935698,0.58020916,0.75123716,0.00000000,0.07741334,0.25664199,0.88192844,0.00000000
-2.51825913,2.18273263,1.33750635,0.61330739,0.78606447,0.00000000,0.08228026,0.26208743,0.91576857,0.00000000
-2.51225613,2.28239954,1.34238452,0.64636390,0.82103025,0.00000000,0.08706824,0.26737464,0.94978335,0.00000000
-2.50625313,2.38113264,1.34396322,0.67891967,0.85569030,0.00000000,0.09168724,0.27250343,0.98373167,0.00000000
-2.50025013,2.47776438,1.34225314,0.71050670,0.88956697,0.00000000,0.09605002,0.27747407,1.01734772,0.00000000
-2.49424712,2.57110764,1.33730656,0.74065772,0.92215978,0.00000000,0.10007419,0.28228700,1.05034464,0.00000000
-2.48824412,2.65997980,1.32921866,0.76891635,0.95295769,0.00000000,0.10368419,0.28694243,1.08241910,0.00000000
-2.48224112,2.74322784,1.31812774,0.79484763,0.98145256,0.00000000,0.10681306,0.29143995,1.11325655,0.00000000
-2.47623812,2.81975394,1.30421375,0.81804841,1.00715345,0.00000000,0.10940404,0.29577810,1.14253701,0.00000000
-2.47023512,2.88854043,1.28769544,0.83815725,1.02960106,0.00000000,0.11141187,0.29995386,1.16994117,0.00000000
-2.46423212,2.94867330,1.26882597,0.85486351,1.04838189,0.00000000,0.11280369,0.30396215,1.19515662,0.00000000
-2.45822911,2.99936342,1.24788719,0.86791516,1.06314155,0.00000000,0.11355969,0.30779533,1.21788392,0.00000000
-2.45222611,3.03996479,1.22518300,0.87712521,1.07359668,0.00000000,0.11367322,0.31144280,1.23784252,0.00000000
-2.44622311,3.06998907,1.20103190,0.88237629,1.07954516,0.00000000,0.11315055,0.31489062,1.25477613,0.00000000
-2.44022011,3.08911612,1.17575936,0.88362337,1.08087409,0.00000000,0.11201029,0.31812134,1.26845758,0.00000000
-2.43421711,3.09720026,1.14969025,0.88089446,1.07756532,0.00000000,0.11028235,0.32111400,1.27869309,0.00000000
-2.42821411,3.09427211,1.12314186,0.87428932,1.06969846,0.00000000,0.10800663,0.32384438,1.28532577,0.00000000
-2.42221111,3.08053622,1.09641787,0.86397623,1.05745109,0.00000000,0.10523148,0.32628551,1.28823836,0.00000000
-2.41620810,3.05636474,1.06980351,0.85018699,1.04109640,0.00000000,0.10201193,0.32840850,1.28735538,0.00000000
-2.41020510,3.02228753,1.04356226,0.83321041,1.02099829,0.00000000,0.09840787,0.33018360,1.28264451,0.00000000
-2.40420210,2.97897937,1.01793406,0.81338453,0.99760409,0.00000000,0.09448213,0.33158165,1.27411731,0.00000000
-2.39819910,2.92724461,0.99313520,0.79108787,0.97143537,0.00000000,0.09029864,0.33257566,1.26182947,0.00000000
-2.39219610,2.86800014,0.96935964,0.76673011,0.94307686,0.00000000,0.08592077,0.33314265,1.24588047,0.00000000
-2.38619310,2.80225714,0.94678158,0.74074250,0.91316413,0.00000000,0.08140970,0.33326559,1.22641284,0.00000000
-2.38019010,2.73110203,0.92555898,0.71356824,0.88237016,0.00000000,0.07682319,0.33293532,1.20361093,0.00000000
-2.37418709,2.65567731,0.90583764,0.68565325,0.85139121,0.00000000,0.07221440,0.33215239,1.17769933,0.00000000
-2.36818409,2.57716231,0.88775528,0.65743744,0.82093240,0.00000000,0.06763121,0.33092872,1.14894083,0.00000000
-2.36218109,2.49675429,0.87144526,0.62934665,0.79169305,0.00000000,0.06311558,0.32928884,1.11763385,0.00000000
-2.35617809,2.41564984,0.85703946,0.60178548,0.76435221,0.00000000,0.05870337,0.32727073,1.08410943,0.00000000
-2.35017509,2.33502665,0.84466980,0.57513099,0.73955455,0.00000000,0.05442428,0.32492612,1.04872747,0.00000000
-2.34417209,2.25602556,0.83446823,0.54972723,0.71789664,0.00000000,0.05030204,0.32232006,1.01187239,0.00000000
-2.33816908,2.17973287,0.82656480,0.52588074,0.69991396,0.00000000,0.04635479,0.31952989,0.97394792,0.00000000
-2.33216608,2.10716284,0.82108386,0.50385678,0.68606864,0.00000000,0.04259552,0.31664348,0.93537112,0.00000000
-2.32616308,2.03924032,0.81813835,0.48387633,0.67673817,0.00000000,0.03903273,0.31375673,0.89656560,0.00000000
-2.32016008,1.97678385,0.81782243,0.46611386,0.67220524,0.00000000,0.03567098,0.31097058,0.85795397,0.00000000
-2.31415708,1.92048922,0.82020287,0.45069560,0.67264884,0.00000000,0.03251158,0.30838738,0.81994967,0.00000000
-2.30815408,1.87091410,0.82530957,0.43769858,0.67813709,0.00000000,0.02955317,0.30610700,0.78294831,0.00000000
-2.30215108,1.82846411,0.83312596,0.42715022,0.68862180,0.00000000,0.02679234,0.30422271,0.74731887,0.00000000
-2.29614807,1.79338105,0.84357989,0.41902851,0.70393533,0.00000000,0.02422408,0.30281715,0.71339490,0.00000000
-2.29014507,1.76573393,0.85653570,0.41326306,0.72378988,0.00000000,0.02184227,0.30195841,0.68146629,0.00000000
-2.28414207,1.74541357,0.87178816,0.40973673,0.74777966,0.00000000,0.01964000,0.30169665,0.65177171,0.00000000
-2.27813907,1.73213132,0.88905899,0.40828827,0.77538606,0.00000000,0.01760989,0.30206130,0.62449228,0.00000000
-2.27213607,1.72542268,0.90799631,0.40871567,0.80598613,0.00000000,0.01574426,0.30305901,0.59974677,0.00000000
-2.26613307,1.72465594,0.92817746,0.41078062,0.83886430,0.00000000,0.01403531,0.30467255,0.57758856,0.00000000
-2.26013007,1.72904627,0.94911533,0.41421378,0.87322745,0.00000000,0.01247523,0.30686059,0.55800466,0.00000000
-2.25412706,1.73767495,0.97026810,0.41872093,0.90822290,0.00000000,0.01105621,0.30955856,0.54091683,0.00000000
-2.24812406,1.74951358,0.99105217,0.42399000,0.94295915,0.00000000,0.00977059,0.31268041,0.52618497,0.00000000
-2.24212106,1.76345245,1.01085780,0.42969858,0.97652864,0.00000000,0.00861078,0.31612121,0.51361257,0.00000000
-2.23611806,1.77833230,1.02906683,0.43552201,1.00803196,0.00000000,0.00756935,0.31976054,0.50295409,0.00000000
-2.23011506,1.79297818,1.04507159,0.44114158,1.03660264,0.00000000,0.00663906,0.32346645,0.49392407,0.00000000
-2.22411206,1.80623446,1.05829433,0.44625265,1.06143160,0.00000000,0.00581290,0.32709981,0.48620739,0.00000000
-2.21810905,1.81699921,1.06820603,0.45057247,1.08179035,0.00000000,0.00508410,0.33051882,0.47947056,0.00000000
-2.21210605,1.82425698,1.07434388,0.45384735,1.09705198,0.00000000,0.00444628,0.33358367,0.47337325,0.00000000
-2.20610305,1.82710848,1.07632649,0.45585891,1.10670911,0.00000000,0.00389344,0.33616086,0.46757984,0.00000000
-2.20010005,1.82479610,1.07386622,0.45642929,1.11038800,0.00000000,0.00342012,0.33812737,0.46177040,0.00000000
-2.19409705,1.81672433,1.06677807,0.45542504,1.10785829,0.00000000,0.00302143,0.33937430,0.45565063,0.00000000
-2.18809405,1.80247449,1.05498473,0.45275964,1.09903794,0.00000000,0.00269317,0.33981000,0.44896052,0.00000000
-2.18209105,1.78181324,1.03851783,0.44839460,1.08399322,0.00000000,0.00243191,0.33936262,0.44148138,0.00000000
-2.17608804,1.75469498,1.01751527,0.44233910,1.06293386,0.00000000,0.00223506,0.33798201,0.43304094,0.00000000
-2.17008504,1.72125819,0.99221498,0.43464831,1.03620358,0.00000000,0.00210089,0.33564103,0.42351664,0.00000000
-2.16408204,1.68181611,0.96294560,0.42542047,1.00426652,0.00000000,0.00202861,0.33233620,0.41283686,0.00000000
-2.15807904,1.63684260,0.93011447,0.41479288,0.96769029,0.00000000,0.00201835,0.32808780,0.40098034,0.00000000
-2.15207604,1.58695371,0.89419371,0.40293704,0.92712641,0.00000000,0.00207113,0.32293935,0.38797384,0.00000000
-2.14607304,1.53288602,0.85570503,0.39005304,0.88328891,0.00000000,0.00218878,0.31695662,0.37388838,0.00000000
-2.14007004,1.47547260,0.81520393,0.37636352,0.83693223,0.00000000,0.00237390,0.31022608,0.35883411,0.00000000
-2.13406703,1.41561746,0.77326386,0.36210732,0.78882912,0.00000000,0.00262964,0.30285294,0.34295447,0.00000000
-2.12806403,1.35426943,0.73046113,0.34753300,0.73974937,0.00000000,0.00295958,0.29495863,0.32641951,0.00000000
-2.12206103,1.29239612,0.68736080,0.33289239,0.69044024,0.00000000,0.00336749,0.28667797,0.30941907,0.00000000
-2.11605803,1.23095873,0.64450406,0.31843434,0.64160904,0.00000000,0.00385711,0.27815582,0.29215583,0.00000000
-2.11005503,1.17088816,0.60239731,0.30439874,0.59390833,0.00000000,0.00443181,0.26954345,0.27483869,0.00000000
-2.10405203,1.11306306,0.56150316,0.29101088,0.54792408,0.00000000,0.00509435,0.26099452,0.25767657,0.00000000
-2.09804902,1.05828993,0.52223331,0.27847639,0.50416682,0.00000000,0.00584651,0.25266087,0.24087283,0.00000000
-2.09204602,1.00728582,0.48494339,0.26697653,0.46306594,0.00000000,0.00668880,0.24468813,0.22462055,0.00000000
-2.08604302,0.96066369,0.44992955,0.25666424,0.42496681,0.00000000,0.00762017,0.23721133,0.20909858,0.00000000
-2.08004002,0.91892075,0.41742686,0.24766081,0.39013064,0.00000000,0.00863765,0.23035054,0.19446861,0.00000000
-2.07403702,0.88242985,0.38760920,0.24005325,0.35873675,0.00000000,0.00973617,0.22420692,0.18087311,0.00000000
-2.06803402,0.85143416,0.36059047,0.23389255,0.33088690,0.00000000,0.01090837,0.21885904,0.16843414,0.00000000
-2.06203102,0.82604519,0.33642720,0.22919274,0.30661123,0.00000000,0.01214444,0.21435996,0.15725310,0.00000000
-2.05602801,0.80624425,0.31512200,0.22593100,0.28587559,0.00000000,0.01343213,0.21073500,0.14741113,0.00000000
-2.05002501,0.79188731,0.29662814,0.22404865,0.26858979,0.00000000,0.01475676,0.20798044,0.13897023,0.00000000
-2.04402201,0.78271340,0.28085472,0.22345325,0.25461644,0.00000000,0.01610146,0.20606324,0.13197493,0.00000000
-2.03801901,0.77835611,0.26767262,0.22402163,0.24378010,0.00000000,0.01744739,0.20492193,0.12645427,0.00000000
-2.03201601,0.77835829,0.25692088,0.22560400,0.23587640,0.00000000,0.01877410,0.20446856,0.12242418,0.00000000
-2.02601301,0.78218928,0.24841347,0.22802885,0.23068095,0.00000000,0.02006005,0.20459176,0.11988986,0.00000000
-2.02001001,0.78926443,0.24194631,0.23110868,0.22795781,0.00000000,0.02128315,0.20516084,0.11884826,0.00000000
-2.01400700,0.79896623,0.23730436,0.23464636,0.22746725,0.00000000,0.02242134,0.20603081,0.11929033,0.00000000
-2.00800400,0.81066630,0.23426860,0.23844184,0.22897278,0.00000000,0.02345330,0.20704802,0.12120309,0.00000000
-2.00200100,0.82374765,0.23262286,0.24229917,0.23224722,0.00000000,0.02435911,0.20805636,0.12457134,0.00000000
-1.99599800,0.83762633,0.23216015,0.24603328,0.23707774,0.00000000,0.02512089,0.20890364,0.12937893,0.00000000
-1.98999500,0.85177165,0.23268849,0.24947664,0.24326987,0.00000000,0.02572345,0.20944798,0.13560958,0.00000000
-1.98399200,0.86572438,0.23403599,0.25248524,0.25065036,0.00000000,0.02615484,0.20956391,0.14324730,0.00000000
-1.97798899,0.87911214,0.23605517,0.25494378,0.25906896,0.00000000,0.02640677,0.20914782,0.15227628,0.00000000
-1.97198599,0.89166154,0.23862632,0.25677000,0.26839918,0.00000000,0.02647500,0.20812283,0.16268045,0.00000000
-1.96598299,0.90320669,0.24165984,0.25791770,0.27853807,0.00000000,0.02635949,0.20644247,0.17444276,0.00000000
-1.95997999,0.91369387,0.24509772,0.25837866,0.28940526,0.00000000,0.02606453,0.20409343,0.18754421,0.00000000
-1.95397699,0.92318237,0.24891388,0.25818322,0.30094124,0.00000000,0.02559859,0.20109704,0.20196290,0.00000000
-1.94797399,0.93184153,0.25311371,0.25739959,0.31310521,0.00000000,0.02497416,0.19750949,0.21767306,0.00000000
-1.94197099,0.93994445,0.25773265,0.25613190,0.32587271,0.00000000,0.02420737,0.19342088,0.23464431,0.00000000
-1.93596798,0.94785861,0.26283406,0.25451719,0.33923304,0.00000000,0.02331754,0.18895303,0.25284120,0.00000000
-1.92996498,0.95603388,0.26850647,0.25272133,0.35318683,0.00000000,0.02232664,0.18425632,0.27222303,0.00000000
-1.92396198,0.96498857,0.27486016,0.25093420,0.36774378,0.00000000,0.02125868,0.17950549,0.29274413,0.00000000
-1.91795898,0.97529385,0.28202337,0.24936408,0.38292075,0.00000000,0.02013906,0.17489471,0.31435434,0.00000000
-1.91195598,0.98755705,0.29013807,0.24823164,0.39874014,0.00000000,0.01899392,0.17063201,0.33699990,0.00000000
-1.90595298,1.00240425,0.29935541,0.24776356,0.41522865,0.00000000,0.01784949,0.16693328,0.36062433,0.00000000
-1.89994997,1.02046239,0.30983082,0.24818597,0.43241620,0.00000000,0.01673148,0.16401592,0.38516934,0.00000000
-1.89394697,1.04234122,0.32171885,0.24971779,0.45033508,0.00000000,0.01566455,0.16209244,0.41057545,0.00000000
-1.88794397,1.06861505,0.33516770,0.25256417,0.46901895,0.00000000,0.01467179,0.16136396,0.43678227,0.00000000
-1.88194097,1.09980453,0.35031340,0.25691008,0.48850166,0.00000000,0.01377437,0.16201400,0.46372796,0.00000000
-1.87593797,1.13635853,0.36727381,0.26291414,0.50881563,0.00000000,0.01299115,0.16420237,0.49134810,0.00000000
-1.86993497,1.17863616,0.38614226,0.27070277,0.52998963,0.00000000,0.01233846,0.16805962,0.51957355,0.00000000
-1.86393197,1.22688918,0.40698119,0.28036479,0.55204586,0.00000000,0.01182991,0.17368191,0.54832740,0.00000000
-1.85792896,1.28124503,0.42981562,0.29194660,0.57499631,0.00000000,0.01147629,0.18112649,0.57752112,0.00000000
-1.85192596,1.34169096,0.45462697,0.30544799,0.59883831,0.00000000,0.01128547,0.19040800,0.60705005,0.00000000
-1.84592296,1.40805987,0.48134715,0.32081880,0.62354956,0.00000000,0.01126243,0.20149561,0.63678843,0.00000000
-1.83991996,1.48001835,0.50985354,0.33795662,0.64908271,0.00000000,0.01140925,0.21431118,0.66658441,0.00000000
-1.83391696,1.55705801,0.53996494,0.35670556,0.67535991,0.00000000,0.01172515,0.22872852,0.69625547,0.00000000
-1.82791396,1.63849074,0.57143899,0.37685649,0.70226759,0.00000000,0.01220654,0.24457394,0.72558468,0.00000000
-1.82191096,1.72344881,0.60397141,0.39814866,0.72965191,0.00000000,0.01284711,0.26162811,0.75431816,0.00000000
-1.81590795,1.81089063,0.63719718,0.42027303,0.75731544,0.00000000,0.01363792,0.27962931,0.78216446,0.00000000
-1.80990495,1.89961274,0.67069426,0.44287727,0.78501518,0.00000000,0.01456746,0.29827813,0.80879593,0.00000000
-1.80390195,1.98826833,0.70398957,0.46557245,0.81246267,0.00000000,0.01562182,0.31724352,0.83385248,0.00000000
-1.79789895,2.07539250,0.73656763,0.48794140,0.83932604,0.00000000,0.01678479,0.33617020,0.85694781,0.00000000
-1.79189595,2.15943381,0.76788155,0.50954853,0.86523454,0.00000000,0.01803805,0.35468717,0.87767810,0.00000000
-1.78589295,2.23879159,0.79736613,0.52995089,0.88978529,0.00000000,0.01936140,0.37241715,0.89563292,0.00000000
-1.77988994,2.31185788,0.82445282,0.54871012,0.91255230,0.00000000,0.02073297,0.38898668,0.91040787,0.00000000
-1.77388694,2.37706264,0.84858591,0.56540493,0.93309743,0.00000000,0.02212956,0.40403657,0.92161867,0.00000000
-1.76788394,2.43292054,0.86923931,0.57964358,0.95098294,0.00000000,0.02352699,0.41723222,0.92891576,0.00000000
-1.76188094,2.47807752,0.88593338,0.59107589,0.96578511,0.00000000,0.02490053,0.42827353,0.93199889,0.00000000
-1.75587794,2.51135498,0.89825094,0.59940435,0.97710831,0.00000000,0.02622530,0.43690404,0.93063076,0.00000000
-1.74987494,2.53178989,0.90585177,0.60439366,0.98459894,0.00000000,0.02747684,0.44291871,0.92464910,0.00000000
-1.74387194,2.53866870,0.90848499,0.60587854,0.98795860,0.00000000,0.02863161,0.44617028,0.91397638,0.00000000
-1.73786893,2.53155376,0.90599872,0.60376921,0.98695575,0.00000000,0.02966752,0.44657380,0.89862666,0.00000000
-1.73186593,2.51030077,0.89834651,0.59805441,0.98143553,0.00000000,0.03056452,0.44410912,0.87870910,0.00000000
-1.72586293,2.47506663,0.88559037,0.58880189,0.97132697,0.00000000,0.03130508,0.43882133,0.85442792,0.00000000
-1.71985993,2.42630719,0.86790015,0.57615617,0.95664761,0.00000000,0.03187469,0.43081911,0.82607872,0.00000000
-1.71385693,2.36476523,0.84554937,0.56033390,0.93750495,0.00000000,0.03226231,0.42027106,0.79404140,0.00000000
-1.70785393,2.29144906,0.81890781,0.54161685,0.91409501,0.00000000,0.03246067,0.40740025,0.75876991,0.00000000
-1.70185093,2.20760302,0.78843114,0.52034313,0.88669786,0.00000000,0.03246653,0.39247728,0.72077937,0.00000000
-1.69584792,2.11467103,0.75464810,0.49689671,0.85567043,0.00000000,0.03228081,0.37581204,0.68063125,0.00000000
-1.68984492,2.01425515,0.71814595,0.47169605,0.82143700,0.00000000,0.03190861,0.35774481,0.63891715,0.00000000
-1.68384192,1.90807070,0.67955472,0.44518212,0.78447762,0.00000000,0.03135906,0.33863676,0.59624213,0.00000000
-1.67783892,1.79790007,0.63953107,0.41780637,0.74531520,0.00000000,0.03064511,0.31886063,0.55320813,0.00000000
-1.67183592,1.68554689,0.59874231,0.39001920,0.70450168,0.00000000,0.02978314,0.29879157,0.51039826,0.00000000
-1.66583292,1.57279235,0.55785123,0.36225913,0.66260373,0.00000000,0.02879249,0.27879885,0.46836262,0.00000000
-1.65982991,1.46135514,0.51750227,0.33494334,0.62018885,0.00000000,0.02769490,0.25923835,0.42760594,0.00000000
-1.65382691,1.35285608,0.47830939,0.30845946,0.57781194,0.00000000,0.02651385,0.24044633,0.38857762,0.00000000
-1.64782391,1.24878846,0.44084590,0.28315909,0.53600315,0.00000000,0.02527389,0.22273437,0.35166413,0.00000000
-1.64182091,1.15049441,0.40563638,0.25935294,0.49525707,0.00000000,0.02399988,0.20638567,0.31718416,0.00000000
-1.63581791,1.05914758,0.37315080,0.23730764,0.45602377,0.00000000,0.02271632,0.19165255,0.28538611,0.00000000
-1.62981491,0.97574193,0.34380057,0.21724409,0.41870165,0.00000000,0.02144665,0.17875512,0.25644803,0.00000000
-1.62381191,0.90108621,0.31793635,0.19933724,0.38363237,0.00000000,0.02021257,0.16788091,0.23047963,0.00000000
-1.61780890,0.83580352,0.29584747,0.18371706,0.35109776,0.00000000,0.01903353,0.15918524,0.20752609,0.00000000
-1.61180590,0.78033511,0.27776240,0.17047038,0.32131860,0.00000000,0.01792624,0.15279213,0.18757333,0.00000000
-1.60580290,0.73494762,0.26385009,0.15964358,0.29445529,0.00000000,0.01690427,0.14879547,0.17055434,0.00000000
-1.59979990,0.69974277,0.25422175,0.15124554,0.27061001,0.00000000,0.01597784,0.14726019,0.15635628,0.00000000
-1.59379690,0.67466871,0.24893274,0.14525099,0.24983024,0.00000000,0.01515367,0.14822324,0.14482800,0.00000000
-1.58779390,0.65953229,0.24798440,0.14160376,0.23211347,0.00000000,0.01443496,0.15169433,0.13578772,0.00000000
-1.58179090,0.65401143,0.25132551,0.14021996,0.21741260,0.00000000,0.01382152,0.15765602,0.12903057,0.00000000
-1.57578789,0.65766736,0.25885334,0.14099091,0.20564201,0.00000000,0.01330994,0.16606349,0.12433590,0.00000000
-1.56978489,0.66995616,0.27041438,0.14378575,0.19668383,0.00000000,0.01289395,0.17684368,0.12147414,0.00000000
-1.56378189,0.69023963,0.28580457,0.14845373,0.19039437,0.00000000,0.01256476,0.18989404,0.12021312,0.00000000
-1.55777889,0.71779537,0.30476954,0.15482630,0.18661033,0.00000000,0.01231155,0.20508113,0.12032376,0.00000000
-1.55177589,0.75182630,0.32700473,0.16271881,0.18515469,0.00000000,0.01212194,0.22223898,0.12158517,0.00000000
-1.54577289,0.79146986,0.35215600,0.17193229,0.18584219,0.00000000,0.01198252,0.24116783,0.12378893,0.00000000
-1.53976988,0.83580714,0.37982084,0.18225503,0.18848411,0.00000000,0.01187939,0.26163320,0.12674276,0.00000000
-1.53376688,0.88387246,0.40955048,0.19346435,0.19289251,0.00000000,0.01179866,0.28336576,0.13027342,0.00000000
-1.52776388,0.93466356,0.44085337,0.20532859,0.19888357,0.00000000,0.01172691,0.30606220,0.13422879,0.00000000
-1.52176088,0.98715288,0.47320008,0.21760936,0.20628034,0.00000000,0.01165169,0.32938734,0.13847928,0.00000000
-1.51575788,1.04030004,0.50602986,0.23006416,0.21491467,0.00000000,0.01156184,0.35297762,0.14291844,0.00000000
-1.50975488,1.09306563,0.53875892,0.24244948,0.22462833,0.00000000,0.01144786,0.37644608,0.14746276,0.00000000
-1.50375188,1.14442634,0.57079038,0.25452419,0.23527356,0.00000000,0.01130209,0.39938891,0.15205075,0.00000000
-1.49774887,1.19339118,0.60152576,0.26605345,0.24671287,0.00000000,0.01111894,0.42139331,0.15664134,0.00000000
-1.49174587,1.23901856,0.63037768,0.27681276,0.25881836,0.00000000,0.01089494,0.44204666,0.16121157,0.00000000
-1.48574287,1.28043367,0.65678344,0.28659228,0.27147055,0.00000000,0.01062879,0.46094659,0.16575370,0.00000000
-1.47973987,1.31684572,0.68021897,0.29520118,0.28455680,0.00000000,0.01032129,0.47771165,0.17027191,0.00000000
-1.47373687,1.34756431,0.70021268,0.30247178,0.29796960,0.00000000,0.00997526,0.49199212,0.17477860,0.00000000
-1.46773387,1.37201434,0.71635856,0.30826347,0.31160475,0.00000000,0.00959540,0.50348047,0.17929060,0.00000000
-1.46173087,1.38974880,0.72832798,0.31246605,0.32535954,0.00000000,0.00918809,0.51192111,0.18382529,0.00000000
-1.45572786,1.40045881,0.73587970,0.31500251,0.33913128,0.00000000,0.00876122,0.51711874,0.18839705,0.00000000
-1.44972486,1.40398042,0.73886752,0.31583093,0.35281612,0.00000000,0.00832396,0.51894513,0.19301395,0.00000000
-1.44372186,1.40029791,0.73724526,0.31494557,0.36630849,0.00000000,0.00788657,0.51734377,0.19767520,0.00000000
-1.43771886,1.38954316,0.73106882,0.31237691,0.37950118,0.00000000,0.00746017,0.51233229,0.20236915,0.00000000
-1.43171586,1.37199137,0.72049508,0.30819081,0.39228616,0.00000000,0.00705660,0.50400241,0.20707231,0.00000000
-1.42571286,1.34805303,0.70577779,0.30248659,0.40455638,0.00000000,0.00668822,0.49251742,0.21174929,0.00000000
-1.41970985,1.31826261,0.68726056,0.29539433,0.41620822,0.00000000,0.00636778,0.47810736,0.21635367,0.00000000
-1.41370685,1.28326438,0.66536727,0.28707137,0.42714500,0.00000000,0.00610829,0.46106204,0.22083001,0.00000000
-1.40770385,1.24379597,0.64059024,0.27769812,0.43728103,0.00000000,0.00592288,0.44172225,0.22511667,0.00000000
-1.40170085,1.20067039,0.61347674,0.26747350,0.44654633,0.00000000,0.00582470,0.42046958,0.22914949,0.00000000
-1.39569785,1.15475709,0.58461442,0.25661001,0.45489164,0.00000000,0.00582682,0.39771535,0.23286611,0.00000000
-1.38969485,1.10696290,0.55461612,0.24532872,0.46229355,0.00000000,0.00594203,0.37388900,0.23621067,0.00000000
-1.38369185,1.05821333,0.52410479,0.23385433,0.46875938,0.00000000,0.00618275,0.34942668,0.23913878,0.00000000
-1.37768884,1.00943494,0.49369892,0.22241044,0.47433154,0.00000000,0.00656079,0.32476021,0.24162237,0.00000000
-1.37168584,0.96153907,0.46399910,0.21121511,0.47909099,0.00000000,0.00708709,0.30030708,0.24365417,0.00000000
-1.36568284,0.91540744,0.43557589,0.20047691,0.48315958,0.00000000,0.00777149,0.27646166,0.24525169,0.00000000
-1.35967984,0.87187952,0.40895959,0.19039144,0.48670088,0.00000000,0.00862235,0.25358791,0.24646039,0.00000000
-1.35367684,0.83174208,0.38463174,0.18113836,0.48991955,0.00000000,0.00964620,0.23201380,0.24735584,0.00000000
-1.34767384,0.79572052,0.36301879,0.17287902,0.49305881,0.00000000,0.01084732,0.21202741,0.24804479,0.00000000
-1.34167084,0.76447206,0.34448757,0.16575449,0.49639625,0.00000000,0.01222729,0.19387474,0.24866511,0.00000000
-1.33566783,0.73858058,0.32934283,0.15988422,0.50023797,0.00000000,0.01378462,0.17775901,0.24938444,0.00000000
-1.32966483,0.71855267,0.31782633,0.15536500,0.50491118,0.00000000,0.01551428,0.16384139,0.25039771,0.00000000
-1.32366183,0.70481486,0.31011757,0.15227042,0.51075552,0.00000000,0.01740739,0.15224286,0.25192364,0.00000000
-1.31765883,0.69771168,0.30633565,0.15065059,0.51811352,0.00000000,0.01945091,0.14304681,0.25420013,0.00000000
-1.31165583,0.69750434,0.30654221,0.15053219,0.52732042,0.00000000,0.02162747,0.13630237,0.25747898,0.00000000
-1.30565283,0.70436986,0.31074504,0.15191876,0.53869383,0.00000000,0.02391534,0.13202786,0.26201993,0.00000000
-1.29964982,0.71840061,0.31890224,0.15479129,0.55252370,0.00000000,0.02628850,0.13021436,0.26808423,0.00000000
-1.29364682,0.73960415,0.33092650,0.15910891,0.56906284,0.00000000,0.02871693,0.13082906,0.27592799,0.00000000
-1.28764382,0.76790327,0.34668962,0.16480990,0.58851836,0.00000000,0.03116707,0.13381819,0.28579538,0.00000000
-1.28164082,0.80313652,0.36602678,0.17181286,0.61104441,0.00000000,0.03360238,0.13910950,0.29791200,0.00000000
-1.27563782,0.84505900,0.38874068,0.18001810,0.63673620,0.00000000,0.03598422,0.14661410,0.31247830,0.00000000
-1.26963482,0.89334375,0.41460537,0.18930922,0.66562566,0.00000000,0.03827270,0.15622778,0.32966350,0.00000000
-1.26363182,0.94758372,0.44336969,0.19955494,0.69767853,0.00000000,0.04042775,0.16783173,0.34959975,0.00000000
-1.25762881,1.00729451,0.47476047,0.21061109,0.73279305,0.00000000,0.04241031,0.18129282,0.37237699,0.00000000
-1.25162581,1.07191794,0.50848526,0.22232284,0.77080000,0.00000000,0.04418340,0.19646356,0.39803824,0.00000000
-1.24562281,1.14082662,0.54423494,0.23452702,0.81146415,0.00000000,0.04571337,0.21318183,0.42657575,0.00000000
-1.23961981,1.21332972,0.58168597,0.24705471,0.85448674,0.00000000,0.04697092,0.23127072,0.45792777,0.00000000
-1.23361681,1.28867978,0.62050273,0.25973380,0.89950914,0.00000000,0.04793214,0.25053843,0.49197637,0.00000000
-1.22761381,1.36608098,0.66033968,0.27239180,0.94611735,0.00000000,0.04857931,0.27077864,0.52854619,0.00000000
-1.22161081,1.44469869,0.70084381,0.28485852,0.99384740,0.00000000,0.04890155,0.29177131,0.56740429,0.00000000
-1.21560780,1.52367043,0.74165721,0.29696892,1.04219163,0.00000000,0.04889524,0.31328420,0.60826140,0.00000000
-1.20960480,1.60211824,0.78242003,0.30856583,1.09060571,0.00000000,0.04856419,0.33507510,0.65077437,0.00000000
-1.20360180,1.67916242,0.82277391,0.31950265,1.13851660,0.00000000,0.04791957,0.35689484,0.69455029,0.00000000
-1.19759880,1.75393650,0.86236579,0.32964595,1.18533146,0.00000000,0.04697964,0.37849103,0.73915197,0.00000000
-1.19159580,1.82560324,0.90085231,0.33887793,1.23044749,0.00000000,0.04576920,0.39961266,0.78410516,0.00000000
-1.18559280,1.89337154,0.93790467,0.34709871,1.27326275,0.00000000,0.04431888,0.42001507,0.82890719,0.00000000
-1.17958979,1.95651370,0.97321380,0.35422842,1.31318790,0.00000000,0.04266427,0.43946559,0.87303702,0.00000000
-1.17358679,2.01438283,1.00649598,0.36020902,1.34965887,0.00000000,0.04084496,0.45774919,0.91596655,0.00000000
-1.16758379,2.06642974,1.03749846,0.36500584,1.38214998,0.00000000,0.03890344,0.47467427,0.95717288,0.00000000
-1.16158079,2.11221877,1.06600507,0.36860880,1.41018745,0.00000000,0.03688407,0.49007810,0.99615110,0.00000000
-1.15557779,2.15144198,1.09184154,0.37103314,1.43336281,0.00000000,0.03483197,0.50383180,1.03242736,0.00000000
-1.14957479,2.18393104,1.11488027,0.37231976,1.45134564,0.00000000,0.03279203,0.51584440,1.06557157,0.00000000
-1.14357179,2.20966601,1.13504430,0.37253508,1.46389520,0.00000000,0.03080797,0.52606608,1.09520937,0.00000000
-1.13756878,2.22878065,1.15231025,0.37177018,1.47087021,0.00000000,0.02892149,0.53449005,1.12103281,0.00000000
-1.13156578,2.24156349,1.16671004,0.37013950,1.47223640,0.00000000,0.02717154,0.54115317,1.14280924,0.00000000
-1.12556278,2.24845436,1.17833106,0.36777876,1.46807102,0.00000000,0.02559373,0.54613509,1.16038797,0.00000000
-1.11955978,2.25003605,1.18731492,0.36484229,1.45856402,0.00000000,0.02421979,0.54955597,1.17370449,0.00000000
-1.11355678,2.24702097,1.19385434,0.36149965,1.44401557,0.00000000,0.02307723,0.55157278,1.18278170,0.00000000
-1.10755378,2.24023305,1.19818845,0.35793164,1.42482970,0.00000000,0.02218899,0.55237426,1.18772826,0.00000000
-1.10155078,2.23058500,1.20059641,0.35432577,1.40150402,0.00000000,0.02157321,0.55217475,1.18873401,0.00000000
-1.09554777,2.21905163,1.20138949,0.35087121,1.37461599,0.00000000,0.02124309,0.55120707,1.18606244,0.00000000
-1.08954477,2.20663994,1.20090176,0.34775345,1.34480582,0.00000000,0.02120677,0.54971474,1.18004069,0.00000000
-1.08354177,2.19435695,1.19947973,0.34514870,1.31275702,0.00000000,0.02146722,0.54794378,1.17104729,0.00000000
-1.07753877,2.18317635,1.19747111,0.34321832,1.27917498,0.00000000,0.02202226,0.54613445,1.15949833,0.00000000
-1.07153577,2.17400537,1.19521327,0.34210348,1.24476490,0.00000000,0.02286453,0.54451323,1.14583253,0.00000000
-1.06553277,2.16765305,1.19302155,0.34192009,1.21020965,0.00000000,0.02398154,0.54328532,1.13049595,0.00000000
-1.05952976,2.16480130,1.19117812,0.34275453,1.17614896,0.00000000,0.02535581,0.54262805,1.11392699,0.00000000
-1.05352676,2.16598022,1.18992165,0.34466003,1.14316052,0.00000000,0.02696502,0.54268535,1.09654238,0.00000000
-1.04752376,2.17154859,1.18943838,0.34765419,1.11174419,0.00000000,0.02878230,0.54356361,1.07872485,0.00000000
-1.04152076,2.18168077,1.18985494,0.35171761,1.08230979,0.00000000,0.03077655,0.54532903,1.06081289,0.00000000
-1.03551776,2.19636075,1.19123337,0.35679390,1.05516912,0.00000000,0.03291296,0.54800672,1.04309324,0.00000000
-1.02951476,2.21538367,1.19356859,0.36279089,1.03053248,0.00000000,0.03515353,0.55158134,1.02579616,0.00000000
-1.02351176,2.23836510,1.19678862,0.36958345,1.00850969,0.00000000,0.03745782,0.55599967,1.00909383,0.00000000
-1.01750875,2.26475789,1.20075757,0.37701741,0.98911546,0.00000000,0.03978369,0.56117453,0.99310177,0.00000000
-1.01150575,2.29387575,1.20528149,0.38491482,0.97227869,0.00000000,0.04208818,0.56699038,0.97788300,0.00000000
-1.00550275,2.32492285,1.21011689,0.39308018,0.95785496,0.00000000,0.04432851,0.57330997,0.96345468,0.00000000
-0.99949975,2.35702799,1.21498153,0.40130747,0.94564160,0.00000000,0.04646300,0.57998198,0.94979665,0.00000000
-0.99349675,2.38928187,1.21956723,0.40938766,0.93539411,0.00000000,0.04845207,0.58684917,0.93686132,0.00000000
-0.98749375,2.42077561,1.22355401,0.41711637,0.92684326,0.00000000,0.05025919,0.59375671,0.92458411,0.00000000
-0.98149075,2.45063864,1.22662493,0.42430137,0.91971165,0.00000000,0.05185174,0.60056022,0.91289387,0.00000000
-0.97548774,2.47807421,1.22848095,0.43076954,0.91372893,0.00000000,0.05320179,0.60713317,0.90172247,0.00000000
-0.96948474,2.50239046,1.22885502,0.43637299,0.90864471,0.00000000,0.05428666,0.61337313,0.89101290,0.00000000
-0.96348174,2.52302576,1.22752463,0.44099395,0.90423880,0.00000000,0.05508944,0.61920663,0.88072552,0.00000000
-0.95747874,2.53956676,1.22432231,0.44454831,0.90032790,0.00000000,0.05559920,0.62459224,0.87084176,0.00000000
-0.95147574,2.55175846,1.21914328,0.44698761,0.89676900,0.00000000,0.05581106,0.62952173,0.86136542,0.00000000
-0.94547274,2.55950568,1.21194995,0.44829928,0.89345901,0.00000000,0.05572608,0.63401925,0.85232123,0.00000000
-0.93946973,2.56286607,1.20277315,0.44850527,0.89033128,0.00000000,0.05535089,0.63813842,0.84375093,0.00000000
-0.93346673,2.56203510,1.19170972,0.44765910,0.88734916,0.00000000,0.05469728,0.64195758,0.83570726,0.00000000
-0.92746373,2.55732411,1.17891688,0.44584144,0.88449736,0.00000000,0.05378154,0.64557343,0.82824625,0.00000000
-0.92146073,2.54913277,1.16460371,0.44315463,0.88177178,0.00000000,0.05262373,0.64909345,0.82141847,0.00000000
-0.91545773,2.53791761,1.14902001,0.43971625,0.87916876,0.00000000,0.05124694,0.65262740,0.81526000,0.00000000
-0.90945473,2.52415879,1.13244356,0.43565235,0.87667445,0.00000000,0.04967643,0.65627864,0.80978367,0.00000000
-0.90345173,2.50832690,1.11516620,0.43109044,0.87425519,0.00000000,0.04793881,0.66013560,0.80497150,0.00000000
-0.89744872,2.49085196,1.09747985,0.42615287,0.87184974,0.00000000,0.04606134,0.66426401,0.80076883,0.00000000
-0.89144572,2.47209650,1.07966302,0.42095084,0.86936368,0.00000000,0.04407113,0.66870043,0.79708077,0.00000000
-0.88544272,2.45233416,1.06196869,0.41557930,0.86666677,0.00000000,0.04199461,0.67344735,0.79377118,0.00000000
-0.87943972,2.43173506,1.04461417,0.41011318,0.86359318,0.00000000,0.03985696,0.67847035,0.79066463,0.00000000
-0.87343672,2.41035874,1.02777346,0.40460488,0.85994481,0.00000000,0.03768176,0.68369733,0.78755112,0.00000000
-0.86743372,2.38815477,1.01157236,0.39908324,0.85549745,0.00000000,0.03549068,0.68902006,0.78419338,0.00000000
-0.86143072,2.36497088,0.99608655,0.39355398,0.85000940,0.00000000,0.03330328,0.69429776,0.78033656,0.00000000
-0.85542771,2.34056780,0.98134252,0.38800147,0.84323210,0.00000000,0.03113700,0.69936266,0.77571950,0.00000000
-0.84942471,2.31463968,0.96732110,0.38239162,0.83492198,0.00000000,0.02900708,0.70402711,0.77008719,0.00000000
-0.84342171,2.28683865,0.95396334,0.37667578,0.82485292,0.00000000,0.02692668,0.70809183,0.76320346,0.00000000
-0.83741871,2.25680184,0.94117801,0.37079520,0.81282856,0.00000000,0.02490701,0.71135484,0.75486335,0.00000000
-0.83141571,2.22417906,0.92885039,0.36468591,0.79869358,0.00000000,0.02295746,0.71362055,0.74490429,0.00000000
-0.82541271,2.18865947,0.91685157,0.35828364,0.78234355,0.00000000,0.02108579,0.71470846,0.73321552,0.00000000
-0.81940970,2.14999570,0.90504784,0.35152841,0.76373257,0.00000000,0.01929836,0.71446110,0.71974517,0.00000000
-0.81340670,2.10802403,0.89330947,0.34436876,0.74287842,0.00000000,0.01760027,0.71275067,0.70450470,0.00000000
-0.80740370,2.06267974,0.88151863,0.33676526,0.71986493,0.00000000,0.01599559,0.70948435,0.68757035,0.00000000
-0.80140070,2.01400702,0.86957603,0.32869314,0.69484160,0.00000000,0.01448752,0.70460781,0.66908170,0.00000000
-0.79539770,1.96216319,0.85740610,0.32014414,0.66802046,0.00000000,0.01307860,0.69810706,0.64923735,0.00000000
-0.78939470,1.90741746,0.84496061,0.31112745,0.63967053,0.00000000,0.01177085,0.69000862,0.62828814,0.00000000
-0.78339170,1.85014482,0.83222093,0.30166981,0.61011023,0.00000000,0.01056593,0.68037816,0.60652820,0.00000000
-0.77738869,1.79081568,0.81919881,0.29181491,0.57969833,0.00000000,0.00946535,0.66931792,0.58428450,0.00000000
-0.77138569,1.72998249,0.80593615,0.28162222,0.54882384,0.00000000,0.00847060,0.65696304,0.56190532,0.00000000
-0.76538269,1.66826426,0.79250381,0.27116538,0.51789562,0.00000000,0.00758332,0.64347729,0.53974846,0.00000000
-0.75937969,1.60633016,0.77899984,0.26053034,0.48733207,0.00000000,0.00680551,0.62904843,0.51816952,0.00000000
-0.75337669,1.54488324,0.76554732,0.24981342,0.45755163,0.00000000,0.00613966,0.61388351,0.49751107,0.00000000
-0.74737369,1.48464515,0.75229199,0.23911939,0.42896426,0.00000000,0.00558900,0.59820438,0.47809297,0.00000000
-0.74137069,1.42634253,0.73939993,0.22855964,0.40196443,0.00000000,0.00515762,0.58224354,0.46020428,0.00000000
-0.73536768,1.37069553,0.72705526,0.21825063,0.37692565,0.00000000,0.00485066,0.56624055,0.44409699,0.00000000
-0.72936468,1.31840856,0.71545783,0.20831247,0.35419665,0.00000000,0.00467447,0.55043896,0.42998174,0.00000000
-0.72336168,1.27016337,0.70482108,0.19886780,0.33409907,0.00000000,0.00463670,0.53508377,0.41802545,0.00000000
-0.71735868,1.22661399,0.69536969,0.19004076,0.31692659,0.00000000,0.00474638,0.52041933,0.40835079,0.00000000
-0.71135568,1.18838318,0.68733706,0.18195603,0.30294498,0.00000000,0.00501397,0.50668757,0.40103737,0.00000000
-0.70535268,1.15605974,0.68096235,0.17473797,0.29239295,0.00000000,0.00545125,0.49412632,0.39612424,0.00000000
-0.69934967,1.13019606,0.67648708,0.16850953,0.28548322,0.00000000,0.00607123,0.48296765,0.39361345,0.00000000
-0.69334667,1.11130518,0.67415086,0.16339105,0.28240340,0.00000000,0.00688791,0.47343603,0.39347433,0.00000000
-0.68734367,1.09985689,0.67418654,0.15949871,0.28331644,0.00000000,0.00791598,0.46574607,0.39564810,0.00000000
-0.68134067,1.09627220,0.67681433,0.15694272,0.28836013,0.00000000,0.00917038,0.46009988,0.40005245,0.00000000
-0.67533767,1.10091608,0.68223526,0.15582507,0.29764554,0.00000000,0.01066580,0.45668384,0.40658585,0.00000000
-0.66933467,1.11408817,0.69062380,0.15623698,0.31125420,0.00000000,0.01241610,0.45566490,0.41513126,0.00000000
-0.66333167,1.13601164,0.70212008,0.15825595,0.32923399,0.00000000,0.01443361,0.45718636,0.42555908,0.00000000
-0.65732866,1.16682053,0.71682175,0.16194270,0.35159395,0.00000000,0.01672840,0.46136328,0.43772934,0.00000000
-0.65132566,1.20654608,0.73477588,0.16733786,0.37829818,0.00000000,0.01930756,0.46827775,0.45149286,0.00000000
-0.64532266,1.25510277,0.75597136,0.17445879,0.40925913,0.00000000,0.02217440,0.47797405,0.46669171,0.00000000
-0.63931966,1.31227493,0.78033212,0.18329658,0.44433097,0.00000000,0.02532777,0.49045418,0.48315882,0.00000000
-0.63331666,1.37770505,0.80771165,0.19381339,0.48330336,0.00000000,0.02876137,0.50567385,0.50071722,0.00000000
-0.62731366,1.45088446,0.83788921,0.20594043,0.52589627,0.00000000,0.03246326,0.52353927,0.51917881,0.00000000
-0.62131066,1.53114778,0.87056829,0.21957664,0.57175649,0.00000000,0.03641546,0.54390504,0.53834316,0.00000000
-0.61530765,1.61767163,0.90537729,0.23458834,0.62045627,0.00000000,0.04059372,0.56657325,0.55799660,0.00000000
-0.60930465,1.70947859,0.94187315,0.25080984,0.67149460,0.00000000,0.04496754,0.59129420,0.57791171,0.00000000
-0.60330165,1.80544669,0.97954750,0.26804520,0.72430147,0.00000000,0.04950036,0.61776854,0.59784753,0.00000000
-0.59729865,1.90432471,1.01783585,0.28607112,0.77824516,0.00000000,0.05415002,0.64565122,0.61755078,0.00000000
-0.59129565,2.00475318,1.05612917,0.30464092,0.83264269,0.00000000,0.05886943,0.67455702,0.63675797,0.00000000
-0.58529265,2.10529049,1.09378788,0.32348952,0.88677317,0.00000000,0.06360745,0.70406748,0.65519864,0.00000000
-0.57928964,2.20444347,1.13015762,0.34233927,0.93989360,0.00000000,0.06830988,0.73373933,0.67259962,0.00000000
-0.57328664,2.30070127,1.16458629,0.36090646,0.99125666,0.00000000,0.07292074,0.76311375,0.68869016,0.00000000
-0.56728364,2.39257128,1.19644158,0.37890815,1.04012959,0.00000000,0.07738349,0.79172644,0.70320771,0.00000000
-0.56128064,2.47861554,1.22512830,0.39606918,1.08581352,0.00000000,0.08164237,0.81911795,0.71590425,0.00000000
-0.55527764,2.55748614,1.25010480,0.41212898,1.12766225,0.00000000,0.08564372,0.84484392,0.72655264,0.00000000
-0.54927464,2.62795802,1.27089761,0.42684784,1.16509957,0.00000000,0.08933721,0.86848479,0.73495282,0.00000000
-0.54327164,2.68895782,1.28711369,0.44001254,1.19763433,0.00000000,0.09267699,0.88965474,0.74093746,0.00000000
-0.53726863,2.73958742,1.29844984,0.45144093,1.22487256,0.00000000,0.09562260,0.90800930,0.74437691,0.00000000
-0.53126563,2.77914146,1.30469868,0.46098533,1.24652594,0.00000000,0.09813981,0.92325165,0.74518289,0.00000000
-0.52526263,2.80711800,1.30575119,0.46853477,1.26241647,0.00000000,0.10020110,0.93513722,0.74331115,0.00000000
-0.51925963,2.82322236,1.30159571,0.47401576,1.27247704,0.00000000,0.10178607,0.94347663,0.73876262,0.00000000
-0.51325663,2.82736419,1.29231354,0.47739191,1.27674798,0.00000000,0.10288148,0.94813702,0.73158331,0.00000000
-0.50725363,2.81964829,1.27807157,0.47866228,1.27537015,0.00000000,0.10348119,0.94904173,0.72186284,0.00000000
-0.50125063,2.80036023,1.25911252,0.47785873,1.26857476,0.00000000,0.10358592,0.94616862,0.70973185,0.00000000
-0.49524762,2.76994758,1.23574319,0.47504246,1.25667090,0.00000000,0.10320278,0.93954724,0.69535844,0.00000000
-0.48924462,2.72899833,1.20832174,0.47029999,1.24003140,0.00000000,0.10234477,0.92925513,0.67894389,0.00000000
-0.48324162,2.67821758,1.17724446,0.46373875,1.21907797,0.00000000,0.10103019,0.91541340,0.66071801,0.00000000
-0.47723862,2.61840386,1.14293279,0.45548267,1.19426638,0.00000000,0.09928199,0.89818203,0.64093420,0.00000000
-0.47123562,2.55042624,1.10582133,0.44566789,1.16607253,0.00000000,0.09712714,0.87775504,0.61986466,0.00000000
-0.46523262,2.47520325,1.06634715,0.43443882,1.13497997,0.00000000,0.09459597,0.85435566,0.59779584,0.00000000
-0.45922961,2.39368408,1.02494085,0.42194474,1.10146949,0.00000000,0.09172162,0.82823176,0.57502426,0.00000000
-0.45322661,2.30683281,0.98201961,0.40833688,1.06601094,0.00000000,0.08853950,0.79965157,0.55185284,0.00000000
-0.44722361,2.21561548,0.93798215,0.39376628,1.02905751,0.00000000,0.08508674,0.76889959,0.52858772,0.00000000
-0.44122061,2.12099015,0.89320563,0.37838210,0.99104235,0.00000000,0.08140178,0.73627296,0.50553542,0.00000000
-0.43521761,2.02389931,0.84804422,0.36233060,0.95237716,0.00000000,0.07752395,0.70207787,0.48300042,0.00000000
-0.42921461,1.92526438,0.80282893,0.34575448,0.91345256,0.00000000,0.07349304,0.66662630,0.46128277,0.00000000
-0.42321161,1.82598149,0.75786845,0.32879263,0.87463962,0.00000000,0.06934895,0.63023268,0.44067571,0.00000000
-0.41720860,1.72691792,0.71345058,0.31157998,0.83629190,0.00000000,0.06513127,0.59321064,0.42146306,0.00000000
-0.41120560,1.62890867,0.66984371,0.29424749,0.79874771,0.00000000,0.06087896,0.55586968,0.40391624,0.00000000
-0.40520260,1.53275250,0.62729824,0.27692206,0.76233186,0.00000000,0.05662988,0.51851178,0.38829073,0.00000000
-0.39919960,1.43920718,0.58604750,0.25972629,0.72735655,0.00000000,0.05242045,0.48142791,0.37482199,0.00000000
-0.39319660,1.34898363,0.54630807,0.24277804,0.69412120,0.00000000,0.04828524,0.44489463,0.36372075,0.00000000
-0.38719360,1.26273911,0.50827938,0.22618979,0.66291089,0.00000000,0.04425660,0.40917062,0.35516779,0.00000000
-0.38119060,1.18106944,0.47214257,0.21006772,0.63399355,0.00000000,0.04036428,0.37449352,0.34930839,0.00000000
-0.37518759,1.10450079,0.43805887,0.19451064,0.60761601,0.00000000,0.03663514,0.34107696,0.34624660,0.00000000
-0.36918459,1.03348127,0.40616747,0.17960884,0.58399914,0.00000000,0.03309289,0.30910811,0.34603966,0.00000000
-0.36318159,0.96837323,0.37658320,0.16544278,0.56333250,0.00000000,0.02975788,0.27874565,0.34869295,0.00000000
-0.35717859,0.90944649,0.34939433,0.15208202,0.54576901,0.00000000,0.02664699,0.25011846,0.35415571,0.00000000
-0.35117559,0.85687349,0.32466069,0.13958411,0.53142000,0.00000000,0.02377358,0.22332499,0.36231814,0.00000000
-0.34517259,0.81072655,0.30241232,0.12799389,0.52035129,0.00000000,0.02114758,0.19843336,0.37300990,0.00000000
-0.33916958,0.77097800,0.28264896,0.11734297,0.51258066,0.00000000,0.01877554,0.17548218,0.38600070,0.00000000
-0.33316658,0.73750328,0.26534051,0.10764973,0.50807712,0.00000000,0.01666090,0.15448218,0.40100290,0.00000000
-0.32716358,0.71008719,0.25042847,0.09891956,0.50676221,0.00000000,0.01480423,0.13541840,0.41767647,0.00000000
-0.32116058,0.68843339,0.23782855,0.09114565,0.50851353,0.00000000,0.01320352,0.11825292,0.43563624,0.00000000
-0.31515758,0.67217675,0.22743418,0.08431014,0.51317039,0.00000000,0.01185450,0.10292818,0.45446147,0.00000000
-0.30915458,0.66089831,0.21912105,0.07838555,0.52054151,0.00000000,0.01075106,0.08937037,0.47370733,0.00000000
-0.30315158,0.65414217,0.21275232,0.07333660,0.53041442,0.00000000,0.00988552,0.07749321,0.49291823,0.00000000
-0.29714857,0.65143377,0.20818428,0.06912216,0.54256607,0.00000000,0.00924901,0.06720155,0.51164231,0.00000000
-0.29114557,0.65229864,0.20527238,0.06569732,0.55677417,0.00000000,0.00883173,0.05839503,0.52944661,0.00000000
-0.28514257,0.65628091,0.20387702,0.06301552,0.57282865,0.00000000,0.00862326,0.05097135,0.54593241,0.00000000
-0.27913957,0.66296060,0.20386912,0.06103050,0.59054245,0.00000000,0.00861271,0.04482931,0.56074987,0.00000000
-0.27313657,0.67196894,0.20513502,0.05969815,0.60976110,0.00000000,0.00878892,0.03987131,0.57361150,0.00000000
-0.26713357,0.68300101,0.20758035,0.05897803,0.63037038,0.00000000,0.00914053,0.03600546,0.58430369,0.00000000
-0.26113057,0.69582490,0.21113299,0.05883454,0.65230152,0.00000000,0.00965606,0.03314709,0.59269572,0.00000000
-0.25512756,0.71028703,0.21574448,0.05923771,0.67553353,0.00000000,0.01032390,0.03121974,0.59874583,0.00000000
-0.24912456,0.72631325,0.22139019,0.06016354,0.70009230,0.00000000,0.01113228,0.03015560,0.60250394,0.00000000
-0.24312156,0.74390559,0.22806793,0.06159393,0.72604634,0.00000000,0.01206921,0.02989543,0.60411076,0.00000000
-0.23711856,0.76313473,0.23579514,0.06351603,0.75349926,0.00000000,0.01312235,0.03038804,0.60379339,0.00000000
-0.23111556,0.78412848,0.24460472,0.06592139,0.78257917,0.00000000,0.01427897,0.03158934,0.60185725,0.00000000
-0.22511256,0.80705668,0.25453970,0.06880452,0.81342542,0.00000000,0.01552578,0.03346105,0.59867486,0.00000000
-0.21910955,0.83211334,0.26564690,0.07216136,0.84617329,0.00000000,0.01684884,0.03596917,0.59467175,0.00000000
-0.21310655,0.85949656,0.27796993,0.07598735,0.88093725,0.00000000,0.01823349,0.03908233,0.59030999,0.00000000
-0.20710355,0.88938747,0.29154185,0.08027557,0.91779380,0.00000000,0.01966427,0.04276995,0.58607010,0.00000000
-0.20110055,0.92192888,0.30637781,0.08501473,0.95676463,0.00000000,0.02112488,0.04700055,0.58243201,0.00000000
-0.19509755,0.95720488,0.32246798,0.09018730,0.99780110,0.00000000,0.02259817,0.05174007,0.57985573,0.00000000
-0.18909455,0.99522233,0.33977131,0.09576785,1.04077093,0.00000000,0.02406624,0.05695045,0.57876259,0.00000000
-0.18309155,1.03589515,0.35821027,0.10172168,1.08544799,0.00000000,0.02551049,0.06258837,0.57951776,0.00000000
-0.17708854,1.07903231,0.37766698,0.10800380,1.13150579,0.00000000,0.02691180,0.06860438,0.58241467,0.00000000
-0.17108554,1.12433013,0.39798095,0.11455838,1.17851534,0.00000000,0.02825076,0.07494235,0.58766203,0.00000000
-0.16508254,1.17136946,0.41894863,0.12131865,1.22594769,0.00000000,0.02950791,0.08153932,0.59537383,0.00000000
-0.15907954,1.21961791,0.44032489,0.12820735,1.27318130,0.00000000,0.03066406,0.08832565,0.60556278,0.00000000
-0.15307654,1.26843736,0.46182638,0.13513773,1.31951410,0.00000000,0.03170068,0.09522568,0.61813740,0.00000000
-0.14707354,1.31709632,0.48313687,0.14201490,1.36418001,0.00000000,0.03260027,0.10215863,0.63290296,0.00000000
-0.14107054,1.36478697,0.50391420,0.14873783,1.40636919,0.00000000,0.03334679,0.10903986,0.64956606,0.00000000
-0.13506753,1.41064608,0.52379877,0.15520156,1.44525147,0.00000000,0.03392606,0.11578237,0.66774290,0.00000000
-0.12906453,1.45377911,0.54242325,0.16129978,1.48000180,0.00000000,0.03432620,0.12229851,0.68697086,0.00000000
-0.12306153,1.49328650,0.55942301,0.16692759,1.50982681,0.00000000,0.03453798,0.12850183,0.70672291,0.00000000
-0.11705853,1.52829108,0.57444704,0.17198434,1.53399134,0.00000000,0.03455516,0.13430891,0.72642448,0.00000000
-0.11105553,1.55796555,0.58716876,0.17637644,1.55184369,0.00000000,0.03437476,0.13964129,0.74547208,0.00000000
-0.10505253,1.58155884,0.59729639,0.18002004,1.56283871,0.00000000,0.03399721,0.14442725,0.76325304,0.00000000
-0.09904952,1.59842041,0.60458242,0.18284344,1.56655754,0.00000000,0.03342643,0.14860346,0.77916563,0.00000000
-0.09304652,1.60802151,0.60883178,0.18478921,1.56272328,0.00000000,0.03266982,0.15211644,0.79263885,0.00000000
-0.08704352,1.60997243,0.60990839,0.18581582,1.55121194,0.00000000,0.03173813,0.15492386,0.80315119,0.00000000
-0.08104052,1.60403543,0.60773990,0.18589889,1.53205827,0.00000000,0.03064518,0.15699550,0.81024756,0.00000000
-0.07503752,1.59013261,0.60232027,0.18503186,1.50545628,0.00000000,0.02940755,0.15831396,0.81355400,0.00000000
-0.06903452,1.56834865,0.59371034,0.18322617,1.47175446,0.00000000,0.02804412,0.15887515,0.81278929,0.00000000
-0.06303152,1.53892843,0.58203616,0.18051091,1.43144616,0.00000000,0.02657561,0.15868838,0.80777347,0.00000000
-0.05702851,1.50226965,0.56748539,0.17693197,1.38515538,0.00000000,0.02502395,0.15777625,0.79843266,0.00000000
-0.05102551,1.45891094,0.55030172,0.17255074,1.33361887,0.00000000,0.02341178,0.15617422,0.78480018,0.00000000
-0.04502251,1.40951593,0.53077777,0.16744244,1.27766517,0.00000000,0.02176179,0.15392993,0.76701402,0.00000000
-0.03901951,1.35485400,0.50924660,0.16169405,1.21819145,0.00000000,0.02009617,0.15110224,0.74531082,0.00000000
-0.03301651,1.29577857,0.48607225,0.15540209,1.15613920,0.00000000,0.01843610,0.14776003,0.72001666,0.00000000
-0.02701351,1.23320360,0.46163967,0.14867009,1.09246944,0.00000000,0.01680126,0.14398077,0.69153506,0.00000000
-0.02101051,1.16807933,0.43634433,0.14160609,1.02813844,0.00000000,0.01520941,0.13984889,0.66033283,0.00000000
-0.01500750,1.10136797,0.41058204,0.13432004,0.96407468,0.00000000,0.01367613,0.13545398,0.62692442,0.00000000
-0.00900450,1.03402020,0.38473905,0.12692131,0.90115756,0.00000000,0.01221456,0.13088882,0.59185524,0.00000000
-0.00300150,0.96695326,0.35918302,0.11951628,0.84019866,0.00000000,0.01083531,0.12624728,0.55568487,0.00000000
0.00300150,0.90103108,0.33425489,0.11220619,0.78192563,0.00000000,0.00954639,0.12162227,0.51897068,0.00000000
0.00900450,0.83704715,0.31026197,0.10508512,0.72696926,0.00000000,0.00835332,0.11710356,0.48225250,0.00000000
0.01500750,0.77571049,0.28747237,0.09823841,0.67585376,0.00000000,0.00725921,0.11277574,0.44603886,0.00000000
0.02101051,0.71763490,0.26611090,0.09174133,0.62899030,0.00000000,0.00626498,0.10871635,0.41079530,0.00000000
0.02701351,0.66333183,0.24635641,0.08565807,0.58667384,0.00000000,0.00536962,0.10499415,0.37693499,0.00000000
0.03301651,0.61320680,0.22834069,0.08004122,0.54908315,0.00000000,0.00457039,0.10166775,0.34481191,0.00000000
0.03901951,0.56755928,0.21214875,0.07493152,0.51628378,0.00000000,0.00386321,0.09878460,0.31471670,0.00000000
0.04502251,0.52658605,0.19782053,0.07035810,0.48823384,0.00000000,0.00324287,0.09638040,0.28687505,0.00000000
0.05102551,0.49038754,0.18535387,0.06633900,0.46479222,0.00000000,0.00270338,0.09447899,0.26144863,0.00000000
0.05702851,0.45897699,0.17470848,0.06288211,0.44572917,0.00000000,0.00223823,0.09309279,0.23853820,0.00000000
0.06303152,0.43229192,0.16581099,0.05998637,0.43073860,0.00000000,0.00184061,0.09222370,0.21818871,0.00000000
0.06903452,0.41020750,0.15856066,0.05764321,0.41945208,0.00000000,0.00150367,0.09186461,0.20039590,0.00000000
0.07503752,0.39255120,0.15283567,0.05583830,0.41145382,0.00000000,0.00122068,0.09200126,0.18511407,0.00000000
0.08104052,0.37911819,0.14849977,0.05455330,0.40629651,0.00000000,0.00098517,0.09261459,0.17226468,0.00000000
0.08704352,0.36968695,0.14540905,0.05376775,0.40351734,0.00000000,0.00079108,0.09368334,0.16174511,0.00000000
0.09304652,0.36403430,0.14341857,0.05346091,0.40265391,0.00000000,0.00063284,0.09518683,0.15343749,0.00000000
0.09904952,0.36194948,0.14238878,0.05361350,0.40325945,0.00000000,0.00050538,0.09710780,0.14721694,0.00000000
0.10505253,0.36324653,0.14219136,0.05420921,0.40491694,0.00000000,0.00040421,0.09943514,0.14295907,0.00000000
0.11105553,0.36777444,0.14271445,0.05523599,0.40725168,0.00000000,0.00032540,0.10216633,0.14054635,0.00000000
0.11705853,0.37542480,0.14386687,0.05668695,0.40994183,0.00000000,0.00026559,0.10530951,0.13987322,0.00000000
0.12306153,0.38613631,0.14558153,0.05856087,0.41272666,0.00000000,0.00022195,0.10888501,0.14084965,0.00000000
0.12906453,0.39989613,0.14781758,0.06086228,0.41541221,0.00000000,0.00019213,0.11292617,0.14340318,0.00000000
0.13506753,0.41673786,0.15056143,0.06360105,0.41787405,0.00000000,0.00017427,0.11747947,0.14747937,0.00000000
0.14107054,0.43673615,0.15382652,0.06679153,0.42005720,0.00000000,0.00016690,0.12260382,0.15304067,0.00000000
0.14707354,0.45999822,0.15765193,0.07045125,0.42197325,0.00000000,0.00016892,0.12836913,0.16006394,0.00000000
0.15307654,0.48665251,0.16209974,0.07459924,0.42369465,0.00000000,0.00017956,0.13485394,0.16853661,0.00000000
0.15907954,0.51683513,0.16725145,0.07925405,0.42534665,0.00000000,0.00019830,0.14214252,0.17845201,0.00000000
0.16508254,0.55067454,0.17320336,0.08443153,0.42709719,0.00000000,0.00022484,0.15032122,0.18980377,0.00000000
0.17108554,0.58827536,0.18006127,0.09014258,0.42914522,0.00000000,0.00025904,0.15947449,0.20258001,0.00000000
0.17708854,0.62970205,0.18793463,0.09639080,0.43170794,0.00000000,0.00030091,0.16968046,0.21675738,0.00000000
0.18309155,0.67496334,0.19693041,0.10317047,0.43500773,0.00000000,0.00035052,0.18100659,0.23229535,0.00000000
0.18909455,0.72399828,0.20714685,0.11046466,0.43925925,0.00000000,0.00040798,0.19350528,0.24913127,0.00000000
0.19509755,0.77666478,0.21866746,0.11824388,0.44465737,0.00000000,0.00047341,0.20720984,0.26717625,0.00000000
0.20110055,0.83273124,0.23155544,0.12646511,0.45136647,0.00000000,0.00054687,0.22213096,0.28631232,0.00000000
0.20710355,0.89187195,0.24584878,0.13507151,0.45951174,0.00000000,0.00062838,0.23825383,0.30639105,0.00000000
0.21310655,0.95366676,0.26155621,0.14399274,0.46917271,0.00000000,0.00071782,0.25553600,0.32723371,0.00000000
0.21910955,1.01760502,0.27865426,0.15314592,0.48037945,0.00000000,0.00081499,0.27390624,0.34863314,0.00000000
0.22511256,1.08309411,0.29708549,0.16243720,0.49311154,0.00000000,0.00091951,0.29326432,0.37035722,0.00000000
0.23111556,1.14947203,0.31675802,0.17176394,0.50729990,0.00000000,0.00103089,0.31348178,0.39215395,0.00000000
0.23711856,1.21602395,0.33754641,0.18101739,0.52283130,0.00000000,0.00114845,0.33440373,0.41375785,0.00000000
0.24312156,1.28200184,0.35929387,0.19008571,0.53955537,0.00000000,0.00127138,0.35585159,0.43489747,0.00000000
0.24912456,1.34664656,0.38181578,0.19885726,0.55729382,0.00000000,0.00139876,0.37762657,0.45530377,0.00000000
0.25512756,1.40921147,0.40490436,0.20722397,0.57585120,0.00000000,0.00152955,0.39951403,0.47471885,0.00000000
0.26113057,1.46898652,0.42833440,0.21508467,0.59502695,0.00000000,0.00166264,0.42128828,0.49290477,0.00000000
0.26713357,1.52532187,0.45186976,0.22234820,0.61462788,0.00000000,0.00179693,0.44271785,0.50965204,0.00000000
0.27313657,1.57764990,0.47527055,0.22893618,0.63448058,0.00000000,0.00193135,0.46357098,0.52478727,0.00000000
0.27913957,1.62550489,0.49830054,0.23478530,0.65444314,0.00000000,0.00206490,0.48362116,0.53817980,0.00000000
0.28514257,1.66853917,0.52073470,0.23984907,0.67441544,0.00000000,0.00219677,0.50265251,0.54974684,0.00000000
0.29114557,1.70653546,0.54236633,0.24409891,0.69434765,0.00000000,0.00232637,0.52046488,0.55945699,0.00000000
0.29714857,1.73941441,0.56301380,0.24752463,0.71424626,0.00000000,0.00245338,0.53687844,0.56733181,0.00000000
0.30315158,1.76723743,0.58252623,0.25013420,0.73417733,0.00000000,0.00257784,0.55173768,0.57344551,0.00000000
0.30915458,1.79020426,0.60078822,0.25195291,0.75426683,0.00000000,0.00270018,0.56491464,0.57792260,0.00000000
0.31515758,1.80864569,0.61772308,0.25302192,0.77469775,0.00000000,0.00282123,0.57631129,0.58093370,0.00000000
0.32116058,1.82301138,0.63329462,0.25339638,0.79570407,0.00000000,0.00294231,0.58586098,0.58268953,0.00000000
0.32716358,1.83385349,0.64750728,0.25314303,0.81756194,0.00000000,0.00306515,0.59352896,0.58343343,0.00000000
0.33316658,1.84180648,0.66040459,0.25233766,0.84057809,0.00000000,0.00319195,0.59931186,0.58343260,0.00000000
0.33916958,1.84756401,0.67206596,0.25106223,0.86507619,0.00000000,0.00332530,0.60323628,0.58296850,0.00000000
0.34517259,1.85185377,0.68260201,0.24940205,0.89138159,0.00000000,0.00346816,0.60535647,0.58232672,0.00000000
0.35117559,1.85541103,0.69214858,0.24744294,0.91980522,0.00000000,0.00362373,0.60575122,0.58178670,0.00000000
0.35717859,1.85895214,0.70085965,0.24526856,0.95062724,0.00000000,0.00379546,0.60452011,0.58161180,0.00000000
0.36318159,1.86314885,0.70889962,0.24295801,0.98408137,0.00000000,0.00398686,0.60177924,0.58204008,0.00000000
0.36918459,1.86860432,0.71643516,0.24058370,1.02034050,0.00000000,0.00420141,0.59765667,0.58327604,0.00000000
0.37518759,1.87583199,0.72362716,0.23820959,1.05950428,0.00000000,0.00444247,0.59228773,0.58548387,0.00000000
0.38119060,1.88523785,0.73062308,0.23588996,1.10158943,0.00000000,0.00471313,0.58581046,0.58878225,0.00000000
0.38719360,1.89710686,0.73755010,0.23366842,1.14652303,0.00000000,0.00501606,0.57836128,0.59324101,0.00000000
0.39319660,1.91159402,0.74450939,0.23157758,1.19413918,0.00000000,0.00535344,0.57007116,0.59887974,0.00000000
0.39919960,1.92872034,0.75157170,0.22963895,1.24417921,0.00000000,0.00572682,0.56106243,0.60566838,0.00000000
0.40520260,1.94837378,0.75877452,0.22786337,1.29629528,0.00000000,0.00613701,0.55144630,0.61352970,0.00000000
0.41120560,1.97031495,0.76612084,0.22625171,1.35005723,0.00000000,0.00658399,0.54132121,0.62234357,0.00000000
0.41720860,1.99418733,0.77357949,0.22479588,1.40496221,0.00000000,0.00706686,0.53077205,0.63195271,0.00000000
0.42321161,2.01953134,0.78108693,0.22348004,1.46044664,0.00000000,0.00758378,0.51987010,0.64216970,0.00000000
0.42921461,2.04580152,0.78855041,0.22228199,1.51589978,0.00000000,0.00813192,0.50867382,0.65278495,0.00000000
0.43521761,2.07238612,0.79585212,0.22117457,1.57067836,0.00000000,0.00870745,0.49723017,0.66357501,0.00000000
0.44122061,2.09862799,0.80285408,0.22012709,1.62412152,0.00000000,0.00930561,0.48557645,0.67431118,0.00000000
0.44722361,2.12384605,0.80940349,0.21910668,1.67556544,0.00000000,0.00992066,0.47374244,0.68476769,0.00000000
0.45322661,2.14735619,0.81533823,0.21807953,1.72435714,0.00000000,0.01054601,0.46175261,0.69472937,0.00000000
0.45922961,2.16849110,0.82049214,0.21701193,1.76986706,0.00000000,0.01117428,0.44962836,0.70399831,0.00000000
0.46523262,2.18661810,0.82470000,0.21587117,1.81150004,0.00000000,0.01179743,0.43739000,0.71239935,0.00000000
0.47123562,2.20115461,0.82780192,0.21462619,1.84870470,0.00000000,0.01240687,0.42505846,0.71978433,0.00000000
0.47723862,2.21158097,0.82964707,0.21324807,1.88098107,0.00000000,0.01299365,0.41265652,0.72603485,0.00000000
0.48324162,2.21745035,0.83009677,0.21171039,1.90788673,0.00000000,0.01354860,0.40020969,0.73106365,0.00000000
0.48924462,2.21839595,0.82902693,0.20998942,1.92904163,0.00000000,0.01406256,0.38774658,0.73481473,0.00000000
0.49524762,2.21413565,0.82632996,0.20806425,1.94413185,0.00000000,0.01452658,0.37529894,0.73726227,0.00000000
0.50125063,2.20447439,0.82191620,0.20591691,1.95291259,0.00000000,0.01493214,0.36290129,0.73840868,0.00000000
0.50725363,2.18930475,0.81571520,0.20353243,1.95521068,0.00000000,0.01527136,0.35059046,0.73828188,0.00000000
0.51325663,2.16860608,0.80767666,0.20089909,1.95092675,0.00000000,0.01553721,0.33840492,0.73693221,0.00000000
0.51925963,2.14244261,0.79777156,0.19800861,1.94003721,0.00000000,0.01572373,0.32638416,0.73442907,0.00000000
0.52526263,2.11096085,0.78599311,0.19485650,1.92259600,0.00000000,0.01582620,0.31456820,0.73085770,0.00000000
0.53126563,2.07438651,0.77235794,0.19144253,1.89873603,0.00000000,0.01584131,0.30299724,0.72631608,0.00000000
0.53726863,2.03302107,0.75690719,0.18777117,1.86867005,0.00000000,0.01576727,0.29171154,0.72091228,0.00000000
0.54327164,1.98723794,0.73970758,0.18385216,1.83269067,0.00000000,0.01560387,0.28075154,0.71476211,0.00000000
0.54927464,1.93747823,0.72085233,0.17970099,1.79116921,0.00000000,0.01535258,0.27015820,0.70798740,0.00000000
0.55527764,1.88424576,0.70046164,0.17533934,1.74455307,0.00000000,0.01501644,0.25997341,0.70071447,0.00000000
0.56128064,1.82810120,0.67868270,0.17079534,1.69336117,0.00000000,0.01460009,0.25024050,0.69307314,0.00000000
0.56728364,1.76965497,0.65568896,0.16610365,1.63817743,0.00000000,0.01410958,0.24100465,0.68519573,0.00000000
0.57328664,1.70955882,0.63167854,0.16130524,1.57964196,0.00000000,0.01355228,0.23231313,0.67721630,0.00000000
0.57928964,1.64849562,0.60687174,0.15644692,1.51844010,0.00000000,0.01293661,0.22421517,0.66926961,0.00000000
0.58529265,1.58716760,0.58150744,0.15158050,1.45528944,0.00000000,0.01227187,0.21676155,0.66148997,0.00000000
0.59129565,1.52628289,0.55583855,0.14676159,1.39092503,0.00000000,0.01156797,0.21000358,0.65400960,0.00000000
0.59729865,1.46654051,0.53012657,0.14204818,1.32608332,0.00000000,0.01083514,0.20399165,0.64695657,0.00000000
0.60330165,1.40861433,0.50463536,0.13749881,1.26148529,0.00000000,0.01008368,0.19877329,0.64045219,0.00000000
0.60930465,1.35313623,0.47962432,0.13317066,1.19781947,0.00000000,0.00932372,0.19439075,0.63460790,0.00000000
0.61530765,1.30067915,0.45534140,0.12911739,1.13572548,0.00000000,0.00856492,0.19087823,0.62952164,0.00000000
0.62131066,1.25174073,0.43201602,0.12538700,1.07577869,0.00000000,0.00781632,0.18825900,0.62527393,0.00000000
0.62731366,1.20672805,0.40985238,0.12201979,1.01847687,0.00000000,0.00708611,0.18654235,0.62192369,0.00000000
0.63331666,1.16594447,0.38902339,0.11904639,0.96422910,0.00000000,0.00638149,0.18572085,0.61950408,0.00000000
0.63931966,1.12957902,0.36966559,0.11648617,0.91334769,0.00000000,0.00570860,0.18576785,0.61801867,0.00000000
0.64532266,1.09769905,0.35187517,0.11434596,0.86604319,0.00000000,0.00507242,0.18663569,0.61743798,0.00000000
0.65132566,1.07024666,0.33570544,0.11261925,0.82242292,0.00000000,0.00447678,0.18825447,0.61769694,0.00000000
0.65732866,1.04703916,0.32116585,0.11128587,0.78249285,0.00000000,0.00392434,0.19053193,0.61869331,0.00000000
0.66333167,1.02777392,0.30822249,0.11031227,0.74616288,0.00000000,0.00341672,0.19335412,0.62028734,0.00000000
0.66933467,1.01203730,0.29680028,0.10965232,0.71325513,0.00000000,0.00295449,0.19658724,0.62230298,0.00000000
0.67533767,0.99931786,0.28678652,0.10924866,0.68351498,0.00000000,0.00253733,0.20008042,0.62453051,0.00000000
0.68134067,0.98902302,0.27803589,0.10903453,0.65662426,0.00000000,0.00216416,0.20366955,0.62673083,0.00000000
0.68734367,0.98049893,0.27037649,0.10893604,0.63221615,0.00000000,0.00183323,0.20718181,0.62864137,0.00000000
0.69334667,0.97305265,0.26361669,0.10887478,0.60989099,0.00000000,0.00154228,0.21044094,0.62998329,0.00000000
0.69934967,0.96597576,0.25755264,0.10877057,0.58923259,0.00000000,0.00128868,0.21327282,0.63046997,0.00000000
0.70535268,0.95856861,0.25197593,0.10854443,0.56982415,0.00000000,0.00106952,0.21551134,0.62981635,0.00000000
0.71135568,0.95016412,0.24668120,0.10812137,0.55126347,0.00000000,0.00088177,0.21700400,0.62774886,0.00000000
0.71735868,0.94015015,0.24147333,0.10743314,0.53317658,0.00000000,0.00072236,0.21761722,0.62401538,0.00000000
0.72336168,0.92798969,0.23617399,0.10642062,0.51522971,0.00000000,0.00058826,0.21724098,0.61839489,0.00000000
0.72936468,0.91323789,0.23062727,0.10503586,0.49713885,0.00000000,0.00047659,0.21579261,0.61070637,0.00000000
0.73536768,0.89555542,0.22470418,0.10324362,0.47867700,0.00000000,0.00038463,0.21321951,0.60081642,0.00000000
0.74137069,0.87471768,0.21830596,0.10102245,0.45967872,0.00000000,0.00030990,0.20950077,0.58864534,0.00000000
0.74737369,0.85061951,0.21136607,0.09836510,0.44004211,0.00000000,0.00025022,0.20464755,0.57417137,0.00000000
0.75337669,0.82327549,0.20385084,0.09527847,0.41972834,0.00000000,0.00020367,0.19870226,0.55743273,0.00000000
0.75937969,0.79281584,0.19575895,0.09178299,0.39875877,0.00000000,0.00016866,0.19173657,0.53852760,0.00000000
0.76538269,0.75947846,0.18711966,0.08791145,0.37721021,0.00000000,0.00014392,0.18384852,0.51761191,0.00000000
0.77138569,0.72359748,0.17799015,0.08370751,0.35520851,0.00000000,0.00012848,0.17515862,0.49489500,0.00000000
0.77738869,0.68558907,0.16845200,0.07922383,0.33292089,0.00000000,0.00012175,0.16580553,0.47063365,0.00000000
0.78339170,0.64593530,0.15860710,0.07451993,0.31054763,0.00000000,0.00012341,0.15594113,0.44512442,0.00000000
0.78939470,0.60516679,0.14857326,0.06966004,0.28831328,0.00000000,0.00013351,0.14572561,0.41869502,0.00000000
0.79539770,0.56384505,0.13847958,0.06471085,0.26645808,0.00000000,0.00015240,0.13532252,0.39169495,0.00000000
0.80140070,0.52254521,0.12846202,0.05973933,0.24522973,0.00000000,0.00018074,0.12489414,0.36448581,0.00000000
0.80740370,0.48183986,0.11865909,0.05481081,0.22487596,0.00000000,0.00021951,0.11459733,0.33743187,0.00000000
0.81340670,0.44228455,0.10920808,0.04998721,0.20563801,0.00000000,0.00026998,0.10457995,0.31089110,0.00000000
0.81940970,0.40440539,0.10024165,0.04532563,0.18774523,0.00000000,0.00033372,0.09497797,0.28520709,0.00000000
0.82541271,0.36868898,0.09188513,0.04087725,0.17141086,0.00000000,0.00041254,0.08591345,0.26070209,0.00000000
0.83141571,0.33557481,0.08425434,0.03668655,0.15682886,0.00000000,0.00050850,0.07749309,0.23767130,0.00000000
0.83741871,0.30545009,0.07745397,0.03279094,0.14417186,0.00000000,0.00062383,0.06980770,0.21637850,0.00000000
0.84342171,0.27864682,0.07157657,0.02922064,0.13358990,0.00000000,0.00076094,0.06293218,0.19705309,0.00000000
0.84942471,0.25544077,0.06670191,0.02599885,0.12520994,0.00000000,0.00092229,0.05692611,0.17988824,0.00000000
0.85542771,0.23605211,0.06289676,0.02314225,0.11913576,0.00000000,0.00111037,0.05183483,0.16504037,0.00000000
0.86143072,0.22064725,0.06021487,0.02066153,0.11544813,0.00000000,0.00132758,0.04769072,0.15262934,0.00000000
0.86743372,0.20934137,0.05869713,0.01856220,0.11420508,0.00000000,0.00157614,0.04451472,0.14273952,0.00000000
0.87343672,0.20220144,0.05837177,0.01684538,0.11544197,0.00000000,0.00185796,0.04231794,0.13542126,0.00000000
0.87943972,0.19924919,0.05925456,0.01550861,0.11917137,0.00000000,0.00217457,0.04110312,0.13069267,0.00000000
0.88544272,0.20046387,0.06134887,0.01454670,0.12538260,0.00000000,0.00252694,0.04086602,0.12854152,0.00000000
0.89144572,0.20578458,0.06464568,0.01395241,0.13404093,0.00000000,0.00291537,0.04159656,0.12892703,0.00000000
0.89744872,0.21511203,0.06912341,0.01371711,0.14508649,0.00000000,0.00333938,0.04327966,0.13178161,0.00000000
0.90345173,0.22830971,0.07474770,0.01383125,0.15843305,0.00000000,0.00379762,0.04589584,0.13701230,0.00000000
0.90945473,0.24520463,0.08147107,0.01428472,0.17396668,0.00000000,0.00428774,0.04942147,0.14450205,0.00000000
0.91545773,0.26558766,0.08923265,0.01506704,0.19154456,0.00000000,0.00480636,0.05382877,0.15411088,0.00000000
0.92146073,0.28921372,0.09795790,0.01616743,0.21099421,0.00000000,0.00534903,0.05908552,0.16567687,0.00000000
0.92746373,0.31580207,0.10755859,0.01757471,0.23211315,0.00000000,0.00591021,0.06515464,0.17901727,0.00000000
0.93346673,0.34503686,0.11793296,0.01927707,0.25466935,0.00000000,0.00648338,0.07199353,0.19392962,0.00000000
0.93946973,0.37656830,0.12896613,0.02126182,0.27840255,0.00000000,0.00706107,0.07955345,0.21019329,0.00000000
0.94547274,0.41001456,0.14053103,0.02351494,0.30302657,0.00000000,0.00763500,0.08777877,0.22757119,0.00000000
0.95147574,0.44496458,0.15248958,0.02602068,0.32823272,0.00000000,0.00819629,0.09660636,0.24581208,0.00000000
0.95747874,0.48098196,0.16469441,0.02876115,0.35369421,0.00000000,0.00873567,0.10596510,0.26465326,0.00000000
0.96348174,0.51760989,0.17699096,0.03171585,0.37907164,0.00000000,0.00924367,0.11577556,0.28382390,0.00000000
0.96948474,0.55437722,0.18921990,0.03486136,0.40401932,0.00000000,0.00971098,0.12594993,0.30304876,0.00000000
0.97548774,0.59080540,0.20122007,0.03817103,0.42819232,0.00000000,0.01012865,0.13639228,0.32205243,0.00000000
0.98149075,0.62641642,0.21283146,0.04161487,0.45125401,0.00000000,0.01048842,0.14699914,0.34056396,0.00000000
0.98749375,0.66074126,0.22389855,0.04515952,0.47288377,0.00000000,0.01078297,0.15766046,0.35832169,0.00000000
0.99349675,0.69332887,0.23427360,0.04876846,0.49278469,0.00000000,0.01100618,0.16826092,0.37507829,0.00000000
0.99949975,0.72375527,0.24382002,0.05240234,0.51069092,0.00000000,0.01115334,0.17868171,0.39060565,0.00000000
1.00550275,0.75163258,0.25241549,0.05601955,0.52637433,0.00000000,0.01122129,0.18880257,0.40469978,0.00000000
1.01150575,0.77661766,0.25995494,0.05957700,0.53965043,0.00000000,0.01120859,0.19850426,0.41718521,0.00000000
1.01750875,0.79842008,0.26635313,0.06303100,0.55038302,0.00000000,0.01111551,0.20767128,0.42791898,0.00000000
1.02351176,0.81680924,0.27154684,0.06633843,0.55848771,0.00000000,0.01094403,0.21619475,0.43679404,0.00000000
1.02951476,0.83162029,0.27549653,0.06945786,0.56393397,0.00000000,0.01069782,0.22397549,0.44374188,0.00000000
1.03551776,0.84275865,0.27818753,0.07235090,0.56674569,0.00000000,0.01038205,0.23092700,0.44873427,0.00000000
1.04152076,0.85020304,0.27963050,0.07498350,0.56700024,0.00000000,0.01000325,0.23697838,0.45178417,0.00000000
1.04752376,0.85400671,0.27986135,0.07732719,0.56482610,0.00000000,0.00956905,0.24207692,0.45294553,0.00000000
1.05352676,0.85429682,0.27894052,0.07936022,0.56039897,0.00000000,0.00908797,0.24619035,0.45231214,0.00000000
1.05952976,0.85127186,0.27695152,0.08106856,0.55393662,0.00000000,0.00856909,0.24930845,0.45001535,0.00000000
1.06553277,0.84519709,0.27399890,0.08244662,0.54569263,0.00000000,0.00802181,0.25144401,0.44622080,0.00000000
1.07153577,0.83639794,0.27020561,0.08349763,0.53594897,0.00000000,0.00745555,0.25263305,0.44112402,0.00000000
1.07753877,0.82525151,0.26570973,0.08423376,0.52500797,0.00000000,0.00687951,0.25293408,0.43494522,0.00000000
1.08354177,0.81217624,0.26066077,0.08467578,0.51318359,0.00000000,0.00630239,0.25242653,0.42792307,0.00000000
1.08954477,0.79762005,0.25521549,0.08485240,0.50079239,0.00000000,0.00573222,0.25120821,0.42030784,0.00000000
1.09554777,0.78204708,0.24953342,0.08479916,0.48814444,0.00000000,0.00517619,0.24939198,0.41235396,0.00000000
1.10155078,0.76592358,0.24377217,0.08455704,0.47553436,0.00000000,0.00464053,0.24710160,0.40431216,0.00000000
1.10755378,0.74970323,0.23808267,0.08417071,0.46323286,0.00000000,0.00413043,0.24446703,0.39642158,0.00000000
1.11355678,0.73381249,0.23260449,0.08368662,0.45147898,0.00000000,0.00365000,0.24161925,0.38890196,0.00000000
1.11955978,0.71863644,0.22746143,0.08315087,0.44047330,0.00000000,0.00320230,0.23868495,0.38194625,0.00000000
1.12556278,0.70450572,0.22275755,0.08260713,0.43037240,0.00000000,0.00278933,0.23578119,0.37571395,0.00000000
1.13156578,0.69168516,0.21857365,0.08209457,0.42128472,0.00000000,0.00241218,0.23301048,0.37032549,0.00000000
1.13756878,0.68036457,0.21496471,0.08164594,0.41326807,0.00000000,0.00207106,0.23045628,0.36585777,0.00000000
1.14357179,0.67065215,0.21195800,0.08128605,0.40632884,0.00000000,0.00176542,0.22817943,0.36234135,0.00000000
1.14957479,0.66257099,0.20955228,0.08103041,0.40042305,0.00000000,0.00149411,0.22621548,0.35975918,0.00000000
1.15557779,0.65605883,0.20771801,0.08088453,0.39545919,0.00000000,0.00125546,0.22457317,0.35804721,0.00000000
1.16158079,0.65097118,0.20639868,0.08084351,0.39130275,0.00000000,0.00104741,0.22323422,0.35709683,0.00000000
1.16758379,0.64708782,0.20551315,0.08089224,0.38778239,0.00000000,0.00086765,0.22215433,0.35675904,0.00000000
1.17358679,0.64412243,0.20495898,0.08100611,0.38469740,0.00000000,0.00071372,0.22126538,0.35685035,0.00000000
1.17958979,0.64173496,0.20461668,0.08115214,0.38182624,0.00000000,0.00058309,0.22047887,0.35716011,0.00000000
1.18559280,0.63954632,0.20435461,0.08129052,0.37893581,0.00000000,0.00047324,0.21969021,0.35745893,0.00000000
1.19159580,0.63715465,0.20403439,0.08137658,0.37579104,0.00000000,0.00038177,0.21878382,0.35750798,0.00000000
1.19759880,0.63415248,0.20351663,0.08136286,0.37216444,0.00000000,0.00030640,0.21763875,0.35706862,0.00000000
1.20360180,0.63014414,0.20266666,0.08120146,0.36784510,0.00000000,0.00024505,0.21613440,0.35591209,0.00000000
1.20960480,0.62476240,0.20136005,0.08084625,0.36264700,0.00000000,0.00019587,0.21415631,0.35382864,0.00000000
1.21560780,0.61768384,0.19948770,0.08025513,0.35641595,0.00000000,0.00015726,0.21160148,0.35063588,0.00000000
1.22161081,0.60864215,0.19696028,0.07939196,0.34903521,0.00000000,0.00012788,0.20838312,0.34618587,0.00000000
1.22761381,0.59743887,0.19371182,0.07822827,0.34042940,0.00000000,0.00010668,0.20443455,0.34037074,0.00000000
1.23361681,0.58395113,0.18970238,0.07674454,0.33056662,0.00000000,0.00009292,0.19971215,0.33312656,0.00000000
1.23961981,0.56813622,0.18491968,0.07493111,0.31945880,0.00000000,0.00008617,0.19419712,0.32443532,0.00000000
1.24562281,0.55003278,0.17937963,0.07278859,0.30716027,0.00000000,0.00008632,0.18789613,0.31432514,0.00000000
1.25162581,0.52975890,0.17312594,0.07032784,0.29376475,0.00000000,0.00009364,0.18084084,0.30286853,0.00000000
1.25762881,0.50750725,0.16622870,0.06756948,0.27940104,0.00000000,0.00010875,0.17308635,0.29017910,0.00000000
1.26363182,0.48353765,0.15878216,0.06454308,0.26422745,0.00000000,0.00013271,0.16470866,0.27640683,0.00000000
1.26963482,0.45816765,0.15090193,0.06128593,0.24842564,0.00000000,0.00016702,0.15580144,0.26173219,0.00000000
1.27563782,0.43176163,0.14272159,0.05784164,0.23219389,0.00000000,0.00021366,0.14647220,0.24635945,0.00000000
1.28164082,0.40471903,0.13438909,0.05425852,0.21574032,0.00000000,0.00027517,0.13683811,0.23050963,0.00000000
1.28764382,0.37746231,0.12606299,0.05058789,0.19927638,0.00000000,0.00035466,0.12702168,0.21441327,0.00000000
1.29364682,0.35042521,0.11790877,0.04688241,0.18301075,0.00000000,0.00045588,0.11714654,0.19830348,0.00000000
1.29964982,0.32404180,0.11009530,0.04319446,0.16714410,0.00000000,0.00058327,0.10733353,0.18240952,0.00000000
1.30565283,0.29873658,0.10279166,0.03957469,0.15186474,0.00000000,0.00074196,0.09769713,0.16695113,0.00000000
1.31165583,0.27491610,0.09616423,0.03607075,0.13734535,0.00000000,0.00093779,0.08834258,0.15213381,0.00000000
1.31765883,0.25296211,0.09037421,0.03272624,0.12374080,0.00000000,0.00117737,0.07936356,0.13814515,0.00000000
1.32366183,0.23322627,0.08557549,0.02957995,0.11118718,0.00000000,0.00146794,0.07084058,0.12515224,0.00000000
1.32966483,0.21602644,0.08191282,0.02666533,0.09980178,0.00000000,0.00181743,0.06284013,0.11330012,0.00000000
1.33566783,0.20164425,0.07952020,0.02401018,0.08968404,0.00000000,0.00223426,0.05541444,0.10271126,0.00000000
1.34167084,0.19032385,0.07851948,0.02163662,0.08091737,0.00000000,0.00272726,0.04860189,0.09348584,0.00000000
1.34767384,0.18227142,0.07901888,0.01956119,0.07357146,0.00000000,0.00330544,0.04242792,0.08570280,0.00000000
1.35367684,0.17765527,0.08111163,0.01779516,0.06770512,0.00000000,0.00397777,0.03690639,0.07942135,0.00000000
1.35967984,0.17660616,0.08487433,0.01634486,0.06336922,0.00000000,0.00475292,0.03204125,0.07468286,0.00000000
1.36568284,0.17921759,0.09036524,0.01521219,0.06060971,0.00000000,0.00563886,0.02782842,0.07151285,0.00000000
1.37168584,0.18554595,0.09762237,0.01439511,0.05947036,0.00000000,0.00664255,0.02425770,0.06992309,0.00000000
1.37768884,0.19561028,0.10666141,0.01388807,0.05999518,0.00000000,0.00776953,0.02131474,0.06991344,0.00000000
1.38369185,0.20939166,0.11747356,0.01368256,0.06223022,0.00000000,0.00902346,0.01898282,0.07147347,0.00000000
1.38969485,0.22683227,0.13002342,0.01376746,0.06622476,0.00000000,0.01040578,0.01724449,0.07458379,0.00000000
1.39569785,0.24783415,0.14424695,0.01412943,0.07203162,0.00000000,0.01191523,0.01608292,0.07921695,0.00000000
1.40170085,0.27225793,0.16004990,0.01475324,0.07970667,0.00000000,0.01354756,0.01548294,0.08533796,0.00000000
1.40770385,0.29992161,0.17730653,0.01562199,0.08930740,0.00000000,0.01529521,0.01543176,0.09290442,0.00000000
1.41370685,0.33059974,0.19585921,0.01671733,0.10089053,0.00000000,0.01714707,0.01591931,0.10186636,0.00000000
1.41970985,0.36402319,0.21551871,0.01801964,0.11450886,0.00000000,0.01908843,0.01693826,0.11216575,0.00000000
1.42571286,0.39987974,0.23606552,0.01950819,0.13020716,0.00000000,0.02110093,0.01848369,0.12373581,0.00000000
1.43171586,0.43781577,0.25725225,0.02116128,0.14801750,0.00000000,0.02316277,0.02055243,0.13650025,0.00000000
1.43771886,0.47743898,0.27880708,0.02295638,0.16795398,0.00000000,0.02524895,0.02314220,0.15037239,0.00000000
1.44372186,0.51832253,0.30043838,0.02487034,0.19000713,0.00000000,0.02733170,0.02625041,0.16525440,0.00000000
1.44972486,0.56001031,0.32184028,0.02687956,0.21413825,0.00000000,0.02938110,0.02987298,0.18103666,0.00000000
1.45572786,0.60202345,0.34269909,0.02896024,0.24027391,0.00000000,0.03136573,0.03400293,0.19759733,0.00000000
1.46173087,0.64386789,0.36270047,0.03108861,0.26830087,0.00000000,0.03325346,0.03862901,0.21480216,0.00000000
1.46773387,0.68504274,0.38153694,0.03324124,0.29806183,0.00000000,0.03501235,0.04373440,0.23250472,0.00000000
1.47373687,0.72504928,0.39891553,0.03539530,0.32935223,0.00000000,0.03661155,0.04929553,0.25054698,0.00000000
1.47973987,0.76340022,0.41456528,0.03752890,0.36191839,0.00000000,0.03802221,0.05528109,0.26876027,0.00000000
1.48574287,0.79962888,0.42824420,0.03962132,0.39545733,0.00000000,0.03921836,0.06165134,0.28696679,0.00000000
1.49174587,0.83329817,0.43974552,0.04165335,0.42961837,0.00000000,0.04017774,0.06835774,0.30498145,0.00000000
1.49774887,0.86400883,0.44890288,0.04360746,0.46400671,0.00000000,0.04088249,0.07534291,0.32261428,0.00000000
1.50375188,0.89140678,0.45559419,0.04546805,0.49818903,0.00000000,0.04131971,0.08254099,0.33967315,0.00000000
1.50975488,0.91518949,0.45974425,0.04722155,0.53170112,0.00000000,0.04148187,0.08987846,0.35596691,0.00000000
1.51575788,0.93511090,0.46132573,0.04885654,0.56405724,0.00000000,0.04136703,0.09727528,0.37130881,0.00000000
1.52176088,0.95098513,0.46035878,0.05036377,0.59476125,0.00000000,0.04097882,0.10464635,0.38552014,0.00000000
1.52776388,0.96268864,0.45690910,0.05173614,0.62331877,0.00000000,0.04032635,0.11190339,0.39843399,0.00000000
1.53376688,0.97016099,0.45108477,0.05296861,0.64925042,0.00000000,0.03942378,0.11895697,0.40989893,0.00000000
1.53976988,0.97340420,0.44303193,0.05405808,0.67210511,0.00000000,0.03828990,0.12571868,0.41978259,0.00000000
1.54577289,0.97248079,0.43292951,0.05500325,0.69147334,0.00000000,0.03694740,0.13210343,0.42797494,0.00000000
1.55177589,0.96751062,0.42098332,0.05580439,0.70699959,0.00000000,0.03542219,0.13803162,0.43439106,0.00000000
1.55777889,0.95866656,0.40741974,0.05646316,0.71839337,0.00000000,0.03374255,0.14343126,0.43897346,0.00000000
1.56378189,0.94616936,0.39247920,0.05698238,0.72543851,0.00000000,0.03193827,0.14823978,0.44169352,0.00000000
1.56978489,0.93028158,0.37640984,0.05736578,0.72800015,0.00000000,0.03003983,0.15240557,0.44255228,0.00000000
1.57578789,0.91130100,0.35946139,0.05761783,0.72602913,0.00000000,0.02807759,0.15588911,0.44158033,0.00000000
1.58179090,0.88955347,0.34187966,0.05774349,0.71956359,0.00000000,0.02608099,0.15866366,0.43883670,0.00000000
1.58779390,0.86538554,0.32390156,0.05774801,0.70872776,0.00000000,0.02407796,0.16071553,0.43440705,0.00000000
1.59379690,0.83915691,0.30575093,0.05763678,0.69372785,0.00000000,0.02209434,0.16204384,0.42840084,0.00000000
1.59979990,0.81123289,0.28763522,0.05741516,0.67484543,0.00000000,0.02015348,0.16265983,0.42094790,0.00000000
1.60580290,0.78197714,0.26974291,0.05708832,0.65242851,0.00000000,0.01827589,0.16258587,0.41219437,0.00000000
1.61180590,0.75174478,0.25224184,0.05666116,0.62688065,0.00000000,0.01647915,0.16185399,0.40229815,0.00000000
1.61780890,0.72087601,0.23527834,0.05613821,0.59864886,0.00000000,0.01477776,0.16050428,0.39142423,0.00000000
1.62381191,0.68969057,0.21897699,0.05552353,0.56821058,0.00000000,0.01318330,0.15858309,0.37973991,0.00000000
1.62981491,0.65848299,0.20344115,0.05482076,0.53606040,0.00000000,0.01170449,0.15614111,0.36741024,0.00000000
1.63581791,0.62751893,0.18875399,0.05403305,0.50269705,0.00000000,0.01034747,0.15323157,0.35459384,0.00000000
1.64182091,0.59703263,0.17497996,0.05316311,0.46861123,0.00000000,0.00911607,0.14990850,0.34143928,0.00000000
1.64782391,0.56722551,0.16216670,0.05221333,0.43427462,0.00000000,0.00801212,0.14622523,0.32808223,0.00000000
1.65382691,0.53826614,0.15034711,0.05118582,0.40013047,0.00000000,0.00703582,0.14223308,0.31464335,0.00000000
1.65982991,0.51029125,0.13954164,0.05008264,0.36658608,0.00000000,0.00618608,0.13798046,0.30122713,0.00000000
1.66583292,0.48340805,0.12976064,0.04890594,0.33400719,0.00000000,0.00546087,0.13351225,0.28792163,0.00000000
1.67183592,0.45769747,0.12100664,0.04765824,0.30271461,0.00000000,0.00485750,0.12886950,0.27479906,0.00000000
1.67783892,0.43321836,0.11327657,0.04634261,0.27298269,0.00000000,0.00437295,0.12408950,0.26191723,0.00000000
1.68384192,0.41001232,0.10656374,0.04496305,0.24503991,0.00000000,0.00400407,0.11920616,0.24932161,0.00000000
1.68984492,0.38810905,0.10085956,0.04352466,0.21907102,0.00000000,0.00374777,0.11425056,0.23704797,0.00000000
1.69584792,0.36753185,0.09615501,0.04203404,0.19522083,0.00000000,0.00360119,0.10925174,0.22512534,0.00000000
1.70185093,0.34830312,0.09244171,0.04049946,0.17359911,0.00000000,0.00356176,0.10423763,0.21357924,0.00000000
1.70785393,0.33044956,0.08971258,0.03893112,0.15428644,0.00000000,0.00362722,0.09923595,0.20243475,0.00000000
1.71385693,0.31400684,0.08796218,0.03734137,0.13734060,0.00000000,0.00379567,0.09427516,0.19171958,0.00000000
1.71985993,0.29902356,0.08718663,0.03574475,0.12280325,0.00000000,0.00406546,0.08938530,0.18146665,0.00000000
1.72586293,0.28556425,0.08738319,0.03415809,0.11070648,0.00000000,0.00443514,0.08459867,0.17171623,0.00000000
1.73186593,0.27371137,0.08854952,0.03260044,0.10107912,0.00000000,0.00490334,0.07995033,0.16251750,0.00000000
1.73786893,0.26356619,0.09068272,0.03109293,0.09395232,0.00000000,0.00546869,0.07547837,0.15392940,0.00000000
1.74387194,0.25524837,0.09377818,0.02965854,0.08936428,0.00000000,0.00612964,0.07122396,0.14602079,0.00000000
1.74987494,0.24889449,0.09782837,0.02832174,0.08736392,0.00000000,0.00688441,0.06723108,0.13886978,0.00000000
1.75587794,0.24465532,0.10282162,0.02710806,0.08801329,0.00000000,0.00773082,0.06354608,0.13256249,0.00000000
1.76188094,0.24269198,0.10874095,0.02604359,0.09138850,0.00000000,0.00866627,0.06021693,0.12719093,0.00000000
1.76788394,0.24317121,0.11556314,0.02515433,0.09757924,0.00000000,0.00968767,0.05729226,0.12285047,0.00000000
1.77388694,0.24625964,0.12325802,0.02446557,0.10668666,0.00000000,0.01079137,0.05482027,0.11963660,0.00000000
1.77988994,0.25211740,0.13178794,0.02400109,0.11881968,0.00000000,0.01197327,0.05284744,0.11764143,0.00000000
1.78589295,0.26089118,0.14110769,0.02378247,0.13408987,0.00000000,0.01322876,0.05141708,0.11694980,0.00000000
1.79189595,0.27270688,0.15116464,0.02382830,0.15260478,0.00000000,0.01455283,0.05056798,0.11763528,0.00000000
1.79789895,0.28766217,0.16189916,0.02415340,0.17446021,0.00000000,0.01594018,0.05033282,0.11975612,0.00000000
1.80390195,0.30581901,0.17324534,0.02476814,0.19973133,0.00000000,0.01738523,0.05073679,0.12335134,0.00000000
1.80990495,0.32719656,0.18513180,0.02567775,0.22846328,0.00000000,0.01888227,0.05179620,0.12843715,0.00000000
1.81590795,0.35176463,0.19748269,0.02688180,0.26066139,0.00000000,0.02042550,0.05351719,0.13500372,0.00000000
1.82191096,0.37943797,0.21021872,0.02837372,0.29628158,0.00000000,0.02200906,0.05589472,0.14301265,0.00000000
1.82791396,0.41007166,0.22325808,0.03014053,0.33522141,0.00000000,0.02362708,0.05891164,0.15239505,0.00000000
1.83391696,0.44345800,0.23651737,0.03216272,0.37731220,0.00000000,0.02527361,0.06253817,0.16305056,0.00000000
1.83991996,0.47932498,0.24991235,0.03441432,0.42231292,0.00000000,0.02694255,0.06673161,0.17484733,0.00000000
1.84592296,0.51733686,0.26335860,0.03686315,0.46990610,0.00000000,0.02862756,0.07143640,0.18762304,0.00000000
1.85192596,0.55709674,0.27677202,0.03947137,0.51969646,0.00000000,0.03032194,0.07658461,0.20118705,0.00000000
1.85792896,0.59815168,0.29006935,0.04219615,0.57121242,0.00000000,0.03201840,0.08209683,0.21532364,0.00000000
1.86393197,0.64000008,0.30316864,0.04499064,0.62391089,0.00000000,0.03370900,0.08788341,0.22979642,0.00000000
1.86993497,0.68210157,0.31598986,0.04780505,0.67718544,0.00000000,0.03538495,0.09384616,0.24435368,0.00000000
1.87593797,0.72388924,0.32845572,0.05058802,0.73037781,0.00000000,0.03703652,0.09988043,0.25873470,0.00000000
1.88194097,0.76478381,0.34049276,0.05328796,0.78279255,0.00000000,0.03865306,0.10587752,0.27267669,0.00000000
1.88794397,0.80420963,0.35203284,0.05585464,0.83371452,0.00000000,0.04022299,0.11172735,0.28592231,0.00000000
1.89394697,0.84161182,0.36301502,0.05824070,0.88242858,0.00000000,0.04173396,0.11732132,0.29822734,0.00000000
1.89994997,0.87647404,0.37338784,0.06040320,0.92824087,0.00000000,0.04317310,0.12255534,0.30936829,0.00000000
1.90595298,0.90833612,0.38311199,0.06230499,0.97050075,0.00000000,0.04452737,0.12733278,0.31914965,0.00000000
1.91195598,0.93681088,0.39216313,0.06391606,1.00862263,0.00000000,0.04578399,0.13156731,0.32741038,0.00000000
1.91795898,0.96159917,0.40053488,0.06521456,1.04210642,0.00000000,0.04693091,0.13518555,0.33402942,0.00000000
1.92396198,0.98250254,0.40824155,0.06618758,1.07055592,0.00000000,0.04795745,0.13812930,0.33892995,0.00000000
1.92996498,0.99943255,0.41532051,0.06683167,1.09369393,0.00000000,0.04885478,0.14035736,0.34208210,0.00000000
1.93596798,1.01241631,0.42183384,0.06715295,1.11137336,0.00000000,0.04961653,0.14184675,0.34350397,0.00000000
1.94197099,1.02159750,0.42786897,0.06716687,1.12358365,0.00000000,0.05023925,0.14259332,0.34326092,0.00000000
1.94797399,1.02723275,0.43353814,0.06689767,1.13045190,0.00000000,0.05072276,0.14261170,0.34146303,0.00000000
1.95397699,1.02968314,0.43897637,0.06637739,1.13223857,0.00000000,0.05107042,0.14193458,0.33826084,0.00000000
1.95997999,1.02940086,0.44433785,0.06564462,1.12932767,0.00000000,0.05128916,0.14061126,0.33383951,0.00000000
1.96598299,1.02691166,0.44979069,0.06474298,1.12221173,0.00000000,0.05138935,0.13870563,0.32841156,0.00000000
1.97198599,1.02279334,0.45551024,0.06371940,1.11147217,0.00000000,0.05138448,0.13629359,0.32220861,0.00000000
1.97798899,1.01765139,0.46167083,0.06262218,1.09775576,0.00000000,0.05129061,0.13346005,0.31547228,0.00000000
1.98399200,1.01209264,0.46843669,0.06149913,1.08174822,0.00000000,0.05112565,0.13029557,0.30844485,0.00000000
1.98999500,1.00669811,0.47595200,0.06039559,1.06414619,0.00000000,0.05090853,0.12689292,0.30135983,0.00000000
1.99599800,1.00199633,0.48433097,0.05935262,1.04562884,0.00000000,0.05065824,0.12334352,0.29443308,0.00000000
2.00200100,0.99843840,0.49364816,0.05840543,1.02683034,0.00000000,0.05039281,0.11973410,0.28785473,0.00000000
2.00800400,0.99637604,0.50392996,0.05758196,1.00831468,0.00000000,0.05012831,0.11614363,0.28178224,0.00000000
2.01400700,0.99604369,0.51514747,0.05690182,0.99055388,0.00000000,0.04987792,0.11264067,0.27633499,0.00000000
2.02001001,0.99754579,0.52721162,0.05637563,0.97391066,0.00000000,0.04965117,0.10928121,0.27159051,0.00000000
2.02601301,1.00084976,0.53997082,0.05600473,0.95862647,0.00000000,0.04945323,0.10610721,0.26758262,0.00000000
2.03201601,1.00578522,0.55321141,0.05578122,0.94481525,0.00000000,0.04928461,0.10314571,0.26430141,0.00000000
2.03801901,1.01204971,0.56666123,0.05568853,0.93246335,0.00000000,0.04914094,0.10040874,0.26169514,0.00000000
2.04402201,1.01922047,0.57999625,0.05570225,0.92143538,0.00000000,0.04901310,0.09789380,0.25967387,0.00000000
2.05002501,1.02677202,0.59285005,0.05579132,0.91148570,0.00000000,0.04888763,0.09558505,0.25811470,0.00000000
2.05602801,1.03409863,0.60482584,0.05591952,0.90227489,0.00000000,0.04874731,0.09345500,0.25686828,0.00000000
2.06203102,1.04054059,0.61551055,0.05604712,0.89339024,0.00000000,0.04857203,0.09146669,0.25576628,0.00000000
2.06803402,1.04541314,0.62449030,0.05613267,0.88436919,0.00000000,0.04833981,0.08957616,0.25462954,0.00000000
2.07403702,1.04803653,0.63136652,0.05613483,0.87472453,0.00000000,0.04802789,0.08773513,0.25327638,0.00000000
2.08004002,1.04776587,0.63577197,0.05601414,0.86396998,0.00000000,0.04761392,0.08589378,0.25153082,0.00000000
2.08604302,1.04401933,0.63738589,0.05573466,0.85164494,0.00000000,0.04707714,0.08400337,0.24923026,0.00000000
2.09204602,1.03630329,0.63594735,0.05526550,0.83733726,0.00000000,0.04639944,0.08201875,0.24623228,0.00000000
2.09804902,1.02423344,0.63126646,0.05458193,0.82070284,0.00000000,0.04556632,0.07990049,0.24242035,0.00000000
2.10405203,1.00755077,0.62323259,0.05366637,0.80148138,0.00000000,0.04456768,0.07761666,0.23770823,0.00000000
2.11005503,0.98613202,0.61181937,0.05250892,0.77950762,0.00000000,0.04339841,0.07514409,0.23204280,0.00000000
2.11605803,0.95999405,0.59708630,0.05110760,0.75471768,0.00000000,0.04205863,0.07246925,0.22540543,0.00000000
2.12206103,0.92929235,0.57917688,0.04946826,0.72715051,0.00000000,0.04055388,0.06958849,0.21781181,0.00000000
2.12806403,0.89431390,0.55831344,0.04760415,0.69694462,0.00000000,0.03889488,0.06650790,0.20931035,0.00000000
2.13406703,0.85546502,0.53478910,0.04553521,0.66433054,0.00000000,0.03709718,0.06324271,0.19997934,0.00000000
2.14007004,0.81325499,0.50895721,0.04328717,0.62961964,0.00000000,0.03518062,0.05981628,0.18992298,0.00000000
2.14607304,0.76827654,0.48121900,0.04089041,0.59319001,0.00000000,0.03316858,0.05625885,0.17926675,0.00000000
2.15207604,0.72118418,0.45200999,0.03837878,0.55547050,0.00000000,0.03108717,0.05260604,0.16815213,0.00000000
2.15807904,0.67267169,0.42178591,0.03578831,0.51692357,0.00000000,0.02896436,0.04889726,0.15673115,0.00000000
2.16408204,0.62344971,0.39100881,0.03315597,0.47802804,0.00000000,0.02682913,0.04517409,0.14516097,0.00000000
2.17008504,0.57422464,0.36013393,0.03051848,0.43926254,0.00000000,0.02471055,0.04147870,0.13359875,0.00000000
2.17608804,0.52567953,0.32959790,0.02791125,0.40109034,0.00000000,0.02263706,0.03785243,0.12219702,0.00000000
2.18209105,0.47845784,0.29980873,0.02536748,0.36394618,0.00000000,0.02063580,0.03433456,0.11109970,0.00000000
2.18809405,0.43315042,0.27113781,0.02291740,0.32822554,0.00000000,0.01873202,0.03096132,0.10043899,0.00000000
2.19409705,0.39028606,0.24391412,0.02058777,0.29427663,0.00000000,0.01694870,0.02776512,0.09033305,0.00000000
2.20010005,0.35032562,0.21842069,0.01840154,0.26239506,0.00000000,0.01530627,0.02477415,0.08088459,0.00000000
2.20610305,0.31365953,0.19489329,0.01637770,0.23282133,0.00000000,0.01382244,0.02201217,0.07218031,0.00000000
2.21210605,0.28060849,0.17352092,0.01453129,0.20574072,0.00000000,0.01251216,0.01949859,0.06429115,0.00000000
2.21810905,0.25142671,0.15444814,0.01287366,0.18128546,0.00000000,0.01138770,0.01724880,0.05727314,0.00000000
2.22411206,0.22630731,0.13777862,0.01141271,0.15953869,0.00000000,0.01045877,0.01527467,0.05116892,0.00000000
2.23011506,0.20538912,0.12357973,0.01015333,0.14053972,0.00000000,0.00973264,0.01358521,0.04600950,0.00000000
2.23611806,0.18876434,0.11188768,0.00909784,0.12429032,0.00000000,0.00921436,0.01218732,0.04181646,0.00000000
2.24212106,0.17648647,0.10271286,0.00824650,0.11076141,0.00000000,0.00890691,0.01108661,0.03860412,0.00000000
2.24812406,0.16857786,0.09604505,0.00759800,0.09989980,0.00000000,0.00881134,0.01028827,0.03638175,0.00000000
2.25412706,0.16503654,0.09185829,0.00714988,0.09163472,0.00000000,0.00892682,0.00979783,0.03515562,0.00000000
2.26013007,0.16584189,0.09011500,0.00689898,0.08588368,0.00000000,0.00925073,0.00962189,0.03493080,0.00000000
2.26613307,0.17095892,0.09076938,0.00684176,0.08255753,0.00000000,0.00977859,0.00976879,0.03571262,0.00000000
2.27213607,0.18034102,0.09376984,0.00697455,0.08156457,0.00000000,0.01050399,0.01024904,0.03750772,0.00000000
2.27813907,0.19393109,0.09906055,0.00729377,0.08281354,0.00000000,0.01141847,0.01107566,0.04032470,0.00000000
2.28414207,0.21166129,0.10658199,0.00779600,0.08621565,0.00000000,0.01251136,0.01226427,0.04417426,0.00000000
2.29014507,0.23345123,0.11627073,0.00847797,0.09168536,0.00000000,0.01376963,0.01383304,0.04906888,0.00000000
2.29614807,0.25920518,0.12805842,0.00933652,0.09914040,0.00000000,0.01517774,0.01580232,0.05502205,0.00000000
2.30215108,0.28880830,0.14187018,0.01036847,0.10850077,0.00000000,0.01671755,0.01819414,0.06204707,0.00000000
2.30815408,0.32212227,0.15762253,0.01157037,0.11968704,0.00000000,0.01836827,0.02103138,0.07015545,0.00000000
2.31415708,0.35898061,0.17522108,0.01293829,0.13261814,0.00000000,0.02010651,0.02433679,0.07935493,0.00000000
2.32016008,0.39918402,0.19455803,0.01446755,0.14720862,0.00000000,0.02190647,0.02813175,0.08964724,0.00000000
2.32616308,0.44249594,0.21550979,0.01615234,0.16336571,0.00000000,0.02374017,0.03243484,0.10102565,0.00000000
2.33216608,0.48863871,0.23793469,0.01798547,0.18098632,0.00000000,0.02557785,0.03726031,0.11347235,0.00000000
2.33816908,0.53729043,0.26167112,0.01995801,0.19995397,0.00000000,0.02738850,0.04261636,0.12695582,0.00000000
2.34417209,0.58808279,0.28653599,0.02205901,0.22013607,0.00000000,0.02914045,0.04850348,0.14142822,0.00000000
2.35017509,0.64060013,0.31232381,0.02427525,0.24138143,0.00000000,0.03080209,0.05491269,0.15682304,0.00000000
2.35617809,0.69437960,0.33880638,0.02659099,0.26351837,0.00000000,0.03234261,0.06182401,0.17305298,0.00000000
2.36218109,0.74891288,0.36573313,0.02898784,0.28635336,0.00000000,0.03373283,0.06920504,0.19000827,0.00000000
2.36818409,0.80364923,0.39283228,0.03144466,0.30967046,0.00000000,0.03494597,0.07700984,0.20755564,0.00000000
2.37418709,0.85800014,0.41981275,0.03393762,0.33323153,0.00000000,0.03595844,0.08517819,0.22553785,0.00000000
2.38019010,0.91134549,0.44636690,0.03644027,0.35677747,0.00000000,0.03675047,0.09363530,0.24377416,0.00000000
2.38619310,0.96304125,0.47217411,0.03892378,0.38003034,0.00000000,0.03730673,0.10229205,0.26206161,0.00000000
2.39219610,1.01242869,0.49690515,0.04135727,0.40269660,0.00000000,0.03761677,0.11104578,0.28017732,0.00000000
2.39819910,1.05884497,0.52022734,0.04370829,0.42447130,0.00000000,0.03767526,0.11978174,0.29788173,0.00000000
2.40420210,1.10163494,0.54181039,0.04594336,0.44504325,0.00000000,0.03748217,0.12837509,0.31492288,0.00000000
2.41020510,1.14016408,0.56133284,0.04802864,0.46410108,0.00000000,0.03704262,0.13669354,0.33104153,0.00000000
2.41620810,1.17383201,0.57848896,0.04993071,0.48134004,0.00000000,0.03636674,0.14460044,0.34597713,0.00000000
2.42221111,1.20208656,0.59299585,0.05161736,0.49646929,0.00000000,0.03546916,0.15195836,0.35947437,0.00000000
2.42821411,1.22443770,0.60460064,0.05305846,0.50921951,0.00000000,0.03436857,0.15863294,0.37129017,0.00000000
2.43421711,1.24047104,0.61308746,0.05422683,0.51935052,0.00000000,0.03308700,0.16449692,0.38120072,0.00000000
2.44022011,1.24986025,0.61828393,0.05509908,0.52665855,0.00000000,0.03164910,0.16943410,0.38900852,0.00000000
2.44622311,1.25237802,0.62006692,0.05565635,0.53098300,0.00000000,0.03008135,0.17334318,0.39454882,0.00000000
2.45222611,1.24790484,0.61836720,0.05588503,0.53221214,0.00000000,0.02841125,0.17614121,0.39769541,0.00000000
2.45822911,1.23643538,0.61317294,0.05577726,0.53028768,0.00000000,0.02666654,0.17776652,0.39836534,0.00000000
2.46423212,1.21808182,0.60453160,0.05533131,0.52520775,0.00000000,0.02487446,0.17818099,0.39652236,0.00000000
2.47023512,1.19307394,0.59255021,0.05455179,0.51702830,0.00000000,0.02306105,0.17737149,0.39217890,0.00000000
2.47623812,1.16175591,0.57739391,0.05344961,0.50586267,0.00000000,0.02125064,0.17535054,0.38539649,0.00000000
2.48224112,1.12457948,0.55928272,0.05204179,0.49187924,0.00000000,0.01946532,0.17215605,0.37628449,0.00000000
2.48824412,1.08209406,0.53848664,0.05035102,0.47529744,0.00000000,0.01772466,0.16785011,0.36499722,0.00000000
2.49424712,1.03493368,0.51531916,0.04840509,0.45638194,0.00000000,0.01604541,0.16251708,0.35172967,0.00000000
2.50025013,0.98380155,0.49012955,0.04623613,0.43543556,0.00000000,0.01444144,0.15626082,0.33671179,0.00000000
2.50625313,0.92945257,0.46329403,0.04387970,0.41279091,0.00000000,0.01292369,0.14920142,0.32020179,0.00000000
2.51225613,0.87267473,0.43520642,0.04137383,0.38880136,0.00000000,0.01150027,0.14147143,0.30247869,0.00000000
2.51825913,0.81426993,0.40626836,0.03875805,0.36383153,0.00000000,0.01017661,0.13321185,0.28383443,0.00000000
2.52426213,0.75503512,0.37687981,0.03607228,0.33824780,0.00000000,0.00895570,0.12456800,0.26456583,0.00000000
2.53026513,0.69574452,0.34742991,0.03335596,0.31240918,0.00000000,0.00783832,0.11568557,0.24496697,0.00000000
2.53626813,0.63713354,0.31828878,0.03064705,0.28665897,0.00000000,0.00682335,0.10670681,0.22532198,0.00000000
2.54227114,0.57988503,0.28980045,0.02798134,0.26131745,0.00000000,0.00590809,0.09776725,0.20589872,0.00000000
2.54827414,0.52461835,0.26227713,0.02539175,0.23667580,0.00000000,0.00508853,0.08899288,0.18694355,0.00000000
2.55427714,0.47188149,0.23599511,0.02290790,0.21299166,0.00000000,0.00435967,0.08049788,0.16867722,0.00000000
2.56028014,0.42214645,0.21119215,0.02055575,0.19048605,0.00000000,0.00371579,0.07238315,0.15129211,0.00000000
2.56628314,0.37580780,0.18806653,0.01835751,0.16934207,0.00000000,0.00315070,0.06473531,0.13495068,0.00000000
2.57228614,0.33318433,0.16677761,0.01633163,0.14970499,0.00000000,0.00265795,0.05762645,0.11978518,0.00000000
2.57828914,0.29452333,0.14744769,0.01449297,0.13168382,0.00000000,0.00223105,0.05111443,0.10589850,0.00000000
2.58429215,0.26000719,0.13016501,0.01285311,0.11535406,0.00000000,0.00186358,0.04524360,0.09336588,0.00000000
2.59029515,0.22976172,0.11498763,0.01142068,0.10076150,0.00000000,0.00154938,0.04004599,0.08223746,0.00000000
2.59629815,0.20386569,0.10194786,0.01020184,0.08792681,0.00000000,0.00128259,0.03554270,0.07254134,0.00000000
2.60230115,0.18236086,0.09105702,0.00920071,0.07685061,0.00000000,0.00105780,0.03174551,0.06428689,0.00000000
2.60830415,0.16526207,0.08231020,0.00841987,0.06751886,0.00000000,0.00087004,0.02865844,0.05746824,0.00000000
2.61430715,0.15256669,0.07569074,0.00786075,0.05990834,0.00000000,0.00071487,0.02627934,0.05206759,0.00000000
2.62031016,0.14426306,0.07117433,0.00752405,0.05399198,0.00000000,0.00058840,0.02460127,0.04805826,0.00000000
2.62631316,0.14033740,0.06873238,0.00740997,0.04974389,0.00000000,0.00048729,0.02361359,0.04540728,0.00000000
2.63231616,0.14077900,0.06833473,0.00751844,0.04714397,0.00000000,0.00040880,0.02330288,0.04407751,0.00000000
2.63831916,0.14558337,0.06995145,0.00784919,0.04618206,0.00000000,0.00035079,0.02365341,0.04402908,0.00000000
2.64432216,0.15475336,0.07355389,0.00840172,0.04686145,0.00000000,0.00031173,0.02464740,0.04522029,0.00000000
2.65032516,0.16829818,0.07911491,0.00917516,0.04920184,0.00000000,0.00029074,0.02626483,0.04760790,0.00000000
2.65632816,0.18623057,0.08660849,0.01016805,0.05324176,0.00000000,0.00028758,0.02848309,0.05114689,0.00000000
2.66233117,0.20856230,0.09600869,0.01137801,0.05904032,0.00000000,0.00030270,0.03127635,0.05578980,0.00000000
2.66833417,0.23529824,0.10728840,0.01280136,0.06667850,0.00000000,0.00033727,0.03461476,0.06148577,0.00000000
2.67433717,0.26642963,0.12041778,0.01443275,0.07625997,0.00000000,0.00039323,0.03846359,0.06817942,0.00000000
2.68034017,0.30192676,0.13536281,0.01626469,0.08791129,0.00000000,0.00047332,0.04278242,0.07580967,0.00000000
2.68634317,0.34173172,0.15208402,0.01828719,0.10178184,0.00000000,0.00058113,0.04752443,0.08430875,0.00000000
2.69234617,0.38575167,0.17053560,0.02048747,0.11804311,0.00000000,0.00072116,0.05263580,0.09360141,0.00000000
2.69834917,0.43385310,0.19066509,0.02284963,0.13688766,0.00000000,0.00089884,0.05805556,0.10360461,0.00000000
2.70435218,0.48585753,0.21241365,0.02535462,0.15852749,0.00000000,0.00112060,0.06371563,0.11422767,0.00000000
2.71035518,0.54153909,0.23571708,0.02798016,0.18319183,0.00000000,0.00139389,0.06954135,0.12537293,0.00000000
2.71635818,0.60062410,0.26050744,0.03070100,0.21112433,0.00000000,0.00172717,0.07545241,0.13693706,0.00000000
2.72236118,0.66279310,0.28671537,0.03348916,0.24257949,0.00000000,0.00212993,0.08136422,0.14881297,0.00000000
2.72836418,0.72768505,0.31427287,0.03631446,0.27781837,0.00000000,0.00261265,0.08718965,0.16089213,0.00000000
2.73436718,0.79490392,0.34311643,0.03914516,0.31710335,0.00000000,0.00318672,0.09284118,0.17306743,0.00000000
2.74037019,0.86402721,0.37319031,0.04194871,0.36069213,0.00000000,0.00386438,0.09823333,0.18523627,0.00000000
2.74637319,0.93461616,0.40444972,0.04469260,0.40883074,0.00000000,0.00465854,0.10328521,0.19730377,0.00000000
2.75237619,1.00622729,0.43686370,0.04734536,0.46174587,0.00000000,0.00558264,0.10792322,0.20918595,0.00000000
2.75837919,1.07842443,0.47041739,0.04987746,0.51963637,0.00000000,0.00665043,0.11208366,0.22081263,0.00000000
2.76438219,1.15079090,0.50511360,0.05226232,0.58266431,0.00000000,0.00787569,0.11571515,0.23212992,0.00000000
2.77038519,1.22294105,0.54097338,0.05447710,0.65094569,0.00000000,0.00927200,0.11878072,0.24310204,0.00000000
2.77638819,1.29453054,0.57803553,0.05650357,0.72454122,0.00000000,0.01085235,0.12125951,0.25371239,0.00000000
2.78239120,1.36526476,0.61635498,0.05832861,0.80344733,0.00000000,0.01262886,0.12314783,0.26396376,0.00000000
2.78839420,1.43490487,0.65599999,0.05994471,0.88758794,0.00000000,0.01461236,0.12445974,0.27387751,0.00000000
2.79439720,1.50327109,0.69704821,0.06135013,0.97680733,0.00000000,0.01681206,0.12522677,0.28349183,0.00000000
2.80040020,1.57024280,0.73958175,0.06254885,1.07086427,0.00000000,0.01923515,0.12549713,0.29285907,0.00000000
2.80640320,1.63575562,0.78368131,0.06355029,1.16942807,0.00000000,0.02188644,0.12533404,0.30204217,0.00000000
2.81240620,1.69979519,0.82941966,0.06436882,1.27207644,0.00000000,0.02476800,0.12481360,0.31111045,0.00000000
2.81840920,1.76238805,0.87685445,0.06502297,1.37829557,0.00000000,0.02787884,0.12402195,0.32013485,0.00000000
2.82441221,1.82358995,0.92602089,0.06553453,1.48748240,0.00000000,0.03121462,0.12305207,0.32918290,0.00000000
2.83041521,1.88347196,0.97692412,0.06592750,1.59894900,0.00000000,0.03476736,0.12200018,0.33831358,0.00000000
2.83641821,1.94210524,1.02953180,0.06622690,1.71192907,0.00000000,0.03852526,0.12096202,0.34757248,0.00000000
2.84242121,1.99954488,1.08376694,0.06645756,1.82558614,0.00000000,0.04247251,0.12002907,0.35698727,0.00000000
2.84842421,2.05581387,1.13950121,0.06664291,1.93902337,0.00000000,0.04658916,0.11928488,0.36656392,0.00000000
2.85442721,2.11088771,1.19654901,0.06680390,2.05129447,0.00000000,0.05085109,0.11880177,0.37628376,0.00000000
2.86043022,2.16468076,1.25466237,0.06695793,2.16141548,0.00000000,0.05522999,0.11863784,0.38610159,0.00000000
2.86643322,2.21703483,1.31352709,0.06711805,2.26837706,0.00000000,0.05969343,0.11883462,0.39594483,0.00000000
2.87243622,2.26771082,1.37276018,0.06729233,2.37115700,0.00000000,0.06420500,0.11941534,0.40571400,0.00000000
2.87843922,2.31638404,1.43190904,0.06748345,2.46873285,0.00000000,0.06872452,0.12038390,0.41528427,0.00000000
2.88444222,2.36264351,1.49045255,0.06768858,2.56009436,0.00000000,0.07320839,0.12172467,0.42450827,0.00000000
2.89044522,2.40599582,1.54780429,0.06789950,2.64425594,0.00000000,0.07760997,0.12340293,0.43321989,0.00000000
2.89644822,2.44587333,1.60331834,0.06810299,2.72026900,0.00000000,0.08188016,0.12536621,0.44123904,0.00000000
2.90245123,2.48164700,1.65629763,0.06828146,2.78723436,0.00000000,0.08596798,0.12754623,0.44837713,0.00000000
2.90845423,2.51264336,1.70600507,0.06841371,2.84431484,0.00000000,0.08982139,0.12986149,0.45444313,0.00000000
2.91445723,2.53816522,1.75167748,0.06847604,2.89074810,0.00000000,0.09338815,0.13222032,0.45924985,0.00000000
2.92046023,2.55751551,1.79254214,0.06844325,2.92585985,0.00000000,0.09661682,0.13452438,0.46262038,0.00000000
2.92646323,2.57002323,1.82783565,0.06828991,2.94907726,0.00000000,0.09945788,0.13667235,0.46439430,0.00000000
2.93246623,2.57507068,1.85682471,0.06799153,2.95994255,0.00000000,0.10186485,0.13856372,0.46443347,0.00000000
2.93846923,2.57212061,1.87882812,0.06752573,2.95812630,0.00000000,0.10379550,0.14010250,0.46262720,0.00000000
2.94447224,2.56074226,1.89323920,0.06687332,2.94344008,0.00000000,0.10521310,0.14120073,0.45889657,0.00000000
2.95047524,2.54063486,1.89954779,0.06601922,2.91584788,0.00000000,0.10608750,0.14178164,0.45319774,0.00000000
2.95647824,2.51164744,1.89736068,0.06495323,2.87547549,0.00000000,0.10639624,0.14178233,0.44552418,0.00000000
2.96248124,2.47379390,1.88641962,0.06367055,2.82261730,0.00000000,0.10612545,0.14115585,0.43590762,0.00000000
2.96848424,2.42726229,1.86661576,0.06217212,2.75773959,0.00000000,0.10527054,0.13987266,0.42441783,0.00000000
2.97448724,2.37241772,1.83799973,0.06046466,2.68147982,0.00000000,0.10383667,0.13792138,0.41116107,0.00000000
2.98049025,2.30979842,1.80078664,0.05856050,2.59464135,0.00000000,0.10183897,0.13530882,0.39627747,0.00000000
2.98649325,2.24010495,1.75535546,0.05647716,2.49818317,0.00000000,0.09930240,0.13205934,0.37993732,0.00000000
2.99249625,2.16418271,1.70224262,0.05423676,2.39320479,0.00000000,0.09626135,0.12821354,0.36233636,0.00000000
2.99849925,2.08299857,1.64212990,0.05186519,2.28092621,0.00000000,0.09275888,0.12382644,0.34369051,0.00000000
3.00450225,1.99761237,1.57582695,0.04939124,2.16266366,0.00000000,0.08884571,0.11896508,0.32422990,0.00000000
3.01050525,1.90914460,1.50424923,0.04684552,2.03980176,0.00000000,0.08457897,0.11370592,0.30419277,0.00000000
3.01650825,1.81874178,1.42839216,0.04425947,1.91376296,0.00000000,0.08002071,0.10813188,0.28381921,0.00000000
3.02251126,1.72754095,1.34930272,0.04166429,1.78597568,0.00000000,0.07523626,0.10232936,0.26334513,0.00000000
3.02851426,1.63663507,1.26804971,0.03908992,1.65784208,0.00000000,0.07029256,0.09638532,0.24299662,0.00000000
3.03451726,1.54704083,1.18569398,0.03656417,1.53070701,0.00000000,0.06525643,0.09038448,0.22298489,0.00000000
3.04052026,1.45967029,1.10325999,0.03411196,1.40582927,0.00000000,0.06019294,0.08440681,0.20350193,0.00000000
3.04652326,1.37530776,1.02170982,0.03175470,1.28435630,0.00000000,0.05516384,0.07852542,0.18471709,0.00000000
3.05252626,1.29459265,0.94192075,0.02950982,1.16730334,0.00000000,0.05022626,0.07280482,0.16677454,0.00000000
3.05852926,1.21800908,0.86466711,0.02739060,1.05553766,0.00000000,0.04543154,0.06729972,0.14979172,0.00000000
3.06453227,1.14588243,0.79060706,0.02540602,0.94976836,0.00000000,0.04082440,0.06205428,0.13385879,0.00000000
3.07053527,1.07838277,0.72027460,0.02356092,0.85054199,0.00000000,0.03644232,0.05710186,0.11903891,0.00000000
3.07653827,1.01553466,0.65407664,0.02185628,0.75824358,0.00000000,0.03231521,0.05246522,0.10536943,0.00000000
3.08254127,0.95723260,0.59229507,0.02028958,0.67310312,0.00000000,0.02846540,0.04815715,0.09286372,0.00000000
3.08854427,0.90326103,0.53509322,0.01885533,0.59520649,0.00000000,0.02490782,0.04418139,0.08151358,0.00000000
3.09454727,0.85331776,0.48252615,0.01754567,0.52451037,0.00000000,0.02165039,0.04053388,0.07129216,0.00000000
3.10055028,0.80703945,0.43455377,0.01635096,0.46086001,0.00000000,0.01869468,0.03720417,0.06215704,0.00000000
3.10655328,0.76402784,0.39105621,0.01526046,0.40400913,0.00000000,0.01603655,0.03417692,0.05405351,0.00000000
3.11255628,0.72387530,0.35185029,0.01426289,0.35364086,0.00000000,0.01366707,0.03143346,0.04691785,0.00000000
3.11855928,0.68618870,0.31670630,0.01334706,0.30938879,0.00000000,0.01157331,0.02895330,0.04068047,0.00000000
3.12456228,0.65061047,0.28536444,0.01250234,0.27085748,0.00000000,0.00973928,0.02671553,0.03526882,0.00000000
3.13056528,0.61683600,0.25755000,0.01171908,0.23764151,0.00000000,0.00814676,0.02470010,0.03061002,0.00000000
3.13656828,0.58462704,0.23298698,0.01098895,0.20934270,0.00000000,0.00677608,0.02288886,0.02663311,0.00000000
3.14257129,0.55382050,0.21140952,0.01030519,0.18558485,0.00000000,0.00560688,0.02126647,0.02327091,0.00000000
3.14857429,0.52433279,0.19257110,0.00966271,0.16602595,0.00000000,0.00461871,0.01982098,0.02046149,0.00000000
3.15457729,0.49615984,0.17625121,0.00905816,0.15036742,0.00000000,0.00379159,0.01854428,0.01814924,0.00000000
3.16058029,0.46937298,0.16225963,0.00848985,0.13836064,0.00000000,0.00310635,0.01743228,0.01628549,0.00000000
3.16658329,0.44411140,0.15043836,0.00795768,0.12981045,0.00000000,0.00254505,0.01648489,0.01482883,0.00000000
3.17258629,0.42057164,0.14066149,0.00746294,0.12457606,0.00000000,0.00209108,0.01570586,0.01374513,0.00000000
3.17858929,0.39899477,0.13283311,0.00700808,0.12256927,0.00000000,0.00172941,0.01510237,0.01300715,0.00000000
3.18459230,0.37965204,0.12688381,0.00659647,0.12375044,0.00000000,0.00144652,0.01468455,0.01259407,0.00000000
3.19059530,0.36282962,0.12276587,0.00623210,0.12812216,0.00000000,0.00123048,0.01446484,0.01249068,0.00000000
3.19659830,0.34881303,0.12044759,0.00591932,0.13572116,0.00000000,0.00107082,0.01445727,0.01268648,0.00000000
3.20260130,0.33787190,0.11990704,0.00566253,0.14660849,0.00000000,0.00095848,0.01467665,0.01317466,0.00000000
3.20860430,0.33024553,0.12112563,0.00546594,0.16085838,0.00000000,0.00088566,0.01513771,0.01395098,0.00000000
3.21460730,0.32612964,0.12408162,0.00533328,0.17854607,0.00000000,0.00084564,0.01585419,0.01501259,0.00000000
3.22061031,0.32566472,0.12874398,0.00526761,0.19973495,0.00000000,0.00083271,0.01683793,0.01635687,0.00000000
3.22661331,0.32892622,0.13506670,0.00527105,0.22446332,0.00000000,0.00084196,0.01809796,0.01798025,0.00000000
3.23261631,0.33591680,0.14298394,0.00534467,0.25273141,0.00000000,0.00086916,0.01963960,0.01987715,0.00000000
3.23861931,0.34656083,0.15240596,0.00548833,0.28448876,0.00000000,0.00091065,0.02146361,0.02203896,0.00000000
3.24462231,0.36070125,0.16321617,0.00570056,0.31962291,0.00000000,0.00096320,0.02356552,0.02445313,0.00000000
3.25062531,0.37809886,0.17526936,0.00597849,0.35794949,0.00000000,0.00102396,0.02593490,0.02710249,0.00000000
3.25662831,0.39843416,0.18839112,0.00631787,0.39920455,0.00000000,0.00109035,0.02855496,0.02996469,0.00000000
3.26263132,0.42131162,0.20237868,0.00671301,0.44303949,0.00000000,0.00116006,0.03140220,0.03301193,0.00000000
3.26863432,0.44626648,0.21700302,0.00715692,0.48901908,0.00000000,0.00123096,0.03444638,0.03621088,0.00000000
3.27463732,0.47277391,0.23201233,0.00764136,0.53662299,0.00000000,0.00130112,0.03765063,0.03952294,0.00000000
3.28064032,0.50026042,0.24713671,0.00815701,0.58525102,0.00000000,0.00136881,0.04097189,0.04290474,0.00000000
3.28664332,0.52811727,0.26209401,0.00869367,0.63423224,0.00000000,0.00143249,0.04436164,0.04630895,0.00000000
3.29264632,0.55571556,0.27659664,0.00924050,0.68283797,0.00000000,0.00149088,0.04776682,0.04968540,0.00000000
3.29864932,0.58242275,0.29035917,0.00978629,0.73029834,0.00000000,0.00154295,0.05113112,0.05298240,0.00000000
3.30465233,0.60761999,0.30310646,0.01031980,0.77582211,0.00000000,0.00158798,0.05439642,0.05614839,0.00000000
3.31065533,0.63071987,0.31458198,0.01083007,0.81861904,0.00000000,0.00162562,0.05750449,0.05913371,0.00000000
3.31665833,0.65118398,0.32455613,0.01130682,0.85792409,0.00000000,0.00165587,0.06039880,0.06189253,0.00000000
3.32266133,0.66853970,0.33283418,0.01174078,0.89302259,0.00000000,0.00167921,0.06302643,0.06438483,0.00000000
3.32866433,0.68239562,0.33926348,0.01212405,0.92327527,0.00000000,0.00169657,0.06534000,0.06657844,0.00000000
3.33466733,0.69245495,0.34373974,0.01245048,0.94814213,0.00000000,0.00170940,0.06729952,0.06845089,0.00000000
3.34067034,0.69852656,0.34621206,0.01271594,0.96720414,0.00000000,0.00171967,0.06887409,0.06999119,0.00000000
3.34667334,0.70053300,0.34668650,0.01291861,0.98018163,0.00000000,0.00172992,0.07004341,0.07120135,0.00000000
3.35267634,0.69851522,0.34522802,0.01305914,0.98694863,0.00000000,0.00174325,0.07079890,0.07209753,0.00000000
3.35867934,0.69263389,0.34196068,0.01314087,0.98754238,0.00000000,0.00176334,0.07114461,0.07271085,0.00000000
3.36468234,0.68316696,0.33706608,0.01316979,0.98216736,0.00000000,0.00179438,0.07109759,0.07308780,0.00000000
3.37068534,0.67050373,0.33078004,0.01315459,0.97119379,0.00000000,0.00184114,0.07068791,0.07329009,0.00000000
3.37668834,0.65513541,0.32338762,0.01310651,0.95515032,0.00000000,0.00190885,0.06995817,0.07339401,0.00000000
3.38269135,0.63764263,0.31521656,0.01303915,0.93471121,0.00000000,0.00200314,0.06896257,0.07348932,0.00000000
3.38869435,0.61868009,0.30662945,0.01296816,0.91067841,0.00000000,0.00213005,0.06776561,0.07367756,0.00000000
3.39469735,0.59895894,0.29801463,0.01291091,0.88395920,0.00000000,0.00229584,0.06644032,0.07406982,0.00000000
3.40070035,0.57922751,0.28977638,0.01288601,0.85554009,0.00000000,0.00250690,0.06506618,0.07478411,0.00000000
3.40670335,0.56025072,0.28232431,0.01291277,0.82645802,0.00000000,0.00276965,0.06372675,0.07594223,0.00000000
3.41270635,0.54278898,0.27606257,0.01301071,0.79776985,0.00000000,0.00309035,0.06250713,0.07766631,0.00000000
3.41870935,0.52757714,0.27137881,0.01319887,0.77052110,0.00000000,0.00347489,0.06149125,0.08007500,0.00000000
3.42471236,0.51530395,0.26863351,0.01349524,0.74571507,0.00000000,0.00392866,0.06075913,0.08327956,0.00000000
3.43071536,0.50659271,0.26814968,0.01391607,0.72428335,0.00000000,0.00445627,0.06038422,0.08737970,0.00000000
3.43671836,0.50198353,0.27020330,0.01447528,0.70705853,0.00000000,0.00506136,0.06043078,0.09245960,0.00000000
3.44272136,0.50191772,0.27501479,0.01518386,0.69475009,0.00000000,0.00574638,0.06095156,0.09858397,0.00000000
3.44872436,0.50672466,0.28274161,0.01604932,0.68792401,0.00000000,0.00651236,0.06198573,0.10579447,0.00000000
3.45472736,0.51661160,0.29347244,0.01707523,0.68698677,0.00000000,0.00735869,0.06355713,0.11410654,0.00000000
3.46073037,0.53165653,0.30722285,0.01826084,0.69217416,0.00000000,0.00828299,0.06567302,0.12350682,0.00000000
3.46673337,0.55180457,0.32393292,0.01960082,0.70354519,0.00000000,0.00928095,0.06832323,0.13395129,0.00000000
3.47273637,0.57686787,0.34346676,0.02108515,0.72098116,0.00000000,0.01034623,0.07147983,0.14536430,0.00000000
3.47873937,0.60652913,0.36561416,0.02269911,0.74419007,0.00000000,0.01147049,0.07509744,0.15763854,0.00000000
3.48474237,0.64034886,0.39009436,0.02442344,0.77271599,0.00000000,0.01264335,0.07911397,0.17063604,0.00000000
3.49074537,0.67777607,0.41656184,0.02623471,0.80595333,0.00000000,0.01385258,0.08345201,0.18419030,0.00000000
3.49674837,0.71816225,0.44461430,0.02810573,0.84316531,0.00000000,0.01508428,0.08802069,0.19810943,0.00000000
3.50275138,0.76077830,0.47380229,0.03000626,0.88350632,0.00000000,0.01632310,0.09271812,0.21218046,0.00000000
3.50875438,0.80483392,0.50364055,0.03190366,0.92604720,0.00000000,0.01755263,0.09743414,0.22617441,0.00000000
3.51475738,0.84949881,0.53362053,0.03376388,0.96980277,0.00000000,0.01875576,0.10205353,0.23985232,0.00000000
3.52076038,0.89392505,0.56322376,0.03555228,1.01376066,0.00000000,0.01991512,0.10645939,0.25297174,0.00000000
3.52676338,0.93726984,0.59193557,0.03723472,1.05691031,0.00000000,0.02101355,0.11053669,0.26529362,0.00000000
3.53276638,0.97871782,0.61925859,0.03877850,1.09827133,0.00000000,0.02203459,0.11417580,0.27658929,0.00000000
3.53876938,1.01750210,0.64472567,0.04015335,1.13692002,0.00000000,0.02296291,0.11727590,0.28664719,0.00000000
3.54477239,1.05292326,0.66791154,0.04133233,1.17201333,0.00000000,0.02378476,0.11974810,0.29527918,0.00000000
3.55077539,1.08436558,0.68844284,0.04229258,1.20280909,0.00000000,0.02448836,0.12151821,0.30232598,0.00000000
3.55677839,1.11130998,0.70600617,0.04301600,1.22868226,0.00000000,0.02506418,0.12252899,0.30766174,0.00000000
3.56278139,1.13334311,0.72035378,0.04348970,1.24913638,0.00000000,0.02550517,0.12274175,0.31119732,0.00000000
3.56878439,1.15016262,0.73130685,0.04370626,1.26381011,0.00000000,0.02580694,0.12213740,0.31288227,0.00000000
3.57478739,1.16157831,0.73875625,0.04366386,1.27247885,0.00000000,0.02596773,0.12071671,0.31270542,0.00000000
3.58079040,1.16750955,0.74266097,0.04336613,1.27505162,0.00000000,0.02598842,0.11849989,0.31069409,0.00000000
3.58679340,1.16797923,0.74304428,0.04282186,1.27156368,0.00000000,0.02587233,0.11552552,0.30691192,0.00000000
3.59279640,1.16310491,0.73998820,0.04204456,1.26216550,0.00000000,0.02562505,0.11184886,0.30145563,0.00000000
3.59879940,1.15308767,0.73362650,0.04105179,1.24710889,0.00000000,0.02525413,0.10753962,0.29445063,0.00000000
3.60480240,1.13819958,0.72413671,0.03986451,1.22673116,0.00000000,0.02476872,0.10267930,0.28604605,0.00000000
3.61080540,1.11877043,0.71173181,0.03850628,1.20143830,0.00000000,0.02417929,0.09735831,0.27640914,0.00000000
3.61680840,1.09517462,0.69665183,0.03700245,1.17168794,0.00000000,0.02349718,0.09167284,0.26571956,0.00000000
3.62281141,1.06781868,0.67915594,0.03537933,1.13797310,0.00000000,0.02273430,0.08572178,0.25416361,0.00000000
3.62881441,1.03713014,0.65951532,0.03366347,1.10080724,0.00000000,0.02190278,0.07960371,0.24192888,0.00000000
3.63481741,1.00354809,0.63800711,0.03188098,1.06071131,0.00000000,0.02101467,0.07341416,0.22919928,0.00000000
3.64082041,0.96751566,0.61490956,0.03005686,1.01820301,0.00000000,0.02008171,0.06724311,0.21615082,0.00000000
3.64682341,0.92947439,0.59049837,0.02821460,0.97378848,0.00000000,0.01911512,0.06117302,0.20294814,0.00000000
3.65282641,0.88986062,0.56504431,0.02637576,0.92795644,0.00000000,0.01812545,0.05527713,0.18974186,0.00000000
3.65882941,0.84910337,0.53881178,0.02455972,0.88117441,0.00000000,0.01712253,0.04961845,0.17666679,0.00000000
3.66483242,0.80762353,0.51205828,0.02278357,0.83388690,0.00000000,0.01611536,0.04424899,0.16384096,0.00000000
3.67083542,0.76583394,0.48503439,0.02106207,0.78651497,0.00000000,0.01511216,0.03920963,0.15136530,0.00000000
3.67683842,0.72413982,0.45798406,0.01940767,0.73945680,0.00000000,0.01412035,0.03453031,0.13932409,0.00000000
3.68284142,0.68293912,0.43114493,0.01783063,0.69308877,0.00000000,0.01314660,0.03023057,0.12778571,0.00000000
3.68884442,0.64262246,0.40474840,0.01633923,0.64776656,0.00000000,0.01219691,0.02632038,0.11680393,0.00000000
3.69484742,0.60357226,0.37901929,0.01493991,0.60382595,0.00000000,0.01127660,0.02280121,0.10641932,0.00000000
3.70085043,0.56616093,0.35417495,0.01363748,0.56158307,0.00000000,0.01039040,0.01966722,0.09666084,0.00000000
3.70685343,0.53074784,0.33042376,0.01243537,0.52133385,0.00000000,0.00954247,0.01690651,0.08754743,0.00000000
3.71285643,0.49767525,0.30796299,0.01133573,0.48335258,0.00000000,0.00873646,0.01450240,0.07908949,0.00000000
3.71885943,0.46726322,0.28697611,0.01033969,0.44788981,0.00000000,0.00797547,0.01243469,0.07129035,0.00000000
3.72486243,0.43980372,0.26762968,0.00944742,0.41516948,0.00000000,0.00726207,0.01068077,0.06414748,0.00000000
3.73086543,0.41555419,0.25006993,0.00865827,0.38538567,0.00000000,0.00659833,0.00921666,0.05765359,0.00000000
3.73686843,0.39473104,0.23441933,0.00797082,0.35869919,0.00000000,0.00598575,0.00801795,0.05179757,0.00000000
3.74287144,0.37750328,0.22077323,0.00738297,0.33523431,0.00000000,0.00542527,0.00706055,0.04656530,0.00000000
3.74887444,0.36398683,0.20919697,0.00689196,0.31507591,0.00000000,0.00491725,0.00632127,0.04194036,0.00000000
3.75487744,0.35423990,0.19972339,0.00649439,0.29826745,0.00000000,0.00446147,0.00577841,0.03790461,0.00000000
3.76088044,0.34825974,0.19235130,0.00618625,0.28480991,0.00000000,0.00405712,0.00541203,0.03443886,0.00000000
3.76688344,0.34598114,0.18704470,0.00596296,0.27466202,0.00000000,0.00370282,0.00520433,0.03152343,0.00000000
3.77288644,0.34727686,0.18373308,0.00581938,0.26774185,0.00000000,0.00339661,0.00513978,0.02913882,0.00000000
3.77888944,0.35196034,0.18231290,0.00574990,0.26392995,0.00000000,0.00313606,0.00520534,0.02726634,0.00000000
3.78489245,0.35979055,0.18265009,0.00574850,0.26307391,0.00000000,0.00291823,0.00539049,0.02588887,0.00000000
3.79089545,0.37047912,0.18458374,0.00580890,0.26499437,0.00000000,0.00273984,0.00568736,0.02499164,0.00000000
3.79689845,0.38369959,0.18793079,0.00592459,0.26949229,0.00000000,0.00259727,0.00609078,0.02456302,0.00000000
3.80290145,0.39909848,0.19249166,0.00608908,0.27635720,0.00000000,0.00248667,0.00659831,0.02459533,0.00000000
3.80890445,0.41630793,0.19805659,0.00629603,0.28537613,0.00000000,0.00240409,0.00721031,0.02508561,0.00000000
3.81490745,0.43495937,0.20441258,0.00653940,0.29634287,0.00000000,0.00234553,0.00792992,0.02603630,0.00000000
3.82091046,0.45469771,0.21135048,0.00681367,0.30906704,0.00000000,0.00230710,0.00876305,0.02745576,0.00000000
3.82691346,0.47519540,0.21867226,0.00711402,0.32338258,0.00000000,0.00228506,0.00971834,0.02935864,0.00000000
3.83291646,0.49616577,0.22619783,0.00743647,0.33915513,0.00000000,0.00227598,0.01080700,0.03176592,0.00000000
3.83891946,0.51737482,0.23377134,0.00777802,0.35628778,0.00000000,0.00227676,0.01204264,0.03470471,0.00000000
3.84492246,0.53865090,0.24126660,0.00813677,0.37472480,0.00000000,0.00228477,0.01344093,0.03820761,0.00000000
3.85092546,0.55989156,0.24859128,0.00851194,0.39445298,0.00000000,0.00229790,0.01501917,0.04231173,0.00000000
3.85692846,0.58106713,0.25568976,0.00890393,0.41550023,0.00000000,0.00231457,0.01679577,0.04705727,0.00000000
3.86293147,0.60222052,0.26254439,0.00931418,0.43793133,0.00000000,0.00233382,0.01878950,0.05248564,0.00000000
3.86893447,0.62346306,0.26917505,0.00974510,0.46184075,0.00000000,0.00235528,0.02101872,0.05863724,0.00000000
3.87493747,0.64496633,0.27563694,0.01019988,0.48734281,0.00000000,0.00237921,0.02350039,0.06554882,0.00000000
3.88094047,0.66695012,0.28201676,0.01068224,0.51455924,0.00000000,0.00240644,0.02624902,0.07325060,0.00000000
3.88694347,0.68966693,0.28842718,0.01119611,0.54360498,0.00000000,0.00243833,0.02927554,0.08176316,0.00000000
3.89294647,0.71338360,0.29500004,0.01174533,0.57457245,0.00000000,0.00247674,0.03258616,0.09109433,0.00000000
3.89894947,0.73836088,0.30187844,0.01233326,0.60751542,0.00000000,0.00252393,0.03618120,0.10123610,0.00000000
3.90495248,0.76483188,0.30920804,0.01296239,0.64243314,0.00000000,0.00258247,0.04005405,0.11216179,0.00000000
3.91095548,0.79298051,0.31712802,0.01363404,0.67925566,0.00000000,0.00265515,0.04419019,0.12382366,0.00000000
3.91695848,0.82292111,0.32576212,0.01434795,0.71783146,0.00000000,0.00274484,0.04856652,0.13615103,0.00000000
3.92296148,0.85468025,0.33521014,0.01510202,0.75791795,0.00000000,0.00285440,0.05315083,0.14904919,0.00000000
3.92896448,0.88818204,0.34554030,0.01589213,0.79917599,0.00000000,0.00298651,0.05790162,0.16239910,0.00000000
3.93496748,0.92323772,0.35678293,0.01671195,0.84116869,0.00000000,0.00314360,0.06276834,0.17605809,0.00000000
3.94097049,0.95954034,0.36892567,0.01755295,0.88336513,0.00000000,0.00332767,0.06769188,0.18986158,0.00000000
3.94697349,0.99666510,0.38191051,0.01840443,0.92514900,0.00000000,0.00354020,0.07260554,0.20362577,0.00000000
3.95297649,1.03407556,0.39563277,0.01925374,0.96583215,0.00000000,0.00378206,0.07743641,0.21715138,0.00000000
3.95897949,1.07113565,0.40994211,0.02008655,1.00467251,0.00000000,0.00405337,0.08210698,0.23022823,0.00000000
3.96498249,1.10712712,0.42464552,0.02088721,1.04089593,0.00000000,0.00435346,0.08653718,0.24264062,0.00000000
3.97098549,1.14127168,0.43951218,0.02163924,1.07372079,0.00000000,0.00468081,0.09064661,0.25417324,0.00000000
3.97698849,1.17275702,0.45427987,0.02232586,1.10238449,0.00000000,0.00503301,0.09435688,0.26461738,0.00000000
3.98299150,1.20076536,0.46866283,0.02293055,1.12617053,0.00000000,0.00540677,0.09759411,0.27377724,0.00000000
3.98899450,1.22450343,0.48236057,0.02343763,1.14443481,0.00000000,0.00579792,0.10029128,0.28147609,0.00000000
3.99499750,1.24323220,0.49506733,0.02383287,1.15663010,0.00000000,0.00620152,0.10239046,0.28756182,0.00000000
4.00100050,1.25629526,0.50648177,0.02410398,1.16232721,0.00000000,0.00661189,0.10384482,0.29191194,0.00000000
4.00700350,1.26314422,0.51631651,0.02424108,1.16123213,0.00000000,0.00702276,0.10462026,0.29443751,0.00000000
4.01300650,1.26336024,0.52430722,0.02423716,1.15319813,0.00000000,0.00742741,0.10469658,0.29508602,0.00000000
4.01900950,1.25667041,0.53022078,0.02408825,1.13823229,0.00000000,0.00781885,0.10406827,0.29384300,0.00000000
4.02501251,1.24295860,0.53386241,0.02379369,1.11649641,0.00000000,0.00818999,0.10274465,0.29073232,0.00000000
4.03101551,1.22227020,0.53508146,0.02335608,1.08830208,0.00000000,0.00853389,0.10074961,0.28581523,0.00000000
4.03701851,1.19481060,0.53377569,0.02278126,1.05410048,0.00000000,0.00884394,0.09812075,0.27918812,0.00000000
4.04302151,1.16093795,0.52989408,0.02207811,1.01446740,0.00000000,0.00911413,0.09490813,0.27097914,0.00000000
4.04902451,1.12115031,0.52343797,0.02125818,0.97008440,0.00000000,0.00933923,0.09117253,0.26134394,0.00000000
4.05502751,1.07606833,0.51446078,0.02033540,0.92171708,0.00000000,0.00951505,0.08698349,0.25046060,0.00000000
4.06103052,1.02641419,0.50306620,0.01932553,0.87019154,0.00000000,0.00963857,0.08241704,0.23852413,0.00000000
4.06703352,0.97298799,0.48940520,0.01824572,0.81637021,0.00000000,0.00970817,0.07755332,0.22574064,0.00000000
4.07303652,0.91664270,0.47367186,0.01711394,0.76112822,0.00000000,0.00972373,0.07247422,0.21232153,0.00000000
4.07903952,0.85825893,0.45609828,0.01594851,0.70533113,0.00000000,0.00968674,0.06726103,0.19847793,0.00000000
4.08504252,0.79872041,0.43694887,0.01476754,0.64981505,0.00000000,0.00960036,0.06199232,0.18441553,0.00000000
4.09104552,0.73889139,0.41651407,0.01358853,0.59536979,0.00000000,0.00946946,0.05674199,0.17032999,0.00000000
4.09704852,0.67959656,0.39510385,0.01242797,0.54272544,0.00000000,0.00930057,0.05157767,0.15640310,0.00000000
4.10305153,0.62160415,0.37304109,0.01130098,0.49254262,0.00000000,0.00910180,0.04655946,0.14279977,0.00000000
4.10905453,0.56561264,0.35065517,0.01022112,0.44540645,0.00000000,0.00888280,0.04173897,0.12966575,0.00000000
4.11505753,0.51224121,0.32827565,0.00920022,0.40182398,0.00000000,0.00865457,0.03715884,0.11712633,0.00000000
4.12106053,0.46202379,0.30622655,0.00824823,0.36222475,0.00000000,0.00842930,0.03285249,0.10528571,0.00000000
4.12706353,0.41540670,0.28482091,0.00737330,0.32696390,0.00000000,0.00822020,0.02884426,0.09422719,0.00000000
4.13306653,0.37274928,0.26435609,0.00658176,0.29632726,0.00000000,0.00804125,0.02514983,0.08401383,0.00000000
4.13906953,0.33432712,0.24510956,0.00587824,0.27053765,0.00000000,0.00790697,0.02177686,0.07468980,0.00000000
4.14507254,0.30033737,0.22733537,0.00526583,0.24976181,0.00000000,0.00783220,0.01872581,0.06628194,0.00000000
4.15107554,0.27090535,0.21126118,0.00474619,0.23411722,0.00000000,0.00783182,0.01599092,0.05880162,0.00000000
4.15707854,0.24609208,0.19708592,0.00431976,0.22367823,0.00000000,0.00792048,0.01356118,0.05224677,0.00000000
4.16308154,0.22590198,0.18497797,0.00398596,0.21848109,0.00000000,0.00811236,0.01142142,0.04660387,0.00000000
4.16908454,0.21029042,0.17507381,0.00374327,0.21852740,0.00000000,0.00842086,0.00955335,0.04184988,0.00000000
4.17508754,0.19917061,0.16747713,0.00358945,0.22378590,0.00000000,0.00885837,0.00793649,0.03795402,0.00000000
4.18109055,0.19241960,0.16225834,0.00352164,0.23419256,0.00000000,0.00943599,0.00654914,0.03487939,0.00000000
4.18709355,0.18988325,0.15945439,0.00353642,0.24964895,0.00000000,0.01016326,0.00536908,0.03258431,0.00000000
4.19309655,0.19138007,0.15906891,0.00362993,0.27001935,0.00000000,0.01104789,0.00437436,0.03102343,0.00000000
4.19909955,0.19670401,0.16107268,0.00379787,0.29512686,0.00000000,0.01209558,0.00354379,0.03014864,0.00000000
4.20510255,0.20562645,0.16540435,0.00403556,0.32474914,0.00000000,0.01330970,0.00285745,0.02990977,0.00000000
4.21110555,0.21789742,0.17197150,0.00433790,0.35861427,0.00000000,0.01469114,0.00229705,0.03025509,0.00000000
4.21710855,0.23324662,0.18065203,0.00469940,0.39639747,0.00000000,0.01623814,0.00184616,0.03113177,0.00000000
4.22311156,0.25138429,0.19129595,0.00511418,0.43771930,0.00000000,0.01794610,0.00149044,0.03248621,0.00000000
4.22911456,0.27200249,0.20372755,0.00557595,0.48214590,0.00000000,0.01980751,0.00121773,0.03426443,0.00000000
4.23511756,0.29477699,0.21774804,0.00607806,0.52919188,0.00000000,0.02181190,0.00101816,0.03641244,0.00000000
4.24112056,0.31937000,0.23313871,0.00661352,0.57832621,0.00000000,0.02394583,0.00088419,0.03887678,0.00000000
4.24712356,0.34543412,0.24966457,0.00717505,0.62898138,0.00000000,0.02619303,0.00081063,0.04160517,0.00000000
4.25312656,0.37261743,0.26707847,0.00775522,0.68056593,0.00000000,0.02853447,0.00079463,0.04454728,0.00000000
4.25912956,0.40056988,0.28512578,0.00834653,0.73248003,0.00000000,0.03094867,0.00083572,0.04765571,0.00000000
4.26513257,0.42895093,0.30354942,0.00894156,0.78413405,0.00000000,0.03341196,0.00093583,0.05088712,0.00000000
4.27113557,0.45743807,0.32209522,0.00953316,0.83496910,0.00000000,0.03589891,0.00109926,0.05420342,0.00000000
4.27713857,0.48573623,0.34051755,0.01011464,0.88447922,0.00000000,0.03838280,0.00133271,0.05757317,0.00000000
4.28314157,0.51358740,0.35858500,0.01067996,0.93223377,0.00000000,0.04083614,0.00164529,0.06097284,0.00000000
4.28914457,0.54078022,0.37608588,0.01122394,0.97789922,0.00000000,0.04323128,0.00204846,0.06438814,0.00000000
4.29514757,0.56715892,0.39283355,0.01174245,1.02125904,0.00000000,0.04554106,0.00255602,0.06781513,0.00000000
4.30115058,0.59263107,0.40867114,0.01223259,1.06223039,0.00000000,0.04773948,0.00318399,0.07126114,0.00000000
4.30715358,0.61717363,0.42347560,0.01269282,1.10087637,0.00000000,0.04980235,0.00395044,0.07474534,0.00000000
4.31315658,0.64083664,0.43716079,0.01312307,1.13741296,0.00000000,0.05170794,0.00487525,0.07829887,0.00000000
4.31915958,0.66374425,0.44967947,0.01352478,1.17220940,0.00000000,0.05343762,0.00597980,0.08196455,0.00000000
4.32516258,0.68609252,0.46102405,0.01390090,1.20578154,0.00000000,0.05497633,0.00728648,0.08579594,0.00000000
4.33116558,0.70814384,0.47122584,0.01425580,1.23877772,0.00000000,0.05631304,0.00881815,0.08985584,0.00000000
4.33716858,0.73021781,0.48035286,0.01459510,1.27195710,0.00000000,0.05744103,0.01059747,0.09421422,0.00000000
4.34317159,0.75267855,0.48850614,0.01492554,1.30616077,0.00000000,0.05835806,0.01264605,0.09894547,0.00000000
4.34917459,0.77591878,0.49581451,0.01525459,1.34227639,0.00000000,0.05906636,0.01498353,0.10412515,0.00000000
4.35517759,0.80034102,0.50242811,0.01559019,1.38119747,0.00000000,0.05957244,0.01762660,0.10982630,0.00000000
4.36118059,0.82633652,0.50851063,0.01594035,1.42377871,0.00000000,0.05988676,0.02058786,0.11611534,0.00000000
4.36718359,0.85426268,0.51423070,0.01631272,1.47078927,0.00000000,0.06002321,0.02387474,0.12304785,0.00000000
4.37318659,0.88442004,0.51975276,0.01671417,1.52286589,0.00000000,0.05999845,0.02748836,0.13066429,0.00000000
4.37918959,0.91702961,0.52522762,0.01715038,1.58046823,0.00000000,0.05983114,0.03142255,0.13898594,0.00000000
4.38519260,0.95221203,0.53078333,0.01762541,1.64383852,0.00000000,0.05954106,0.03566286,0.14801120,0.00000000
4.39119560,0.98996938,0.53651680,0.01814134,1.71296791,0.00000000,0.05914822,0.04018591,0.15771257,0.00000000
4.39719860,1.03017102,0.54248649,0.01869801,1.78757141,0.00000000,0.05867193,0.04495888,0.16803432,0.00000000
4.40320160,1.07254420,0.54870667,0.01929276,1.86707339,0.00000000,0.05812992,0.04993933,0.17889132,0.00000000
4.40920460,1.11667057,0.55514381,0.01992039,1.95060480,0.00000000,0.05753760,0.05507541,0.19016886,0.00000000
4.41520760,1.16198890,0.56171505,0.02057306,2.03701319,0.00000000,0.05690739,0.06030640,0.20172377,0.00000000
4.42121061,1.20780460,0.56828927,0.02124049,2.12488565,0.00000000,0.05624823,0.06556371,0.21338687,0.00000000
4.42721361,1.25330579,0.57469078,0.02191016,2.21258448,0.00000000,0.05556537,0.07077227,0.22496658,0.00000000
4.43321661,1.29758586,0.58070547,0.02256766,2.29829454,0.00000000,0.05486032,0.07585227,0.23625379,0.00000000
4.43921961,1.33967160,0.58608940,0.02319712,2.38008073,0.00000000,0.05413098,0.08072135,0.24702778,0.00000000
4.44522261,1.37855608,0.59057947,0.02378178,2.45595345,0.00000000,0.05337210,0.08529695,0.25706289,0.00000000
4.45122561,1.41323483,0.59390577,0.02430458,2.52393930,0.00000000,0.05257589,0.08949897,0.26613580,0.00000000
4.45722861,1.44274407,0.59580504,0.02474878,2.58215417,0.00000000,0.05173276,0.09325252,0.27403313,0.00000000
4.46323162,1.46619904,0.59603478,0.02509863,2.62887546,0.00000000,0.05083226,0.09649060,0.28055885,0.00000000
4.46923462,1.48283093,0.59438721,0.02534000,2.66261018,0.00000000,0.04986404,0.09915679,0.28554142,0.00000000
4.47523762,1.49202068,0.59070266,0.02546095,2.68215593,0.00000000,0.04881890,0.10120762,0.28884012,0.00000000
4.48124062,1.49332805,0.58488158,0.02545226,2.68665191,0.00000000,0.04768977,0.10261465,0.29035040,0.00000000
4.48724362,1.48651470,0.57689482,0.02530783,2.67561768,0.00000000,0.04647260,0.10336613,0.29000795,0.00000000
4.49324662,1.47156017,0.56679161,0.02502497,2.64897801,0.00000000,0.04516719,0.10346815,0.28779133,0.00000000
4.49924962,1.44867012,0.55470504,0.02460455,2.60707265,0.00000000,0.04377779,0.10294522,0.28372305,0.00000000
4.50525263,1.41827647,0.54085466,0.02405105,2.55065079,0.00000000,0.04231356,0.10184027,0.27786897,0.00000000
4.51125563,1.38102941,0.52554638,0.02337241,2.48085060,0.00000000,0.04078878,0.10021404,0.27033623,0.00000000
4.51725863,1.33778194,0.50916947,0.02257985,2.39916487,0.00000000,0.03922287,0.09814388,0.26126969,0.00000000
4.52326163,1.28956742,0.49219103,0.02168744,2.30739455,0.00000000,0.03764016,0.09572206,0.25084711,0.00000000
4.52926463,1.23757133,0.47514803,0.02071168,2.20759221,0.00000000,0.03606951,0.09305349,0.23927332,0.00000000
4.53526763,1.18309845,0.45863733,0.01967098,2.10199803,0.00000000,0.03454371,0.09025312,0.22677371,0.00000000
4.54127064,1.12753669,0.44330400,0.01858506,1.99297108,0.00000000,0.03309869,0.08744298,0.21358718,0.00000000
4.54727364,1.07231914,0.42982823,0.01747435,1.88291852,0.00000000,0.03177269,0.08474899,0.19995908,0.00000000
4.55327664,1.01888555,0.41891135,0.01635941,1.77422546,0.00000000,0.03060529,0.08229762,0.18613427,0.00000000
4.55927964,0.96864456,0.41126098,0.01526029,1.66918796,0.00000000,0.02963632,0.08021255,0.17235059,0.00000000
4.56528264,0.92293774,0.40757587,0.01419607,1.56995121,0.00000000,0.02890485,0.07861129,0.15883304,0.00000000
4.57128564,0.88300640,0.40853045,0.01318431,1.47845471,0.00000000,0.02844809,0.07760202,0.14578877,0.00000000
4.57728864,0.84996189,0.41475932,0.01224073,1.39638581,0.00000000,0.02830035,0.07728057,0.13340300,0.00000000
4.58329165,0.82475983,0.42684180,0.01137880,1.32514243,0.00000000,0.02849201,0.07772771,0.12183600,0.00000000
4.58929465,0.80817873,0.44528677,0.01060957,1.26580560,0.00000000,0.02904862,0.07900667,0.11122099,0.00000000
4.59529765,0.80080308,0.47051777,0.00994153,1.21912195,0.00000000,0.02998996,0.08116120,0.10166315,0.00000000
4.60130065,0.80301105,0.50285864,0.00938047,1.18549603,0.00000000,0.03132931,0.08421389,0.09323937,0.00000000
4.60730365,0.81496676,0.54252000,0.00892957,1.16499206,0.00000000,0.03307275,0.08816505,0.08599890,0.00000000
4.61330665,0.83661701,0.58958665,0.00858942,1.15734470,0.00000000,0.03521864,0.09299209,0.07996464,0.00000000
4.61930965,0.86769253,0.64400643,0.00835819,1.16197797,0.00000000,0.03775714,0.09864935,0.07513488,0.00000000
4.62531266,0.90771346,0.70558099,0.00823180,1.17803170,0.00000000,0.04067005,0.10506862,0.07148548,0.00000000
4.63131566,0.95599917,0.77395881,0.00820414,1.20439463,0.00000000,0.04393061,0.11216013,0.06897237,0.00000000
4.63731866,1.01168221,0.84863123,0.00826736,1.23974310,0.00000000,0.04750367,0.11981411,0.06753406,0.00000000
4.64332166,1.07372630,0.92893188,0.00841210,1.28258463,0.00000000,0.05134596,0.12790301,0.06709440,0.00000000
4.64932466,1.14094830,1.01404015,0.00862783,1.33130501,0.00000000,0.05540657,0.13628415,0.06756519,0.00000000
4.65532766,1.21204379,1.10298907,0.00890313,1.38421799,0.00000000,0.05962771,0.14480293,0.06884880,0.00000000
4.66133067,1.28561603,1.19467796,0.00922602,1.43961620,0.00000000,0.06394561,0.15329644,0.07084074,0.00000000
4.66733367,1.36020791,1.28789014,0.00958424,1.49582212,0.00000000,0.06829172,0.16159743,0.07343209,0.00000000
4.67333667,1.43433612,1.38131538,0.00996557,1.55123744,0.00000000,0.07259401,0.16953846,0.07651180,0.00000000
4.67933967,1.50652697,1.47357714,0.01035812,1.60438972,0.00000000,0.07677851,0.17695628,0.07996896,0.00000000
4.68534267,1.57535297,1.56326383,0.01075058,1.65397454,0.00000000,0.08077096,0.18369605,0.08369485,0.00000000
4.69134567,1.63946898,1.64896344,0.01113248,1.69889196,0.00000000,0.08449858,0.18961550,0.08758490,0.00000000
4.69734867,1.69764706,1.72930040,0.01149442,1.73827601,0.00000000,0.08789185,0.19458875,0.09154054,0.00000000
4.70335168,1.74880871,1.80297361,0.01182820,1.77151593,0.00000000,0.09088627,0.19850971,0.09547085,0.00000000
4.70935468,1.79205345,1.86879400,0.01212704,1.79826851,0.00000000,0.09342412,0.20129493,0.09929395,0.00000000
4.71535768,1.82668251,1.92572031,0.01238563,1.81846088,0.00000000,0.09545599,0.20288571,0.10293831,0.00000000
4.72136068,1.85221685,1.97289150,0.01260022,1.83228370,0.00000000,0.09694217,0.20324961,0.10634364,0.00000000
4.72736368,1.86840858,2.00965427,0.01276862,1.84017478,0.00000000,0.09785380,0.20238101,0.10946155,0.00000000
4.73336668,1.87524522,2.03558445,0.01289015,1.84279408,0.00000000,0.09817367,0.20030100,0.11225593,0.00000000
4.73936968,1.87294663,2.05050106,0.01296560,1.84099070,0.00000000,0.09789676,0.19705633,0.11470285,0.00000000
4.74537269,1.86195448,2.05447225,0.01299705,1.83576362,0.00000000,0.09703035,0.19271775,0.11679024,0.00000000
4.75137569,1.84291461,2.04781268,0.01298777,1.82821752,0.00000000,0.09559380,0.18737756,0.11851713,0.00000000
4.75737869,1.81665286,2.03107215,0.01294198,1.81951567,0.00000000,0.09361797,0.18114665,0.11989256,0.00000000
4.76338169,1.78414534,2.00501591,0.01286464,1.81083180,0.00000000,0.09114430,0.17415101,0.12093428,0.00000000
4.76938469,1.74648404,1.97059718,0.01276124,1.80330287,0.00000000,0.08822352,0.16652799,0.12166711,0.00000000
4.77538769,1.70483933,1.92892318,0.01263751,1.79798458,0.00000000,0.08491418,0.15842231,0.12212122,0.00000000
4.78139070,1.66042052,1.88121589,0.01249925,1.79581141,0.00000000,0.08128091,0.14998206,0.12233024,0.00000000
4.78739370,1.61443618,1.82876916,0.01235203,1.79756240,0.00000000,0.07739254,0.14135477,0.12232940,0.00000000
4.79339670,1.56805554,1.77290424,0.01220103,1.80383404,0.00000000,0.07332018,0.13268368,0.12215377,0.00000000
4.79939970,1.52237244,1.71492526,0.01205086,1.81502073,0.00000000,0.06913523,0.12410440,0.12183660,0.00000000
4.80540270,1.47837310,1.65607679,0.01190538,1.83130346,0.00000000,0.06490751,0.11574192,0.12140791,0.00000000
4.81140570,1.43690885,1.59750519,0.01176765,1.85264664,0.00000000,0.06070350,0.10770812,0.12089332,0.00000000
4.81740870,1.39867466,1.54022518,0.01163981,1.87880272,0.00000000,0.05658472,0.10009986,0.12031334,0.00000000
4.82341171,1.36419404,1.48509309,0.01152311,1.90932419,0.00000000,0.05260639,0.09299762,0.11968279,0.00000000
4.82941471,1.33381085,1.43278755,0.01141789,1.94358204,0.00000000,0.04881632,0.08646469,0.11901081,0.00000000
4.83541771,1.30768792,1.38379838,0.01132365,1.98078980,0.00000000,0.04525416,0.08054698,0.11830105,0.00000000
4.84142071,1.28581245,1.33842365,0.01123915,2.02003198,0.00000000,0.04195084,0.07527336,0.11755226,0.00000000
4.84742371,1.26800770,1.29677492,0.01116251,2.06029591,0.00000000,0.03892842,0.07065643,0.11675915,0.00000000
4.85342671,1.25395031,1.25878989,0.01109140,2.10050577,0.00000000,0.03620018,0.06669383,0.11591349,0.00000000
4.85942971,1.24319249,1.22425170,0.01102313,2.13955776,0.00000000,0.03377099,0.06336986,0.11500529,0.00000000
4.86543272,1.23518794,1.19281354,0.01095490,2.17635528,0.00000000,0.03163794,0.06065740,0.11402422,0.00000000
4.87143572,1.22932059,1.16402744,0.01088391,2.20984329,0.00000000,0.02979114,0.05852007,0.11296090,0.00000000
4.87743872,1.22493473,1.13737549,0.01080755,2.23904085,0.00000000,0.02821473,0.05691455,0.11180828,0.00000000
4.88344172,1.22136555,1.11230208,0.01072355,2.26307102,0.00000000,0.02688795,0.05579286,0.11056280,0.00000000
4.88944472,1.21796861,1.08824553,0.01063013,2.28118750,0.00000000,0.02578632,0.05510466,0.10922549,0.00000000
4.89544772,1.21414742,1.06466787,0.01052610,2.29279712,0.00000000,0.02488284,0.05479948,0.10780273,0.00000000
4.90145073,1.20937780,1.04108123,0.01041095,2.29747788,0.00000000,0.02414916,0.05482864,0.10630683,0.00000000
4.90745373,1.20322822,1.01707004,0.01028490,2.29499167,0.00000000,0.02355663,0.05514699,0.10475630,0.00000000
4.91345673,1.19537542,0.99230809,0.01014893,2.28529156,0.00000000,0.02307738,0.05571426,0.10317580,0.00000000
4.91945973,1.18561473,0.96657003,0.01000479,2.26852313,0.00000000,0.02268513,0.05649615,0.10159571,0.00000000
4.92546273,1.17386472,0.93973704,0.00985490,2.24501981,0.00000000,0.02235593,0.05746481,0.10005150,0.00000000
4.93146573,1.16016624,0.91179676,0.00970233,2.21529208,0.00000000,0.02206871,0.05859913,0.09858272,0.00000000
4.93746873,1.14467593,0.88283783,0.00955065,2.18001098,0.00000000,0.02180562,0.05988441,0.09723169,0.00000000
4.94347174,1.12765463,0.85303966,0.00940385,2.13998605,0.00000000,0.02155226,0.06131176,0.09604210,0.00000000
4.94947474,1.10945134,0.82265811,0.00926611,2.09613868,0.00000000,0.02129766,0.06287705,0.09505730,0.00000000
4.95547774,1.09048368,0.79200819,0.00914171,2.04947157,0.00000000,0.02103414,0.06457959,0.09431862,0.00000000
4.96148074,1.07121560,0.76144469,0.00903480,2.00103559,0.00000000,0.02075705,0.06642064,0.09386360,0.00000000
4.96748374,1.05213381,0.73134193,0.00894928,1.95189523,0.00000000,0.02046438,0.06840163,0.09372434,0.00000000
4.97348674,1.03372388,0.70207356,0.00888858,1.90309429,0.00000000,0.02015624,0.07052251,0.09392598,0.00000000
4.97948974,1.01644727,0.67399369,0.00885558,1.85562324,0.00000000,0.01983440,0.07278004,0.09448548,0.00000000
4.98549275,1.00072051,0.64741996,0.00885243,1.81038979,0.00000000,0.01950169,0.07516628,0.09541068,0.00000000
4.99149575,0.98689750,0.62261956,0.00888050,1.76819425,0.00000000,0.01916147,0.07766741,0.09669981,0.00000000
4.99749875,0.97525581,0.59979855,0.00894034,1.72971075,0.00000000,0.01881716,0.08026277,0.09834138,0.00000000
5.00350175,0.96598754,0.57909505,0.00903162,1.69547537,0.00000000,0.01847178,0.08292444,0.10031470,0.00000000
5.00950475,0.95919531,0.56057636,0.00915324,1.66588193,0.00000000,0.01812760,0.08561721,0.10259073,0.00000000
5.01550775,0.95489325,0.54423994,0.00930334,1.64118541,0.00000000,0.01778591,0.08829904,0.10513355,0.00000000
5.02151076,0.95301301,0.53001799,0.00947946,1.62151306,0.00000000,0.01744686,0.09092202,0.10790224,0.00000000
5.02751376,0.95341421,0.51778535,0.00967866,1.60688226,0.00000000,0.01710940,0.09343378,0.11085301,0.00000000
5.03351676,0.95589868,0.50736990,0.00989774,1.59722433,0.00000000,0.01677138,0.09577918,0.11394180,0.00000000
5.03951976,0.96022758,0.49856494,0.01013339,1.59241261,0.00000000,0.01642964,0.09790241,0.11712684,0.00000000
5.04552276,0.96614033,0.49114272,0.01038242,1.59229319,0.00000000,0.01608030,0.09974920,0.12037134,0.00000000
5.05152576,0.97337426,0.48486839,0.01064196,1.59671633,0.00000000,0.01571898,0.10126911,0.12364601,0.00000000
5.05752876,0.98168373,0.47951345,0.01090965,1.60556657,0.00000000,0.01534113,0.10241775,0.12693130,0.00000000
5.06353177,0.99085778,0.47486816,0.01118381,1.61878956,0.00000000,0.01494236,0.10315884,0.13021928,0.00000000
5.06953477,1.00073515,0.47075218,0.01146355,1.63641378,0.00000000,0.01451873,0.10346596,0.13351495,0.00000000
5.07553777,1.01121599,0.46702290,0.01174891,1.65856565,0.00000000,0.01406701,0.10332390,0.13683700,0.00000000
5.08154077,1.02226966,0.46358124,0.01204085,1.68547696,0.00000000,0.01358496,0.10272959,0.14021779,0.00000000
5.08754377,1.03393823,0.46037456,0.01234131,1.71748364,0.00000000,0.01307147,0.10169242,0.14370274,0.00000000
5.09354677,1.04633565,0.45739674,0.01265311,1.75501601,0.00000000,0.01252666,0.10023412,0.14734894,0.00000000
5.09954977,1.05964277,0.45468553,0.01297991,1.79858047,0.00000000,0.01195192,0.09838808,0.15122314,0.00000000
5.10555278,1.07409853,0.45231735,0.01332602,1.84873356,0.00000000,0.01134990,0.09619817,0.15539912,0.00000000
5.11155578,1.08998805,0.45040009,0.01369628,1.90604958,0.00000000,0.01072439,0.09371715,0.15995463,0.00000000
5.11755878,1.10762820,0.44906419,0.01409579,1.97108330,0.00000000,0.01008014,0.09100473,0.16496796,0.00000000
5.12356178,1.12735158,0.44845262,0.01452979,2.04432974,0.00000000,0.00942274,0.08812539,0.17051434,0.00000000
5.12956478,1.14948975,0.44871046,0.01500333,2.12618297,0.00000000,0.00875831,0.08514609,0.17666227,0.00000000
5.13556778,1.17435642,0.44997433,0.01552111,2.21689612,0.00000000,0.00809335,0.08213390,0.18346997,0.00000000
5.14157079,1.20223161,0.45236256,0.01608719,2.31654474,0.00000000,0.00743440,0.07915377,0.19098220,0.00000000
5.14757379,1.23334709,0.45596632,0.01670486,2.42499534,0.00000000,0.00678789,0.07626644,0.19922732,0.00000000
5.15357679,1.26787394,0.46084222,0.01737638,2.54188097,0.00000000,0.00615988,0.07352660,0.20821507,0.00000000
5.15957979,1.30591236,0.46700669,0.01810286,2.66658511,0.00000000,0.00555592,0.07098137,0.21793482,0.00000000
5.16558279,1.34748403,0.47443225,0.01888414,2.79823490,0.00000000,0.00498087,0.06866916,0.22835461,0.00000000
5.17158579,1.39252708,0.48304587,0.01971867,2.93570435,0.00000000,0.00443883,0.06661886,0.23942088,0.00000000
5.17758879,1.44089366,0.49272935,0.02060345,3.07762761,0.00000000,0.00393304,0.06484952,0.25105894,0.00000000
5.18359180,1.49234996,0.50332162,0.02153407,3.22242199,0.00000000,0.00346590,0.06337022,0.26317416,0.00000000
5.18959480,1.54657842,0.51462279,0.02250464,3.36832010,0.00000000,0.00303896,0.06218048,0.27565391,0.00000000
5.19559780,1.60318206,0.52639975,0.02350794,3.51340996,0.00000000,0.00265298,0.06127083,0.28836997,0.00000000
5.20160080,1.66169063,0.53839290,0.02453546,3.65568167,0.00000000,0.00230800,0.06062367,0.30118166,0.00000000
5.20760380,1.72156839,0.55032385,0.02557750,3.79307905,0.00000000,0.00200340,0.06021436,0.31393927,0.00000000
5.21360680,1.78222337,0.56190367,0.02662341,3.92355433,0.00000000,0.00173807,0.06001241,0.32648788,0.00000000
5.21960980,1.84301800,0.57284135,0.02766173,4.04512407,0.00000000,0.00151046,0.05998279,0.33867143,0.00000000
5.22561281,1.90328090,0.58285223,0.02868039,4.15592423,0.00000000,0.00131870,0.06008727,0.35033686,0.00000000
5.23161581,1.96231985,0.59166604,0.02966701,4.25426256,0.00000000,0.00116072,0.06028577,0.36133820,0.00000000
5.23761881,2.01943568,0.59903443,0.03060911,4.33866661,0.00000000,0.00103436,0.06053770,0.37154060,0.00000000
5.24362181,2.07393703,0.60473761,0.03149443,4.40792552,0.00000000,0.00093740,0.06080317,0.38082400,0.00000000
5.24962481,2.12515559,0.60859010,0.03231119,4.46112450,0.00000000,0.00086766,0.06104419,0.38908651,0.00000000
5.25562781,2.17246165,0.61044536,0.03304840,4.49767080,0.00000000,0.00082307,0.06122568,0.39624722,0.00000000
5.26163082,2.21527953,0.61019935,0.03369614,4.51731032,0.00000000,0.00080164,0.06131644,0.40224850,0.00000000
5.26763382,2.25310225,0.60779281,0.03424582,4.52013452,0.00000000,0.00080155,0.06128990,0.40705755,0.00000000
5.27363682,2.28550519,0.60321235,0.03469044,4.50657745,0.00000000,0.00082110,0.06112478,0.41066721,0.00000000
5.27963982,2.31215783,0.59649049,0.03502478,4.47740308,0.00000000,0.00085874,0.06080558,0.41309607,0.00000000
5.28564282,2.33283315,0.58770440,0.03524558,4.43368341,0.00000000,0.00091302,0.06032286,0.41438762,0.00000000
5.29164582,2.34741412,0.57697371,0.03535167,4.37676815,0.00000000,0.00098257,0.05967348,0.41460865,0.00000000
5.29764882,2.35589672,0.56445737,0.03534397,4.30824711,0.00000000,0.00106605,0.05886051,0.41384691,0.00000000
5.30365183,2.35838922,0.55034963,0.03522552,4.22990625,0.00000000,0.00116214,0.05789310,0.41220796,0.00000000
5.30965483,2.35510748,0.53487527,0.03500139,4.14367914,0.00000000,0.00126950,0.05678610,0.40981143,0.00000000
5.31565783,2.34636638,0.51828439,0.03467848,4.05159507,0.00000000,0.00138669,0.05555959,0.40678681,0.00000000
5.32166083,2.33256756,0.50084660,0.03426541,3.95572558,0.00000000,0.00151218,0.05423820,0.40326889,0.00000000
5.32766383,2.31418396,0.48284508,0.03377215,3.85813094,0.00000000,0.00164431,0.05285031,0.39939298,0.00000000
5.33366683,2.29174186,0.46457040,0.03320974,3.76080822,0.00000000,0.00178129,0.05142714,0.39529024,0.00000000
5.33966983,2.26580121,0.44631449,0.03258995,3.66564236,0.00000000,0.00192116,0.05000173,0.39108310,0.00000000
5.34567284,2.23693523,0.42836467,0.03192491,3.57436168,0.00000000,0.00206183,0.04860790,0.38688126,0.00000000
5.35167584,2.20571035,0.41099811,0.03122672,3.48849904,0.00000000,0.00220108,0.04727905,0.38277804,0.00000000
5.35767884,2.17266736,0.39447668,0.03050708,3.40935953,0.00000000,0.00233660,0.04604713,0.37884767,0.00000000
5.36368184,2.13830488,0.37904239,0.02977700,3.33799557,0.00000000,0.00246601,0.04494151,0.37514325,0.00000000
5.36968484,2.10306574,0.36491338,0.02904645,3.27518979,0.00000000,0.00258697,0.04398798,0.37169572,0.00000000
5.37568784,2.06732706,0.35228077,0.02832416,3.22144606,0.00000000,0.00269713,0.04320789,0.36851371,0.00000000
5.38169085,2.03139422,0.34130610,0.02761743,3.17698844,0.00000000,0.00279432,0.04261735,0.36558442,0.00000000
5.38769385,1.99549899,0.33211957,0.02693199,3.14176795,0.00000000,0.00287650,0.04222670,0.36287523,0.00000000
5.39369685,1.95980154,0.32481902,0.02627200,3.11547658,0.00000000,0.00294191,0.04204015,0.36033621,0.00000000
5.39969985,1.92439605,0.31946962,0.02564005,3.09756769,0.00000000,0.00298906,0.04205560,0.35790319,0.00000000
5.40570285,1.88931933,0.31610412,0.02503722,3.08728221,0.00000000,0.00301684,0.04226477,0.35550135,0.00000000
5.41170585,1.85456166,0.31472381,0.02446325,3.08367931,0.00000000,0.00302451,0.04265350,0.35304911,0.00000000
5.41770885,1.82007918,0.31529986,0.02391670,3.08567066,0.00000000,0.00301175,0.04320227,0.35046210,0.00000000
5.42371186,1.78580680,0.31777516,0.02339516,3.09205713,0.00000000,0.00297868,0.04388701,0.34765713,0.00000000
5.42971486,1.75167088,0.32206647,0.02289550,3.10156664,0.00000000,0.00292585,0.04467994,0.34455589,0.00000000
5.43571786,1.71760100,0.32806694,0.02241409,3.11289226,0.00000000,0.00285422,0.04555068,0.34108825,0.00000000
5.44172086,1.68354005,0.33564870,0.02194704,3.12472928,0.00000000,0.00276512,0.04646736,0.33719515,0.00000000
5.44772386,1.64945229,0.34466575,0.02149044,3.13581044,0.00000000,0.00266023,0.04739784,0.33283076,0.00000000
5.45372686,1.61532890,0.35495686,0.02104051,3.14493835,0.00000000,0.00254151,0.04831087,0.32796412,0.00000000
5.45972986,1.58119116,0.36634864,0.02059383,3.15101427,0.00000000,0.00241114,0.04917716,0.32258000,0.00000000
5.46573287,1.54709096,0.37865849,0.02014745,3.15306277,0.00000000,0.00227144,0.04997044,0.31667912,0.00000000
5.47173587,1.51310905,0.39169767,0.01969898,3.15025156,0.00000000,0.00212481,0.05066825,0.31027766,0.00000000
5.47773887,1.47935124,0.40527426,0.01924665,3.14190621,0.00000000,0.00197365,0.05125255,0.30340627,0.00000000
5.48374187,1.44594291,0.41919603,0.01878933,3.12751960,0.00000000,0.00182032,0.05171015,0.29610843,0.00000000
5.48974487,1.41302230,0.43327313,0.01832654,3.10675585,0.00000000,0.00166705,0.05203286,0.28843848,0.00000000
5.49574787,1.38073306,0.44732076,0.01785838,3.07944909,0.00000000,0.00151589,0.05221737,0.28045924,0.00000000
5.50175088,1.34921646,0.46116138,0.01738547,3.04559712,0.00000000,0.00136867,0.05226494,0.27223941,0.00000000
5.50775388,1.31860378,0.47462693,0.01690886,3.00535049,0.00000000,0.00122701,0.05218086,0.26385096,0.00000000
5.51375688,1.28900929,0.48756049,0.01642994,2.95899761,0.00000000,0.00109223,0.05197372,0.25536636,0.00000000
5.51975988,1.26052408,0.49981786,0.01595031,2.90694650,0.00000000,0.00096538,0.05165457,0.24685609,0.00000000
5.52576288,1.23321111,0.51126861,0.01547167,2.84970422,0.00000000,0.00084726,0.05123602,0.23838628,0.00000000
5.53176588,1.20710172,0.52179696,0.01499574,2.78785462,0.00000000,0.00073838,0.05073126,0.23001668,0.00000000
5.53776888,1.18219369,0.53130223,0.01452414,2.72203560,0.00000000,0.00063902,0.05015317,0.22179903,0.00000000
5.54377189,1.15845101,0.53969906,0.01405835,2.65291675,0.00000000,0.00054925,0.04951353,0.21377587,0.00000000
5.54977489,1.13580530,0.54691739,0.01359959,2.58117822,0.00000000,0.00046894,0.04882232,0.20597989,0.00000000
5.55577789,1.11415888,0.55290231,0.01314886,2.50749175,0.00000000,0.00039779,0.04808724,0.19843374,0.00000000
5.56178089,1.09338939,0.55761369,0.01270685,2.43250444,0.00000000,0.00033540,0.04731338,0.19115034,0.00000000
5.56778389,1.07335568,0.56102591,0.01227401,2.35682579,0.00000000,0.00028126,0.04650316,0.18413368,0.00000000
5.57378689,1.05390477,0.56312744,0.01185055,2.28101827,0.00000000,0.00023479,0.04565642,0.17738006,0.00000000
5.57978989,1.03487959,0.56392064,0.01143651,2.20559160,0.00000000,0.00019541,0.04477074,0.17087961,0.00000000
5.58579290,1.01612712,0.56342150,0.01103177,2.13100048,0.00000000,0.00016250,0.04384192,0.16461810,0.00000000
5.59179590,0.99750647,0.56165956,0.01063621,2.05764541,0.00000000,0.00013547,0.04286454,0.15857884,0.00000000
5.59779890,0.97889658,0.55867783,0.01024969,1.98587623,0.00000000,0.00011377,0.04183270,0.15274463,0.00000000
5.60380190,0.96020307,0.55453275,0.00987217,1.91599749,0.00000000,0.00009691,0.04074067,0.14709962,0.00000000
5.60980490,0.94136384,0.54929414,0.00950379,1.84827506,0.00000000,0.00008447,0.03958362,0.14163090,0.00000000
5.61580790,0.92235314,0.54304498,0.00914488,1.78294306,0.00000000,0.00007611,0.03835823,0.13632990,0.00000000
5.62181091,0.90318371,0.53588099,0.00879603,1.72021041,0.00000000,0.00007161,0.03706329,0.13119325,0.00000000
5.62781391,0.88390688,0.52790997,0.00845807,1.66026620,0.00000000,0.00007084,0.03570002,0.12622337,0.00000000
5.63381691,0.86461059,0.51925078,0.00813210,1.60328343,0.00000000,0.00007381,0.03427242,0.12142849,0.00000000
5.63981991,0.84541525,0.51003189,0.00781944,1.54942065,0.00000000,0.00008070,0.03278734,0.11682223,0.00000000
5.64582291,0.82646764,0.50038958,0.00752159,1.49882129,0.00000000,0.00009182,0.03125441,0.11242285,0.00000000
5.65182591,0.80793329,0.49046579,0.00724015,1.45161076,0.00000000,0.00010770,0.02968588,0.10825196,0.00000000
5.65782891,0.78998739,0.48040561,0.00697678,1.40789157,0.00000000,0.00012910,0.02809632,0.10433317,0.00000000
5.66383192,0.77280513,0.47035469,0.00673308,1.36773682,0.00000000,0.00015700,0.02650218,0.10069036,0.00000000
5.66983492,0.75655172,0.46045646,0.00651049,1.33118279,0.00000000,0.00019272,0.02492134,0.09734603,0.00000000
5.67583792,0.74137278,0.45084961,0.00631028,1.29822137,0.00000000,0.00023788,0.02337264,0.09431967,0.00000000
5.68184092,0.72738575,0.44166581,0.00613340,1.26879297,0.00000000,0.00029451,0.02187536,0.09162622,0.00000000
5.68784392,0.71467275,0.43302788,0.00598047,1.24278093,0.00000000,0.00036506,0.02044882,0.08927492,0.00000000
5.69384692,0.70327547,0.42504867,0.00585172,1.22000799,0.00000000,0.00045247,0.01911197,0.08726841,0.00000000
5.69984992,0.69319240,0.41783056,0.00574703,1.20023560,0.00000000,0.00056022,0.01788311,0.08560231,0.00000000
5.70585293,0.68437858,0.41146593,0.00566586,1.18316631,0.00000000,0.00069234,0.01677965,0.08426519,0.00000000
5.71185593,0.67674803,0.40603824,0.00560738,1.16844963,0.00000000,0.00085347,0.01581803,0.08323903,0.00000000
5.71785893,0.67017872,0.40162401,0.00557046,1.15569131,0.00000000,0.00104886,0.01501367,0.08250006,0.00000000
5.72386193,0.66451973,0.39829528,0.00555380,1.14446563,0.00000000,0.00128436,0.01438102,0.08201995,0.00000000
5.72986493,0.65960038,0.39612241,0.00555600,1.13433029,0.00000000,0.00156640,0.01393362,0.08176738,0.00000000
5.73586793,0.65524050,0.39517700,0.00557567,1.12484319,0.00000000,0.00190192,0.01368424,0.08170963,0.00000000
5.74187094,0.65126151,0.39553454,0.00561153,1.11558001,0.00000000,0.00229823,0.01364501,0.08181438,0.00000000
5.74787394,0.64749733,0.39727642,0.00566251,1.10615180,0.00000000,0.00276296,0.01382744,0.08205139,0.00000000
5.75387694,0.64380458,0.40049100,0.00572782,1.09622134,0.00000000,0.00330375,0.01424252,0.08239402,0.00000000
5.75987994,0.64007137,0.40527347,0.00580701,1.08551729,0.00000000,0.00392813,0.01490058,0.08282050,0.00000000
5.76588294,0.63622401,0.41172416,0.00590004,1.07384530,0.00000000,0.00464318,0.01581123,0.08331482,0.00000000
5.77188594,0.63223130,0.41994527,0.00600723,1.06109518,0.00000000,0.00545524,0.01698302,0.08386721,0.00000000
5.77788894,0.62810601,0.43003584,0.00612925,1.04724374,0.00000000,0.00636955,0.01842313,0.08447413,0.00000000
5.78389195,0.62390338,0.44208523,0.00626709,1.03235303,0.00000000,0.00738992,0.02013690,0.08513786,0.00000000
5.78989495,0.61971687,0.45616522,0.00642191,1.01656394,0.00000000,0.00851831,0.02212732,0.08586556,0.00000000
5.79589795,0.61567123,0.47232109,0.00659499,1.00008563,0.00000000,0.00975450,0.02439439,0.08666801,0.00000000
5.80190095,0.61191345,0.49056226,0.00678755,0.98318136,0.00000000,0.01109576,0.02693457,0.08755797,0.00000000
5.80790395,0.60860209,0.51085302,0.00700063,0.96615147,0.00000000,0.01253652,0.02974018,0.08854845,0.00000000
5.81390695,0.60589570,0.53310398,0.00723495,0.94931474,0.00000000,0.01406821,0.03279888,0.08965076,0.00000000
5.81990995,0.60394113,0.55716495,0.00749073,0.93298907,0.00000000,0.01567909,0.03609330,0.09087271,0.00000000
5.82591296,0.60286240,0.58281992,0.00776764,0.91747277,0.00000000,0.01735422,0.03960071,0.09221690,0.00000000
5.83191596,0.60275099,0.60978462,0.00806465,0.90302752,0.00000000,0.01907564,0.04329306,0.09367936,0.00000000
5.83791896,0.60365803,0.63770732,0.00837998,0.88986410,0.00000000,0.02082250,0.04713704,0.09524853,0.00000000
5.84392196,0.60558913,0.66617302,0.00871110,0.87813164,0.00000000,0.02257152,0.05109449,0.09690471,0.00000000
5.84992496,0.60850199,0.69471122,0.00905473,0.86791101,0.00000000,0.02429747,0.05512307,0.09862003,0.00000000
5.85592796,0.61230723,0.72280729,0.00940692,0.85921267,0.00000000,0.02597378,0.05917707,0.10035898,0.00000000
5.86193097,0.61687216,0.74991701,0.00976312,0.85197907,0.00000000,0.02757335,0.06320855,0.10207942,0.00000000
5.86793397,0.62202750,0.77548389,0.01011837,0.84609128,0.00000000,0.02906930,0.06716858,0.10373411,0.00000000
5.87393697,0.62757669,0.79895858,0.01046746,0.84137947,0.00000000,0.03043593,0.07100867,0.10527261,0.00000000
5.87993997,0.63330705,0.81981951,0.01080509,0.83763637,0.00000000,0.03164960,0.07468232,0.10664357,0.00000000
5.88594297,0.63900251,0.83759378,0.01112615,0.83463304,0.00000000,0.03268957,0.07814649,0.10779711,0.00000000
5.89194597,0.64445690,0.85187748,0.01142588,0.83213572,0.00000000,0.03353889,0.08136319,0.10868742,0.00000000
5.89794897,0.64948720,0.86235412,0.01170012,0.82992298,0.00000000,0.03418510,0.08430082,0.10927521,0.00000000
5.90395198,0.65394616,0.86881056,0.01194545,0.82780209,0.00000000,0.03462078,0.08693544,0.10953006,0.00000000
5.90995498,0.65773332,0.87114933,0.01215945,0.82562358,0.00000000,0.03484403,0.08925178,0.10943255,0.00000000
5.91595798,0.66080422,0.86939691,0.01234074,0.82329350,0.00000000,0.03485865,0.09124398,0.10897589,0.00000000
5.92196098,0.66317701,0.86370718,0.01248912,0.82078259,0.00000000,0.03467417,0.09291602,0.10816733,0.00000000
5.92796398,0.66493643,0.85436014,0.01260563,0.81813203,0.00000000,0.03430564,0.09428179,0.10702894,0.00000000
5.93396698,0.66623475,0.84175559,0.01269253,0.81545573,0.00000000,0.03377324,0.09536479,0.10559796,0.00000000
5.93996998,0.66728983,0.82640211,0.01275323,0.81293903,0.00000000,0.03310165,0.09619756,0.10392668,0.00000000
5.94597299,0.66838028,0.80890171,0.01279229,0.81083424,0.00000000,0.03231925,0.09682065,0.10208183,0.00000000
5.95197599,0.66983798,0.78993086,0.01281519,0.80945321,0.00000000,0.03145719,0.09728135,0.10014352,0.00000000
5.95797899,0.67203837,0.77021855,0.01282822,0.80915767,0.00000000,0.03054837,0.09763214,0.09820380,0.00000000
5.96398199,0.67538882,0.75052230,0.01283828,0.81034780,0.00000000,0.02962626,0.09792894,0.09636488,0.00000000
5.96998499,0.68031567,0.73160316,0.01285262,0.81344960,0.00000000,0.02872384,0.09822914,0.09473712,0.00000000
5.97598799,0.68725028,0.71420056,0.01287867,0.81890188,0.00000000,0.02787241,0.09858964,0.09343667,0.00000000
5.98199100,0.69661482,0.69900803,0.01292377,0.82714320,0.00000000,0.02710059,0.09906482,0.09258304,0.00000000
5.98799400,0.70880814,0.68665067,0.01299493,0.83859936,0.00000000,0.02643337,0.09970463,0.09229651,0.00000000
5.99399700,0.72419229,0.67766518,0.01309860,0.85367193,0.00000000,0.02589129,0.10055280,0.09269542,0.00000000
6.00000000,0.74308016,0.67248315,0.01324052,0.87272781,0.00000000,0.02548984,0.10164533,0.09389343,0.00000000
