energy_ev,total_up,N_s_up,N_p_up,Re_p_up,Re_d_up,Se_s_up,Se_p_up,Zn_p_up,Zn_d_up
-6.00000000,1.52725752,0.01092174,0.17260782,0.48648538,0.29058944,0.01343172,0.57110124,0.67934734,0.11720716
-5.99399700,1.48058090,0.01182441,0.16722800,0.46858401,0.28021342,0.01305660,0.55787503,0.65327592,0.11267822
-5.98799400,1.43296273,0.01274206,0.16159583,0.44943962,0.27052973,0.01267475,0.54374013,0.62610083,0.10802964
-5.98199100,1.38438117,0.01365791,0.15573593,0.42921355,0.26141046,0.01228465,0.52872404,0.59799136,0.10327747
-5.97598799,1.33488296,0.01455457,0.14968007,0.40809877,0.25273892,0.01188560,0.51288212,0.56914898,0.09844412
-5.96998499,1.28457252,0.01541441,0.14346548,0.38631123,0.24441058,0.01147761,0.49629223,0.53979875,0.09355694
-5.96398199,1.23360046,0.01621999,0.13713315,0.36408118,0.23633360,0.01106132,0.47904942,0.51018049,0.08864675
-5.95797899,1.18215249,0.01695454,0.13072619,0.34164458,0.22842923,0.01063789,0.46126094,0.48054015,0.08374643
-5.95197599,1.13043951,0.01760240,0.12428840,0.31923529,0.22063198,0.01020890,0.44304208,0.45112194,0.07888963
-5.94597299,1.07868951,0.01814949,0.11786303,0.29707826,0.21288995,0.00977629,0.42451279,0.42216156,0.07410959
-5.93996998,1.02714174,0.01858375,0.11149187,0.27538387,0.20516504,0.00934230,0.40579544,0.39388080,0.06943834
-5.93396698,0.97604309,0.01889549,0.10521465,0.25434381,0.19743339,0.00890938,0.38701349,0.36648365,0.06490596
-5.92796398,0.92564679,0.01907770,0.09906876,0.23412824,0.18968575,0.00848024,0.36829118,0.34015406,0.06054029
-5.92196098,0.87621298,0.01912630,0.09308923,0.21488446,0.18192794,0.00805775,0.34975391,0.31505504,0.05636672
-5.91595798,0.82801073,0.01904024,0.08730896,0.19673682,0.17418131,0.00764503,0.33152933,0.29132923,0.05240830
-5.90995498,0.78132102,0.01882155,0.08175909,0.17978773,0.16648300,0.00724541,0.31374853,0.26910038,0.04868596
-5.90395198,0.73644001,0.01847523,0.07646947,0.16411955,0.15888612,0.00686247,0.29654748,0.24847574,0.04521883
-5.89794897,0.69368202,0.01800908,0.07146916,0.14979707,0.15145965,0.00650003,0.28006815,0.22954875,0.04202467
-5.89194597,0.65338167,0.01743345,0.06678688,0.13687042,0.14428812,0.00616217,0.26445921,0.21240200,0.03912025
-5.88594297,0.61589483,0.01676086,0.06245137,0.12537806,0.13747086,0.00585324,0.24987618,0.19710992,0.03652169
-5.87993997,0.58159784,0.01600555,0.05849155,0.11534967,0.13112105,0.00557777,0.23648078,0.18374112,0.03424476
-5.87393697,0.55088496,0.01518309,0.05493655,0.10680875,0.12536438,0.00534050,0.22443946,0.17235999,0.03230500
-5.86793397,0.52416388,0.01430982,0.05181549,0.09977476,0.12033735,0.00514627,0.21392109,0.16302762,0.03071768
-5.86193097,0.50184933,0.01340237,0.04915709,0.09426474,0.11618542,0.00499994,0.20509392,0.15580175,0.02949767
-5.85592796,0.48435506,0.01247720,0.04698908,0.09029425,0.11306082,0.00490630,0.19812167,0.15073582,0.02865913
-5.84992496,0.47208426,0.01155013,0.04533741,0.08787771,0.11112020,0.00486993,0.19315923,0.14787723,0.02821496
-5.84392196,0.46541899,0.01063595,0.04422536,0.08702811,0.11052221,0.00489508,0.19034787,0.14726474,0.02817628
-5.83791896,0.46470885,0.00974808,0.04367254,0.08775620,0.11142494,0.00498550,0.18981021,0.14892529,0.02855169
-5.83191596,0.47025945,0.00889832,0.04369384,0.09006911,0.11398331,0.00514432,0.19164536,0.15287040,0.02934651
-5.82591296,0.48232112,0.00809663,0.04429842,0.09396870,0.11834655,0.00537387,0.19592416,0.15909229,0.03056198
-5.81990995,0.50107831,0.00735106,0.04548873,0.09944963,0.12465559,0.00567559,0.20268509,0.16756013,0.03219455
-5.81390695,0.52664021,0.00666764,0.04725963,0.10649729,0.13304063,0.00604985,0.21193075,0.17821648,0.03423514
-5.80790395,0.55903298,0.00605050,0.04959775,0.11508586,0.14361876,0.00649587,0.22362545,0.19097428,0.03666863
-5.80190095,0.59819400,0.00550187,0.05248098,0.12517644,0.15649166,0.00701164,0.23769372,0.20571464,0.03947337
-5.79589795,0.64396845,0.00502228,0.05587824,0.13671553,0.17174347,0.00759388,0.25402034,0.22228559,0.04262107
-5.78989495,0.69610847,0.00461072,0.05974951,0.14963390,0.18943883,0.00823801,0.27245149,0.24050192,0.04607674
-5.78389195,0.75427510,0.00426484,0.06404618,0.16384598,0.20962108,0.00893819,0.29279754,0.26014635,0.04979901
-5.77788894,0.81804302,0.00398125,0.06871168,0.17924975,0.23231067,0.00968740,0.31483712,0.28097201,0.05374066
-5.77188594,0.88690802,0.00375565,0.07368242,0.19572727,0.25750387,0.01047757,0.33832253,0.30270621,0.05784940
-5.76588294,0.96029705,0.00358319,0.07888897,0.21314581,0.28517169,0.01129969,0.36298637,0.32505547,0.06206894
-5.75987994,1.03758051,0.00345866,0.08425752,0.23135954,0.31525923,0.01214404,0.38854909,0.34771171,0.06634021
-5.75387694,1.11808642,0.00337669,0.08971154,0.25021175,0.34768526,0.01300041,0.41472721,0.37035924,0.07060282
-5.74787394,1.20111595,0.00333202,0.09517358,0.26953746,0.38234233,0.01385837,0.44124191,0.39268249,0.07479661
-5.74187094,1.28595958,0.00331963,0.10056713,0.28916641,0.41909718,0.01470752,0.46782754,0.41437401,0.07886322
-5.73586793,1.37191350,0.00333494,0.10581853,0.30892626,0.45779169,0.01553777,0.49423975,0.43514244,0.08274772
-5.72986493,1.45829534,0.00337388,0.11085885,0.32864578,0.49824419,0.01633963,0.52026280,0.45472019,0.08640012
-5.72386193,1.54445875,0.00343306,0.11562555,0.34815808,0.54025125,0.01710447,0.54571568,0.47287035,0.08977674
-5.71785893,1.62980605,0.00350975,0.12006412,0.36730355,0.58358989,0.01782474,0.57045676,0.48939263,0.09284133
-5.71185593,1.71379871,0.00360199,0.12412932,0.38593252,0.62802012,0.01849419,0.59438667,0.50412801,0.09556600
-5.70585293,1.79596497,0.00370851,0.12778625,0.40390753,0.67328782,0.01910802,0.61744930,0.51696191,0.09793176
-5.69984992,1.87590459,0.00382877,0.13101106,0.42110504,0.71912792,0.01966296,0.63963086,0.52782579,0.09992879
-5.69384692,1.95329050,0.00396283,0.13379137,0.43741670,0.76526768,0.02015739,0.66095700,0.53669708,0.10155635
-5.68784392,2.02786754,0.00411128,0.13612635,0.45275002,0.81143020,0.02059122,0.68148814,0.54359758,0.10282232
-5.68184092,2.09944845,0.00427515,0.13802647,0.46702853,0.85733780,0.02096593,0.70131339,0.54859030,0.10374251
-5.67583792,2.16790751,0.00445575,0.13951296,0.48019148,0.90271549,0.02128440,0.72054323,0.55177520,0.10433964
-5.66983492,2.23317245,0.00465450,0.14061706,0.49219319,0.94729430,0.02155070,0.73930145,0.55328374,0.10464214
-5.66383192,2.29521501,0.00487281,0.14137901,0.50300202,0.99081433,0.02176996,0.75771687,0.55327289,0.10468283
-5.65782891,2.35404107,0.00511189,0.14184683,0.51259924,1.03302777,0.02194803,0.77591516,0.55191864,0.10449746
-5.65182591,2.40968078,0.00537257,0.14207509,0.52097776,1.07370156,0.02209130,0.79401134,0.54940953,0.10412333
-5.64582291,2.46217943,0.00565521,0.14212343,0.52814093,1.11261986,0.02220632,0.81210331,0.54594034,0.10359787
-5.63981991,2.51158964,0.00595948,0.14205517,0.53410142,1.14958632,0.02229961,0.83026678,0.54170629,0.10295745
-5.63381691,2.55796514,0.00628431,0.14193579,0.53888037,1.18442615,0.02237733,0.84855186,0.53689801,0.10223625
-5.62781391,2.60135671,0.00662778,0.14183147,0.54250671,1.21698802,0.02244506,0.86698147,0.53169727,0.10146543
-5.62181091,2.64181021,0.00698705,0.14180765,0.54501679,1.24714583,0.02250757,0.88555154,0.52627369,0.10067248
-5.61580790,2.67936682,0.00735840,0.14192756,0.54645429,1.27480039,0.02256866,0.90423302,0.52078248,0.09988077
-5.60980490,2.71406521,0.00773719,0.14225087,0.54687034,1.29988094,0.02263104,0.92297542,0.51536295,0.09910943
-5.60380190,2.74594538,0.00811797,0.14283235,0.54632380,1.32234660,0.02269624,0.94171158,0.51013799,0.09837338
-5.59779890,2.77505375,0.00849459,0.14372053,0.54488162,1.34218752,0.02276456,0.96036347,0.50521414,0.09768350
-5.59179590,2.80144871,0.00886031,0.14495650,0.54261919,1.35942588,0.02283514,0.97884822,0.50068223,0.09704706
-5.58579290,2.82520625,0.00920803,0.14657272,0.53962054,1.37411636,0.02290602,0.99708437,0.49661831,0.09646812
-5.57978989,2.84642482,0.00953046,0.14859193,0.53597829,1.38634611,0.02297423,1.01499745,0.49308474,0.09594811
-5.57378689,2.86522876,0.00982035,0.15102612,0.53179325,1.39623397,0.02303594,1.03252472,0.49013130,0.09548632
-5.56778389,2.88176988,0.01007074,0.15387569,0.52717358,1.40392881,0.02308667,1.04961859,0.48779607,0.09508043
-5.56178089,2.89622653,0.01027517,0.15712874,0.52223341,1.40960686,0.02312147,1.06624845,0.48610609,0.09472693
-5.55577789,2.90879994,0.01042794,0.16076051,0.51709102,1.41346777,0.02313510,1.08240064,0.48507763,0.09442151
-5.54977489,2.91970770,0.01052428,0.16473316,0.51186636,1.41572963,0.02312228,1.09807658,0.48471611,0.09415923
-5.54377189,2.92917451,0.01056054,0.16899574,0.50667821,1.41662260,0.02307784,1.11328912,0.48501575,0.09393474
-5.53776888,2.93742042,0.01053431,0.17348453,0.50164084,1.41638162,0.02299695,1.12805721,0.48595880,0.09374223
-5.53176588,2.94464728,0.01044453,0.17812371,0.49686052,1.41523813,0.02287525,1.14239929,0.48751480,0.09357536
-5.52576288,2.95102400,0.01029155,0.18282650,0.49243178,1.41341120,0.02270897,1.15632581,0.48963960,0.09342713
-5.51975988,2.95667160,0.01007707,0.18749653,0.48843383,1.41109855,0.02249509,1.16983137,0.49227471,0.09328966
-5.51375688,2.96164910,0.00980413,0.19202984,0.48492717,1.40846775,0.02223135,1.18288702,0.49534675,0.09315393
-5.50775388,2.96594137,0.00947699,0.19631702,0.48195071,1.40564829,0.02191635,1.19543345,0.49876747,0.09300964
-5.50175088,2.96944986,0.00910099,0.20024588,0.47951947,1.40272496,0.02154951,1.20737538,0.50243427,0.09284500
-5.49574787,2.97198736,0.00868236,0.20370431,0.47762311,1.39973312,0.02113111,1.21857796,0.50623139,0.09264667
-5.48974487,2.97327739,0.00822805,0.20658333,0.47622543,1.39665622,0.02066221,1.22886535,0.51003183,0.09239980
-5.48374187,2.97295898,0.00774546,0.20878027,0.47526479,1.39342610,0.02014465,1.23802192,0.51369999,0.09208818
-5.47773887,2.97059680,0.00724225,0.21020190,0.47465575,1.38992616,0.01958095,1.24579617,0.51709505,0.09169454
-5.47173587,2.96569688,0.00672610,0.21076749,0.47429168,1.38599757,0.01897423,1.25190736,0.52007485,0.09120093
-5.46573287,2.95772719,0.00620452,0.21041150,0.47404838,1.38144833,0.01832820,1.25605464,0.52250034,0.09058930
-5.45972986,2.94614245,0.00568463,0.20908597,0.47378859,1.37606498,0.01764698,1.25792836,0.52424017,0.08984210
-5.45372686,2.93041212,0.00517299,0.20676235,0.47336725,1.36962641,0.01693510,1.25722304,0.52517538,0.08894298
-5.44772386,2.91005005,0.00467550,0.20343280,0.47263720,1.36191920,0.01619739,1.25365139,0.52520396,0.08787752
-5.44172086,2.88464451,0.00419729,0.19911077,0.47145521,1.35275368,0.01543890,1.24695862,0.52424479,0.08663394
-5.43571786,2.85388681,0.00374263,0.19383093,0.46968799,1.34197992,0.01466483,1.23693645,0.52224114,0.08520378
-5.42971486,2.81759696,0.00331493,0.18764834,0.46721796,1.32950276,0.01388048,1.22343585,0.51916308,0.08358246
-5.42371186,2.77574502,0.00291674,0.18063700,0.46394851,1.31529492,0.01309116,1.20637798,0.51500901,0.08176972
-5.41770885,2.72846662,0.00254978,0.17288778,0.45980854,1.29940754,0.01230211,1.18576266,0.50980592,0.07976994
-5.41170585,2.67607188,0.00221497,0.16450576,0.45475605,1.28197744,0.01151848,1.16167383,0.50360855,0.07759224
-5.40570285,2.61904697,0.00191256,0.15560727,0.44878057,1.26323049,0.01074526,1.13428182,0.49649725,0.07525043
-5.39969985,2.55804801,0.00164220,0.14631658,0.44190444,1.24348085,0.00998719,1.10384205,0.48857485,0.07276274
-5.39369685,2.49388754,0.00140303,0.13676250,0.43418280,1.22312605,0.00924877,1.07069036,0.47996241,0.07015138
-5.38769385,2.42751401,0.00119380,0.12707496,0.42570224,1.20263781,0.00853417,1.03523511,0.47079436,0.06744202
-5.38169085,2.35998530,0.00101301,0.11738186,0.41657831,1.18254915,0.00784721,0.99794640,0.46121303,0.06466302
-5.37568784,2.29243725,0.00085896,0.10780608,0.40695189,1.16343821,0.00719136,0.95934288,0.45136294,0.06184468
-5.36968484,2.22604887,0.00072990,0.09846298,0.39698454,1.14590936,0.00656968,0.91997692,0.44138512,0.05901837
-5.36368184,2.16200563,0.00062408,0.08945836,0.38685322,1.13057259,0.00598486,0.88041864,0.43141187,0.05621569
-5.35767884,2.10146252,0.00053989,0.08088695,0.37674441,1.11802188,0.00543922,0.84123970,0.42156198,0.05346764
-5.35167584,2.04550850,0.00047588,0.07283143,0.36684793,1.10881357,0.00493473,0.80299739,0.41193689,0.05080387
-5.34567284,1.99513374,0.00043085,0.06536208,0.35735085,1.10344551,0.00447303,0.76621993,0.40261791,0.04825201
-5.33966983,1.95120108,0.00040388,0.05853681,0.34843147,1.10233790,0.00405549,0.73139332,0.39366452,0.04583718
-5.33366683,1.91442258,0.00039439,0.05240177,0.34025396,1.10581652,0.00368328,0.69895052,0.38511396,0.04358154
-5.32766383,1.88534194,0.00040216,0.04699224,0.33296347,1.11409894,0.00335738,0.66926295,0.37698207,0.04150406
-5.32166083,1.86432340,0.00042731,0.04233381,0.32668217,1.12728426,0.00307867,0.64263487,0.36926515,0.03962045
-5.31565783,1.85154687,0.00047036,0.03844375,0.32150626,1.14534653,0.00284799,0.61930045,0.36194296,0.03794316
-5.30965483,1.84700943,0.00053215,0.03533242,0.31750392,1.16813228,0.00266616,0.59942357,0.35498239,0.03648151
-5.30365183,1.85053244,0.00061386,0.03300462,0.31471434,1.19536188,0.00253402,0.58309996,0.34834171,0.03524195
-5.29764882,1.86177373,0.00071698,0.03146085,0.31314775,1.22663481,0.00245248,0.57036148,0.34197511,0.03422833
-5.29164582,1.88024378,0.00084321,0.03069827,0.31278635,1.26143841,0.00242247,0.56118199,0.33583710,0.03344225
-5.28564282,1.90532501,0.00099441,0.03071148,0.31358608,1.29915997,0.00244498,0.55548433,0.32988674,0.03288335
-5.27963982,1.93629297,0.00117255,0.03149287,0.31547902,1.33910136,0.00252095,0.55314781,0.32409111,0.03254958
-5.27363682,1.97233845,0.00137958,0.03303264,0.31837629,1.38049602,0.00265127,0.55401579,0.31842811,0.03243748
-5.26763382,2.01258930,0.00161733,0.03531853,0.32217126,1.42252741,0.00283664,0.55790271,0.31288824,0.03254228
-5.26163082,2.05613137,0.00188739,0.03833514,0.32674290,1.46434860,0.00307748,0.56460025,0.30747525,0.03285797
-5.25562781,2.10202746,0.00219102,0.04206300,0.33195912,1.50510215,0.00337382,0.57388234,0.30220579,0.03337726
-5.24962481,2.14933408,0.00252896,0.04647743,0.33767999,1.54393975,0.00372513,0.58550870,0.29710788,0.03409148
-5.24362181,2.19711550,0.00290137,0.05154723,0.34376064,1.58004121,0.00413019,0.59922694,0.29221853,0.03499035
-5.23761881,2.24445505,0.00330768,0.05723340,0.35005388,1.61263197,0.00458698,0.61477336,0.28758053,0.03606174
-5.23161581,2.29046389,0.00374649,0.06348788,0.35641252,1.64099905,0.00509250,0.63187247,0.28323873,0.03729138
-5.22561281,2.33428744,0.00421551,0.07025250,0.36269133,1.66450479,0.00564270,0.65023584,0.27923607,0.03866259
-5.21960980,2.37511006,0.00471145,0.07745824,0.36874867,1.68259826,0.00623242,0.66956041,0.27560958,0.04015608
-5.21360680,2.41215852,0.00523009,0.08502488,0.37444798,1.69482407,0.00685532,0.68952697,0.27238676,0.04174975
-5.20760380,2.44470500,0.00576619,0.09286115,0.37965915,1.70082867,0.00750387,0.70979914,0.26958249,0.04341871
-5.20160080,2.47207017,0.00631362,0.10086541,0.38425979,1.70036392,0.00816949,0.73002340,0.26719684,0.04513533
-5.19559780,2.49362707,0.00686543,0.10892696,0.38813663,1.69328818,0.00884257,0.74983064,0.26521377,0.04686957
-5.18959480,2.50880613,0.00741399,0.11692793,0.39118703,1.67956515,0.00951268,0.76883935,0.26360110,0.04858936
-5.18359180,2.51710175,0.00795118,0.12474573,0.39332065,1.65926047,0.01016879,0.78666084,0.26231149,0.05026127
-5.17758879,2.51808055,0.00846861,0.13225599,0.39446135,1.63253660,0.01079951,0.80290631,0.26128470,0.05185124
-5.17158579,2.51139106,0.00895786,0.13933593,0.39454924,1.59964613,0.01139343,0.81719589,0.26045076,0.05332553
-5.16558279,2.49677461,0.00941076,0.14586802,0.39354278,1.56092385,0.01193938,0.82916900,0.25973404,0.05465172
-5.15957979,2.47407682,0.00981965,0.15174366,0.39142099,1.51677789,0.01242684,0.83849591,0.25905789,0.05579978
-5.15357679,2.44325895,0.01017768,0.15686689,0.38818537,1.46768019,0.01284622,0.84488969,0.25834962,0.05674316
-5.14757379,2.40440827,0.01047904,0.16115784,0.38386171,1.41415650,0.01318922,0.84811803,0.25754542,0.05745981
-5.14157079,2.35774649,0.01071925,0.16455569,0.37850124,1.35677616,0.01344910,0.84801414,0.25659501,0.05793309
-5.13556778,2.30363539,0.01089530,0.16702114,0.37218138,1.29614181,0.01362092,0.84448607,0.25546568,0.05815255
-5.12956478,2.24257873,0.01100583,0.16853809,0.36500553,1.23287910,0.01370174,0.83752384,0.25414534,0.05811449
-5.12356178,2.17521990,0.01105126,0.16911445,0.35710214,1.16762662,0.01369073,0.82720375,0.25264452,0.05782223
-5.11755878,2.10233475,0.01103376,0.16878216,0.34862276,1.10102600,0.01358920,0.81368958,0.25099712,0.05728620
-5.11155578,2.02481941,0.01095727,0.16759612,0.33973914,1.03371241,0.01340056,0.79723041,0.24925972,0.05652366
-5.10555278,1.94367330,0.01082742,0.16563240,0.33063949,0.96630541,0.01313028,0.77815503,0.24750959,0.05555818
-5.09954977,1.85997762,0.01065135,0.16298544,0.32152376,0.89940038,0.01278560,0.75686311,0.24584147,0.05441890
-5.09354677,1.77487011,0.01043752,0.15976471,0.31259840,0.83356044,0.01237540,0.73381347,0.24436317,0.05313947
-5.08754377,1.68951689,0.01019550,0.15609072,0.30407058,0.76930927,0.01190981,0.70951000,0.24319035,0.05175694
-5.08154077,1.60508267,0.00993564,0.15209066,0.29614212,0.70712460,0.01139998,0.68448583,0.24244069,0.05031041
-5.07553777,1.52270043,0.00966882,0.14789393,0.28900354,0.64743278,0.01085764,0.65928646,0.24222781,0.04883965
-5.06953477,1.44344191,0.00940610,0.14362767,0.28282825,0.59060445,0.01029479,0.63445273,0.24265519,0.04738377
-5.06353177,1.36829017,0.00915840,0.13941250,0.27776735,0.53695130,0.00972334,0.61050424,0.24381050,0.04597988
-5.05752876,1.29811542,0.00893623,0.13535869,0.27394516,0.48672424,0.00915478,0.58792402,0.24576067,0.04466190
-5.05152576,1.23365495,0.00874939,0.13156298,0.27145568,0.44011275,0.00859986,0.56714510,0.24854779,0.04345952
-5.04552276,1.17549796,0.00860669,0.12810594,0.27036009,0.39724561,0.00806836,0.54853931,0.25218626,0.04239739
-5.03951976,1.12407576,0.00851572,0.12505020,0.27068543,0.35819282,0.00756886,0.53240890,0.25666122,0.04149450
-5.03351676,1.07965748,0.00848270,0.12243950,0.27242450,0.32296876,0.00710860,0.51898082,0.26192821,0.04076382
-5.02751376,1.04235118,0.00851227,0.12029846,0.27553677,0.29153630,0.00669335,0.50840408,0.26791434,0.04021215
-5.02151076,1.01210997,0.00860742,0.11863314,0.27995044,0.26381176,0.00632739,0.50074975,0.27452061,0.03984030
-5.01550775,0.98874265,0.00876939,0.11743232,0.28556534,0.23967063,0.00601349,0.49601348,0.28162533,0.03964330
-5.00950475,0.97192795,0.00899763,0.11666929,0.29225654,0.21895357,0.00575295,0.49412021,0.28908852,0.03961099
-5.00350175,0.96123172,0.00928983,0.11630410,0.29987848,0.20147278,0.00554569,0.49493070,0.29675691,0.03972858
-4.99749875,0.95612595,0.00964194,0.11628613,0.30826945,0.18701833,0.00539038,0.49824921,0.30446939,0.03997740
-4.99149575,0.95600887,0.01004824,0.11655682,0.31725609,0.17536428,0.00528455,0.50383224,0.31206262,0.04033573
-4.98549275,0.96022531,0.01050148,0.11705243,0.32665788,0.16627457,0.00522476,0.51139762,0.31937649,0.04077957
-4.97948974,0.96808640,0.01099297,0.11770670,0.33629137,0.15950840,0.00520680,0.52063371,0.32625933,0.04128355
-4.97348674,0.97888831,0.01151282,0.11845336,0.34597402,0.15482507,0.00522586,0.53120835,0.33257249,0.04182162
-4.96748374,0.99192933,0.01205011,0.11922833,0.35552763,0.15198824,0.00527669,0.54277746,0.33819428,0.04236787
-4.96148074,1.00652509,0.01259313,0.11997159,0.36478123,0.15076961,0.00535382,0.55499290,0.34302314,0.04289716
-4.95547774,1.02202182,0.01312967,0.12062872,0.37357350,0.15095191,0.00545175,0.56750972,0.34697995,0.04338573
-4.94947474,1.03780752,0.01364726,0.12115198,0.38175471,0.15233145,0.00556509,0.57999260,0.35000939,0.04381170
-4.94347174,1.05332111,0.01413354,0.12150111,0.38918811,0.15472001,0.00568875,0.59212164,0.35208060,0.04415549
-4.93746873,1.06805970,0.01457649,0.12164370,0.39575111,0.15794634,0.00581808,0.60359731,0.35318689,0.04440021
-4.93146573,1.08158405,0.01496484,0.12155531,0.40133595,0.16185720,0.00594901,0.61414484,0.35334488,0.04453187
-4.92546273,1.09352252,0.01528827,0.12121922,0.40585027,0.16631800,0.00607817,0.62351794,0.35259289,0.04453962
-4.91945973,1.10357337,0.01553780,0.12062608,0.40921736,0.17121307,0.00620297,0.63150183,0.35098888,0.04441585
-4.91345673,1.11150576,0.01570598,0.11977326,0.41137633,0.17644557,0.00632166,0.63791578,0.34860795,0.04415626
-4.90745373,1.11715938,0.01578711,0.11866414,0.41228211,0.18193710,0.00643340,0.64261491,0.34553951,0.04375987
-4.90145073,1.12044273,0.01577745,0.11730731,0.41190540,0.18762689,0.00653822,0.64549136,0.34188423,0.04322890
-4.89544772,1.12133012,0.01567527,0.11571571,0.41023249,0.19347065,0.00663704,0.64647478,0.33775075,0.04256865
-4.88944472,1.11985742,0.01548093,0.11390576,0.40726494,0.19943908,0.00673159,0.64553199,0.33325245,0.04178731
-4.88344172,1.11611645,0.01519685,0.11189653,0.40301922,0.20551598,0.00682433,0.64266593,0.32850406,0.04089563
-4.87743872,1.11024828,0.01482741,0.10970894,0.39752617,0.21169608,0.00691835,0.63791373,0.32361842,0.03990661
-4.87143572,1.10243547,0.01437880,0.10736504,0.39083035,0.21798255,0.00701720,0.63134407,0.31870335,0.03883509
-4.86543272,1.09289339,0.01385877,0.10488734,0.38298924,0.22438431,0.00712482,0.62305377,0.31385869,0.03769727
-4.85942971,1.08186106,0.01327645,0.10229830,0.37407229,0.23091324,0.00724532,0.61316380,0.30917363,0.03651023
-4.85342671,1.06959162,0.01264193,0.09961986,0.36415988,0.23758146,0.00738286,0.60181471,0.30472445,0.03529143
-4.84742371,1.05634307,0.01196606,0.09687313,0.35334213,0.24439868,0.00754150,0.58916190,0.30057262,0.03405814
-4.84142071,1.04236954,0.01125999,0.09407816,0.34171767,0.25137000,0.00772509,0.57537060,0.29676351,0.03282695
-4.83541771,1.02791349,0.01053493,0.09125388,0.32939233,0.25849412,0.00793720,0.56061107,0.29332565,0.03161330
-4.82941471,1.01319949,0.00980178,0.08841805,0.31647785,0.26576221,0.00818103,0.54505404,0.29027066,0.03043106
-4.82341171,0.99842956,0.00907087,0.08558745,0.30309054,0.27315756,0.00845945,0.52886664,0.28759391,0.02929218
-4.81740870,0.98378069,0.00835169,0.08277805,0.28935003,0.28065601,0.00877499,0.51220900,0.28527585,0.02820645
-4.81140570,0.96940445,0.00765272,0.08000528,0.27537804,0.28822734,0.00912995,0.49523163,0.28328404,0.02718137
-4.80540270,0.95542870,0.00698126,0.07728437,0.26129719,0.29583739,0.00952652,0.47807363,0.28157586,0.02622207
-4.79939970,0.94196140,0.00634332,0.07463075,0.24722993,0.30345103,0.00996692,0.46086181,0.28010167,0.02533144
-4.79339670,0.92909608,0.00574363,0.07206031,0.23329745,0.31103565,0.01045356,0.44371064,0.27880843,0.02451027
-4.78739370,0.91691858,0.00518563,0.06958982,0.21961866,0.31856501,0.01098924,0.42672294,0.27764353,0.02375753
-4.78139070,0.90551450,0.00467150,0.06723714,0.20630917,0.32602325,0.01157731,0.40999116,0.27655868,0.02307070
-4.77538769,0.89497678,0.00420229,0.06502141,0.19348029,0.33340860,0.01222178,0.39359924,0.27551357,0.02244618
-4.76938469,0.88541264,0.00377804,0.06296313,0.18123795,0.34073662,0.01292743,0.37762458,0.27447924,0.02187971
-4.76338169,0.87694928,0.00339789,0.06108408,0.16968171,0.34804249,0.01369982,0.36214017,0.27344074,0.02136677
-4.75737869,0.86973776,0.00306027,0.05940713,0.15890355,0.35538225,0.01454524,0.34721659,0.27239910,0.02090299
-4.75137569,0.86395438,0.00276306,0.05795589,0.14898681,0.36283252,0.01547053,0.33292370,0.27137237,0.02048450
-4.74537269,0.85979941,0.00250370,0.05675420,0.14000497,0.37048877,0.01648289,0.31933187,0.27039554,0.02010820
-4.73936968,0.85749281,0.00227938,0.05582553,0.13202048,0.37846181,0.01758947,0.30651270,0.26951946,0.01977198
-4.73336668,0.85726703,0.00208713,0.05519223,0.12508364,0.38687284,0.01879701,0.29453910,0.26880870,0.01947479
-4.72736368,0.85935717,0.00192395,0.05487472,0.11923152,0.39584689,0.02011127,0.28348482,0.26833835,0.01921671
-4.72136068,0.86398875,0.00178687,0.05489064,0.11448703,0.40550516,0.02153650,0.27342333,0.26819006,0.01899881
-4.71535768,0.87136396,0.00167304,0.05525400,0.11085817,0.41595648,0.02307488,0.26442628,0.26844734,0.01882304
-4.70935468,0.88164701,0.00157975,0.05597434,0.10833750,0.42728847,0.02472590,0.25656156,0.26919057,0.01869197
-4.70335168,0.89494959,0.00150447,0.05705607,0.10690194,0.43955872,0.02648587,0.24989114,0.27049179,0.01860854
-4.69734867,0.91131721,0.00144484,0.05849782,0.10651287,0.45278676,0.02834741,0.24446881,0.27240972,0.01857571
-4.69134567,0.93071767,0.00139868,0.06029210,0.10711663,0.46694724,0.03029918,0.24033808,0.27498519,0.01859620
-4.68534267,0.95303216,0.00136398,0.06242505,0.10864542,0.48196484,0.03232562,0.23753019,0.27823735,0.01867215
-4.67933967,0.97805003,0.00133889,0.06487648,0.11101866,0.49771129,0.03440696,0.23606260,0.28216083,0.01880485
-4.67333667,1.00546757,0.00132167,0.06762016,0.11414469,0.51400505,0.03651941,0.23593784,0.28672397,0.01899456
-4.66733367,1.03489120,0.00131070,0.07062429,0.11792289,0.53061345,0.03863547,0.23714286,0.29186845,0.01924028
-4.66133067,1.06584507,0.00130446,0.07385218,0.12224609,0.54725773,0.04072453,0.23964895,0.29751002,0.01953974
-4.65532766,1.09778281,0.00130150,0.07726321,0.12700327,0.56362058,0.04275362,0.24341204,0.30354063,0.01988932
-4.64932466,1.13010301,0.00130048,0.08081378,0.13208236,0.57935596,0.04468827,0.24837351,0.30983160,0.02028413
-4.64332166,1.16216764,0.00130012,0.08445846,0.13737312,0.59410092,0.04649356,0.25446129,0.31623780,0.02071809
-4.63731866,1.19332242,0.00129923,0.08815111,0.14276992,0.60748856,0.04813519,0.26159114,0.32260254,0.02118411
-4.63131566,1.22291823,0.00129672,0.09184599,0.14817435,0.61916183,0.04958062,0.26966805,0.32876286,0.02167428
-4.62531266,1.25033233,0.00129162,0.09549880,0.15349744,0.62878720,0.05080011,0.27858771,0.33455510,0.02218006
-4.61930965,1.27498832,0.00128308,0.09906751,0.15866156,0.63606769,0.05176782,0.28823771,0.33982025,0.02269254
-4.61330665,1.29637381,0.00127040,0.10251311,0.16360172,0.64075442,0.05246260,0.29849870,0.34440894,0.02320264
-4.60730365,1.31405500,0.00125302,0.10580006,0.16826629,0.64265628,0.05286877,0.30924524,0.34818587,0.02370129
-4.60130065,1.32768736,0.00123056,0.10889657,0.17261713,0.64164706,0.05297658,0.32034651,0.35103333,0.02417965
-4.59529765,1.33702223,0.00120280,0.11177470,0.17662909,0.63766987,0.05278253,0.33166679,0.35285393,0.02462921
-4.58929465,1.34190896,0.00116971,0.11441015,0.18028892,0.63073852,0.05228940,0.34306582,0.35357228,0.02504190
-4.58329165,1.34229289,0.00113141,0.11678201,0.18359365,0.62093601,0.05150607,0.35439919,0.35313573,0.02541020
-4.57728864,1.33820953,0.00108818,0.11887234,0.18654855,0.60841023,0.05044710,0.36551881,0.35151419,0.02572718
-4.57128564,1.32977545,0.00104046,0.12066563,0.18916484,0.59336709,0.04913213,0.37627357,0.34869926,0.02598652
-4.56528264,1.31717673,0.00098879,0.12214838,0.19145715,0.57606172,0.04758517,0.38651044,0.34470258,0.02618252
-4.55927964,1.30065585,0.00093382,0.12330855,0.19344112,0.55678808,0.04583367,0.39607588,0.33955390,0.02631015
-4.55327664,1.28049785,0.00087629,0.12413526,0.19513105,0.53586773,0.04390759,0.40481785,0.33329872,0.02636504
-4.54727364,1.25701673,0.00081695,0.12461852,0.19653790,0.51363819,0.04183849,0.41258830,0.32599593,0.02634352
-4.54127064,1.23054284,0.00075660,0.12474911,0.19766776,0.49044172,0.03965849,0.41924620,0.31771545,0.02624264
-4.53526763,1.20141199,0.00069602,0.12451872,0.19852079,0.46661480,0.03739945,0.42466104,0.30853606,0.02606023
-4.52926463,1.16995664,0.00063596,0.12392009,0.19909086,0.44247894,0.03509214,0.42871672,0.29854349,0.02579497
-4.52326163,1.13649972,0.00057710,0.12294749,0.19936575,0.41833313,0.03276555,0.43131556,0.28782874,0.02544647
-4.51725863,1.10135092,0.00052009,0.12159715,0.19932809,0.39444807,0.03044637,0.43238255,0.27648684,0.02501531
-4.51125563,1.06480553,0.00046547,0.11986787,0.19895683,0.37106244,0.02815855,0.43186927,0.26461577,0.02450315
-4.50525263,1.02714556,0.00041367,0.11776160,0.19822926,0.34838104,0.02592304,0.42975766,0.25231569,0.02391280
-4.49924962,0.98864271,0.00036507,0.11528407,0.19712350,0.32657478,0.02375766,0.42606321,0.23968831,0.02324820
-4.49324662,0.94956272,0.00031991,0.11244527,0.19562120,0.30578226,0.02167707,0.42083744,0.22683642,0.02251453
-4.48724362,0.91017052,0.00027836,0.10925991,0.19371045,0.28611269,0.01969287,0.41416962,0.21386335,0.02171811
-4.48124062,0.87073576,0.00024050,0.10574769,0.19138865,0.26764975,0.01781377,0.40618751,0.20087247,0.02086642
-4.47523762,0.83153792,0.00020631,0.10193339,0.18866523,0.25045613,0.01604579,0.39705711,0.18796663,0.01996798
-4.46923462,0.79287085,0.00017573,0.09784679,0.18556406,0.23457832,0.01439257,0.38698135,0.17524745,0.01903223
-4.46323162,0.75504604,0.00014862,0.09352248,0.18212545,0.22005133,0.01285565,0.37619782,0.16281450,0.01806940
-4.45722861,0.71839458,0.00012480,0.08899931,0.17840760,0.20690309,0.01143477,0.36497540,0.15076441,0.01709031
-4.45122561,0.68326742,0.00010407,0.08431989,0.17448742,0.19515824,0.01012818,0.35361018,0.13918991,0.01610618
-4.44522261,0.65003406,0.00008617,0.07952982,0.17046077,0.18484113,0.00893288,0.34242046,0.12817880,0.01512841
-4.43921961,0.61907950,0.00007087,0.07467690,0.16644199,0.17597798,0.00784494,0.33174124,0.11781297,0.01416837
-4.43321661,0.59079978,0.00005790,0.06981021,0.16256275,0.16859801,0.00685967,0.32191821,0.10816752,0.01323718
-4.42721361,0.56559620,0.00004701,0.06497923,0.15897037,0.16273370,0.00597186,0.31330143,0.09930992,0.01234549
-4.42121061,0.54386849,0.00003798,0.06023300,0.15582555,0.15842019,0.00517595,0.30623894,0.09129942,0.01150332
-4.41520760,0.52600728,0.00003058,0.05561923,0.15329962,0.15569387,0.00446619,0.30107032,0.08418660,0.01071985
-4.40920460,0.51238622,0.00002461,0.05118357,0.15157140,0.15459041,0.00383673,0.29812053,0.07801314,0.01000334
-4.40320160,0.50335397,0.00001990,0.04696903,0.15082389,0.15514235,0.00328181,0.29769396,0.07281180,0.00936097
-4.39719860,0.49922648,0.00001631,0.04301536,0.15124056,0.15737641,0.00279578,0.30006899,0.06860665,0.00879881
-4.39119560,0.50027977,0.00001374,0.03935872,0.15300172,0.16131084,0.00237327,0.30549298,0.06541345,0.00832173
-4.38519260,0.50674346,0.00001213,0.03603139,0.15628070,0.16695280,0.00200922,0.31417792,0.06324023,0.00793339
-4.37918959,0.51879532,0.00001146,0.03306160,0.16124018,0.17429613,0.00169898,0.32629662,0.06208797,0.00763628
-4.37318659,0.53655685,0.00001176,0.03047349,0.16802845,0.18331954,0.00143843,0.34197958,0.06195148,0.00743171
-4.36718359,0.56009007,0.00001312,0.02828714,0.17677592,0.19398540,0.00122401,0.36131248,0.06282025,0.00731989
-4.36118059,0.58939557,0.00001569,0.02651869,0.18759164,0.20623917,0.00105284,0.38433431,0.06467943,0.00729997
-4.35517759,0.62441181,0.00001970,0.02518048,0.20056014,0.22000955,0.00092280,0.41103610,0.06751081,0.00737015
-4.34917459,0.66501562,0.00002549,0.02428124,0.21573836,0.23520940,0.00083264,0.44136025,0.07129379,0.00752771
-4.34317159,0.71102392,0.00003348,0.02382632,0.23315287,0.25173731,0.00078209,0.47520036,0.07600640,0.00776915
-4.33716858,0.76219650,0.00004422,0.02381783,0.25279748,0.26947992,0.00077191,0.51240172,0.08162630,0.00809025
-4.33116558,0.81823996,0.00005842,0.02425490,0.27463110,0.28831479,0.00080405,0.55276228,0.08813172,0.00848616
-4.32516258,0.87881250,0.00007692,0.02513379,0.29857618,0.30811378,0.00088171,0.59603426,0.09550252,0.00895150
-4.31915958,0.94352978,0.00010078,0.02644810,0.32451767,0.32874684,0.00100948,0.64192633,0.10372114,0.00948044
-4.31315658,1.01197154,0.00013127,0.02818885,0.35230266,0.35008606,0.00119338,0.69010651,0.11277357,0.01006677
-4.30715358,1.08368905,0.00016988,0.03034465,0.38174089,0.37200980,0.00144092,0.74020583,0.12265037,0.01070403
-4.30115058,1.15821332,0.00021836,0.03290180,0.41260605,0.39440683,0.00176119,0.79182276,0.13334759,0.01138556
-4.29514757,1.23506390,0.00027874,0.03584438,0.44463823,0.41718032,0.00216483,0.84452853,0.14486763,0.01210459
-4.28914457,1.31375814,0.00035334,0.03915439,0.47754731,0.44025138,0.00266400,0.89787340,0.15722001,0.01285434
-4.28314157,1.39382083,0.00044477,0.04281187,0.51101753,0.46356227,0.00327228,0.95139367,0.17042193,0.01362811
-4.27713857,1.47479376,0.00055590,0.04679499,0.54471304,0.48707877,0.00400454,1.00461973,0.18449855,0.01441940
-4.27113557,1.55624518,0.00068991,0.05108022,0.57828449,0.51079187,0.00487670,1.05708460,0.19948296,0.01522196
-4.26513257,1.63777841,0.00085018,0.05564243,0.61137639,0.53471843,0.00590542,1.10833310,0.21541562,0.01602990
-4.25912956,1.71903943,0.00104027,0.06045498,0.64363499,0.55890072,0.00710772,1.15793123,0.23234328,0.01683778
-4.25312656,1.79972289,0.00126389,0.06548984,0.67471658,0.58340475,0.00850049,1.20547533,0.25031720,0.01764070
-4.24712356,1.87957589,0.00152474,0.07071763,0.70429563,0.60831719,0.01009992,1.25060087,0.26939070,0.01843433
-4.24112056,1.95839926,0.00182645,0.07610759,0.73207259,0.63374103,0.01192087,1.29299020,0.28961586,0.01921494
-4.23511756,2.03604578,0.00217242,0.08162757,0.75778092,0.65978969,0.01397613,1.33237893,0.31103947,0.01997946
-4.22911456,2.11241503,0.00256571,0.08724392,0.78119297,0.68657992,0.01627567,1.36856052,0.33369824,0.02072541
-4.22311156,2.18744489,0.00300886,0.09292130,0.80212442,0.71422342,0.01882586,1.40138876,0.35761336,0.02145088
-4.21710855,2.26109960,0.00350370,0.09862256,0.82043704,0.74281753,0.02162866,1.43077776,0.38278463,0.02215445
-4.21110555,2.33335482,0.00405122,0.10430848,0.83603962,0.77243526,0.02468090,1.45669950,0.40918433,0.02283506
-4.20510255,2.40418014,0.00465136,0.10993761,0.84888693,0.80311504,0.02797355,1.47917877,0.43675119,0.02349187
-4.19909955,2.47352001,0.00530290,0.11546611,0.85897691,0.83485075,0.03149125,1.49828580,0.46538471,0.02412412
-4.19309655,2.54127412,0.00600328,0.12084771,0.86634615,0.86758238,0.03521185,1.51412692,0.49494031,0.02473092
-4.18709355,2.60727829,0.00674853,0.12603378,0.87106400,0.90118815,0.03910624,1.52683369,0.52522570,0.02531109
-4.18109055,2.67128755,0.00753320,0.13097356,0.87322568,0.93547847,0.04313833,1.53655111,0.55599868,0.02586302
-4.17508754,2.73296242,0.00835036,0.13561456,0.87294487,0.97019229,0.04726541,1.54342573,0.58696699,0.02638445
-4.16908454,2.79186002,0.00919160,0.13990327,0.87034614,1.00499646,0.05143862,1.54759431,0.61779021,0.02687247
-4.16308154,2.84743083,0.01004718,0.14378596,0.86555789,1.03948825,0.05560382,1.54917385,0.64808414,0.02732335
-4.15707854,2.89902218,0.01090616,0.14720983,0.85870613,1.07320138,0.05970269,1.54825362,0.67742748,0.02773261
-4.15107554,2.94588883,0.01175665,0.15012428,0.84990947,1.10561555,0.06367403,1.54488980,0.70537096,0.02809503
-4.14507254,2.98721067,0.01258605,0.15248237,0.83927576,1.13616928,0.06745530,1.53910306,0.73144863,0.02840477
-4.13906953,3.02211721,0.01338143,0.15424235,0.82690035,1.16427572,0.07098437,1.53087944,0.75519084,0.02865560
-4.13306653,3.04971794,0.01412981,0.15536929,0.81286617,1.18934085,0.07420123,1.52017426,0.77613873,0.02884105
-4.12706353,3.06913716,0.01481865,0.15583657,0.79724546,1.21078338,0.07704985,1.50691908,0.79385928,0.02895476
-4.12106053,3.07955172,0.01543613,0.15562732,0.78010298,1.22805538,0.07947993,1.49103102,0.80796051,0.02899073
-4.11505753,3.08022960,0.01597164,0.15473555,0.76150026,1.24066281,0.08144852,1.47242401,0.81810602,0.02894370
-4.10905453,3.07056720,0.01641606,0.15316708,0.74150064,1.24818483,0.08292146,1.45102101,0.82402811,0.02880941
-4.10305153,3.05012333,0.01676209,0.15093999,0.72017449,1.25029097,0.08387449,1.42676648,0.82553886,0.02858492
-4.09704852,3.01864761,0.01700451,0.14808472,0.69760422,1.24675529,0.08429413,1.39963814,0.82253860,0.02826885
-4.09104552,2.97610188,0.01714038,0.14464368,0.67388860,1.23746671,0.08417810,1.36965716,0.81502112,0.02786154
-4.08504252,2.92267289,0.01716907,0.14067041,0.64914597,1.22243505,0.08353538,1.33689620,0.80307556,0.02736523
-4.07903952,2.85877560,0.01709234,0.13622828,0.62351605,1.20179234,0.08238590,1.30148447,0.78688465,0.02678401
-4.07303652,2.78504669,0.01691420,0.13138879,0.59716021,1.17578939,0.08075975,1.26360969,0.76671936,0.02612380
-4.06703352,2.70232841,0.01664078,0.12622951,0.57025999,1.14478780,0.07869617,1.22351652,0.74293031,0.02539220
-4.06103052,2.61164357,0.01628008,0.12083184,0.54301405,1.10924770,0.07624214,1.18150180,0.71593618,0.02459829
-4.05502751,2.51416303,0.01584164,0.11527851,0.51563366,1.06971204,0.07345072,1.13790657,0.68620982,0.02375230
-4.04902451,2.41116722,0.01533623,0.10965111,0.48833698,1.02678803,0.07037932,1.09310570,0.65426263,0.02286527
-4.04302151,2.30400375,0.01477538,0.10402767,0.46134256,0.98112676,0.06708778,1.04749542,0.62062799,0.02194870
-4.03701851,2.19404330,0.01417105,0.09848042,0.43486241,0.93340205,0.06363649,1.00147979,0.58584449,0.02101413
-4.03101551,2.08263598,0.01353517,0.09307382,0.40909509,0.88428932,0.06008464,0.95545675,0.55043976,0.02007273
-4.02501251,1.97107024,0.01287929,0.08786296,0.38421924,0.83444564,0.05648850,0.90980460,0.51491550,0.01913498
-4.01900950,1.86053620,0.01221426,0.08289234,0.36038798,0.78449168,0.05290003,0.86486971,0.47973441,0.01821032
-4.01300650,1.75209514,0.01154989,0.07819522,0.33772440,0.73499626,0.04936571,0.82095610,0.44530943,0.01730689
-4.00700350,1.64665602,0.01089477,0.07379330,0.31631851,0.68646410,0.04592563,0.77831737,0.41199567,0.01643136
-4.00100050,1.54496007,0.01025608,0.06969703,0.29622570,0.63932696,0.04261293,0.73715139,0.38008513,0.01558879
-3.99499750,1.44757335,0.00963956,0.06590622,0.27746678,0.59393842,0.03945358,0.69759792,0.34980428,0.01478259
-3.98899450,1.35488742,0.00904943,0.06241114,0.26002958,0.55057216,0.03646638,0.65973906,0.32131440,0.01401461
-3.98299150,1.26712718,0.00848848,0.05919386,0.24387192,0.50942350,0.03366329,0.62360249,0.29471436,0.01328519
-3.97698849,1.18436509,0.00795819,0.05622990,0.22892574,0.47061386,0.03105000,0.58916701,0.27004549,0.01259339
-3.97098549,1.10654052,0.00745885,0.05348997,0.21510213,0.43419753,0.02862662,0.55637006,0.24729820,0.01193717
-3.96498249,1.03348263,0.00698973,0.05094177,0.20229696,0.40017037,0.02638855,0.52511653,0.22641973,0.01131368
-3.95897949,0.96493562,0.00654936,0.04855178,0.19039671,0.36847960,0.02432743,0.49528847,0.20732272,0.01071948
-3.95297649,0.90058452,0.00613568,0.04628692,0.17928432,0.33903432,0.02243210,0.46675486,0.18989391,0.01015086
-3.94697349,0.84008041,0.00574627,0.04411603,0.16884464,0.31171599,0.02068951,0.43938112,0.17400277,0.00960406
-3.94097049,0.78306381,0.00537855,0.04201111,0.15896927,0.28638852,0.01908565,0.41303773,0.15950953,0.00907551
-3.93496748,0.72918518,0.00502996,0.03994828,0.14956063,0.26290754,0.01760632,0.38760761,0.14627236,0.00856204
-3.92896448,0.67812198,0.00469811,0.03790845,0.14053513,0.24112847,0.01623776,0.36299191,0.13415354,0.00806101
-3.92296148,0.62959178,0.00438086,0.03587769,0.13182533,0.22091328,0.01496723,0.33911417,0.12302438,0.00757043
-3.91695848,0.58336131,0.00407646,0.03384728,0.12338113,0.20213579,0.01378340,0.31592261,0.11276893,0.00708900
-3.91095548,0.53925145,0.00378353,0.03181357,0.11517001,0.18468554,0.01267658,0.29339082,0.10328652,0.00661612
-3.90495248,0.49713870,0.00350112,0.02977749,0.10717643,0.16847026,0.01163889,0.27151677,0.09449312,0.00615188
-3.89894947,0.45695338,0.00322865,0.02774404,0.09940057,0.15341712,0.01066424,0.25032059,0.08632173,0.00569697
-3.89294647,0.41867530,0.00296593,0.02572150,0.09185652,0.13947301,0.00974830,0.22984126,0.07872194,0.00525259
-3.88694347,0.38232751,0.00271306,0.02372064,0.08457010,0.12660393,0.00888834,0.21013258,0.07165887,0.00482036
-3.88094047,0.34796893,0.00247037,0.02175389,0.07757646,0.11479382,0.00808303,0.19125874,0.06511162,0.00440214
-3.87493747,0.31568633,0.00223837,0.01983449,0.07091773,0.10404298,0.00733225,0.17328980,0.05907148,0.00399998
-3.86893447,0.28558642,0.00201765,0.01797575,0.06464067,0.09436639,0.00663679,0.15629736,0.05354002,0.00361594
-3.86293147,0.25778838,0.00180884,0.01619036,0.05879459,0.08579186,0.00599820,0.14035063,0.04852713,0.00325202
-3.85692846,0.23241725,0.00161252,0.01448980,0.05342957,0.07835834,0.00541854,0.12551309,0.04404931,0.00291002
-3.85092546,0.20959851,0.00142920,0.01288395,0.04859493,0.07211438,0.00490017,0.11183987,0.04012799,0.00259153
-3.84492246,0.18945362,0.00125924,0.01138068,0.04433814,0.06711665,0.00444566,0.09937586,0.03678816,0.00229783
-3.83891946,0.17209693,0.00110286,0.00998575,0.04070395,0.06342863,0.00405759,0.08815455,0.03405716,0.00202986
-3.83291646,0.15763344,0.00096012,0.00870272,0.03773387,0.06111942,0.00373850,0.07819759,0.03196371,0.00178824
-3.82691346,0.14615740,0.00083091,0.00753297,0.03546581,0.06026242,0.00349076,0.06951493,0.03053700,0.00157324
-3.82091046,0.13775151,0.00071493,0.00647585,0.03393389,0.06093398,0.00331659,0.06210543,0.02980592,0.00138481
-3.81490745,0.13248629,0.00061176,0.00552889,0.03316831,0.06321175,0.00321792,0.05595782,0.02979830,0.00122260
-3.80890445,0.13041945,0.00052083,0.00468804,0.03319514,0.06717278,0.00319643,0.05105182,0.03054008,0.00108602
-3.80290145,0.13159507,0.00044146,0.00394797,0.03403615,0.07289120,0.00325342,0.04735939,0.03205433,0.00097424
-3.79689845,0.13604219,0.00037291,0.00330236,0.03570839,0.08043547,0.00338981,0.04484582,0.03436025,0.00088626
-3.79089545,0.14377289,0.00031436,0.00274420,0.03822372,0.08986526,0.00360605,0.04347083,0.03747186,0.00082095
-3.78489245,0.15477981,0.00026498,0.00226609,0.04158806,0.10122790,0.00390202,0.04318932,0.04139661,0.00077705
-3.77888944,0.16903300,0.00022393,0.00186048,0.04580065,0.11455465,0.00427698,0.04395199,0.04613383,0.00075324
-3.77288644,0.18647642,0.00019038,0.00151990,0.05085304,0.12985676,0.00472943,0.04570565,0.05167308,0.00074811
-3.76688344,0.20702422,0.00016352,0.00123718,0.05672815,0.14712163,0.00525704,0.04839339,0.05799251,0.00076025
-3.76088044,0.23055712,0.00014260,0.00100560,0.06339931,0.16630924,0.00585651,0.05195457,0.06505729,0.00078818
-3.75487744,0.25691917,0.00012693,0.00081900,0.07082946,0.18734915,0.00652353,0.05632470,0.07281826,0.00083043
-3.74887444,0.28591530,0.00011587,0.00067188,0.07897047,0.21013808,0.00725270,0.06143533,0.08121084,0.00088548
-3.74287144,0.31730987,0.00010884,0.00055949,0.08776288,0.23453868,0.00803748,0.06721410,0.09015440,0.00095181
-3.73686843,0.35082674,0.00010532,0.00047786,0.09713588,0.26037923,0.00887023,0.07358478,0.09955221,0.00102788
-3.73086543,0.38615083,0.00010489,0.00042380,0.10700779,0.28745482,0.00974222,0.08046770,0.10929191,0.00111217
-3.72486243,0.42293151,0.00010714,0.00039496,0.11728700,0.31552976,0.01064375,0.08778036,0.11924676,0.00120313
-3.71885943,0.46078780,0.00011174,0.00038979,0.12787333,0.34434142,0.01156427,0.09543839,0.12927757,0.00129922
-3.71285643,0.49931528,0.00011842,0.00040755,0.13865986,0.37360540,0.01249260,0.10335676,0.13923532,0.00139896
-3.70685343,0.53809459,0.00012692,0.00044830,0.14953512,0.40302169,0.01341713,0.11145130,0.14896452,0.00150089
-3.70085043,0.57670112,0.00013704,0.00051292,0.16038561,0.43228187,0.01432606,0.11964046,0.15830700,0.00160364
-3.69484742,0.61471559,0.00014860,0.00060304,0.17109849,0.46107675,0.01520776,0.12784714,0.16710633,0.00170592
-3.68884442,0.65173492,0.00016146,0.00072109,0.18156427,0.48910434,0.01605097,0.13600067,0.17521230,0.00180658
-3.68284142,0.68738294,0.00017546,0.00087025,0.19167955,0.51607752,0.01684515,0.14403863,0.18248569,0.00190460
-3.67683842,0.72132044,0.00019047,0.00105446,0.20134938,0.54173132,0.01758070,0.15190857,0.18880275,0.00199917
-3.67083542,0.75325382,0.00020637,0.00127838,0.21048944,0.56582914,0.01824923,0.15956944,0.19405943,0.00208965
-3.66483242,0.78294213,0.00022303,0.00154734,0.21902764,0.58816784,0.01884376,0.16699257,0.19817500,0.00217563
-3.65882941,0.81020196,0.00024030,0.00186732,0.22690524,0.60858133,0.01935883,0.17416228,0.20109503,0.00225691
-3.65282641,0.83490998,0.00025803,0.00224482,0.23407737,0.62694251,0.01979057,0.18107587,0.20279334,0.00233353
-3.64682341,0.85700291,0.00027607,0.00268683,0.24051297,0.64316361,0.02013678,0.18774313,0.20327305,0.00240574
-3.64082041,0.87647508,0.00029422,0.00320063,0.24619413,0.65719487,0.02039682,0.19418517,0.20256650,0.00247399
-3.63481741,0.89337363,0.00031229,0.00379363,0.25111495,0.66902176,0.02057154,0.20043282,0.20073408,0.00253894
-3.62881441,0.90779162,0.00033006,0.00447320,0.25527995,0.67866093,0.02066313,0.20652447,0.19786203,0.00260137
-3.62281141,0.91985951,0.00034729,0.00524635,0.25870218,0.68615534,0.02067492,0.21250348,0.19405928,0.00266216
-3.61680840,0.92973546,0.00036375,0.00611952,0.26140118,0.69156866,0.02061119,0.21841535,0.18945340,0.00272227
-3.61080540,0.93759496,0.00037918,0.00709819,0.26340090,0.69497959,0.02047690,0.22430462,0.18418600,0.00278266
-3.60480240,0.94362029,0.00039333,0.00818659,0.26472765,0.69647628,0.02027748,0.23021176,0.17840763,0.00284427
-3.59879940,0.94799048,0.00040594,0.00938730,0.26540834,0.69615114,0.02001863,0.23617007,0.17227251,0.00290791
-3.59279640,0.95087209,0.00041676,0.01070087,0.26546893,0.69409652,0.01970610,0.24220284,0.16593323,0.00297427
-3.58679340,0.95241119,0.00042558,0.01212553,0.26493335,0.69040121,0.01934551,0.24832075,0.15953571,0.00304384
-3.58079040,0.95272713,0.00043219,0.01365680,0.26382269,0.68514804,0.01894227,0.25451980,0.15321463,0.00311688
-3.57478739,0.95190789,0.00043643,0.01528725,0.26215489,0.67841255,0.01850143,0.26077969,0.14708947,0.00319338
-3.56878439,0.95000755,0.00043817,0.01700631,0.25994481,0.67026267,0.01802768,0.26706284,0.14126127,0.00327305
-3.56278139,0.94704558,0.00043733,0.01880016,0.25720456,0.66075939,0.01752529,0.27331411,0.13581036,0.00335529
-3.55677839,0.94300807,0.00043386,0.02065171,0.25394416,0.64995816,0.01699817,0.27946120,0.13079494,0.00343922
-3.55077539,0.93785066,0.00042780,0.02254078,0.25017242,0.63791083,0.01644987,0.28541580,0.12625062,0.00352365
-3.54477239,0.93150301,0.00041920,0.02444434,0.24589789,0.62466811,0.01588366,0.29107541,0.12219097,0.00360713
-3.53876938,0.92387460,0.00040819,0.02633692,0.24112986,0.61028198,0.01530263,0.29632593,0.11860883,0.00368801
-3.53276638,0.91486146,0.00039493,0.02819117,0.23587934,0.59480832,0.01470971,0.30104474,0.11547843,0.00376444
-3.52676338,0.90435370,0.00037963,0.02997851,0.23015997,0.57830913,0.01410779,0.30510442,0.11275820,0.00383444
-3.52076038,0.89224344,0.00036255,0.03166993,0.22398879,0.56085468,0.01349978,0.30837679,0.11039401,0.00389601
-3.51475738,0.87843283,0.00034395,0.03323685,0.21738681,0.54252504,0.01288865,0.31073730,0.10832282,0.00394714
-3.50875438,0.86284197,0.00032414,0.03465205,0.21037951,0.52341138,0.01227751,0.31206946,0.10647647,0.00398591
-3.50275138,0.84541625,0.00030342,0.03589058,0.20299701,0.50361668,0.01166962,0.31226928,0.10478548,0.00401057
-3.49674837,0.82613313,0.00028212,0.03693069,0.19527422,0.48325602,0.01106843,0.31124940,0.10318275,0.00401960
-3.49074537,0.80500770,0.00026054,0.03775466,0.18725068,0.46245642,0.01047756,0.30894291,0.10160692,0.00401177
-3.48474237,0.78209724,0.00023899,0.03834952,0.17897038,0.44135631,0.00990081,0.30530644,0.10000535,0.00398621
-3.47873937,0.75750417,0.00021774,0.03870766,0.17048134,0.42010454,0.00934216,0.30032269,0.09833656,0.00394243
-3.47273637,0.73137749,0.00019704,0.03882722,0.16183512,0.39885906,0.00880571,0.29400195,0.09657207,0.00388037
-3.46673337,0.70391247,0.00017714,0.03871231,0.15308619,0.37778528,0.00829563,0.28638274,0.09469755,0.00380041
-3.46073037,0.67534851,0.00015822,0.03837297,0.14429126,0.35705405,0.00781619,0.27753146,0.09271328,0.00370334
-3.45472736,0.64596528,0.00014046,0.03782496,0.13550846,0.33683927,0.00737159,0.26754103,0.09063397,0.00359039
-3.44872436,0.61607705,0.00012400,0.03708930,0.12679646,0.31731531,0.00696600,0.25652856,0.08848785,0.00346317
-3.44272136,0.58602545,0.00010895,0.03619160,0.11821356,0.29865397,0.00660340,0.24463216,0.08631518,0.00332361
-3.43671836,0.55617084,0.00009540,0.03516122,0.10981674,0.28102127,0.00628755,0.23200705,0.08416618,0.00317392
-3.43071536,0.52688259,0.00008345,0.03403031,0.10166063,0.26457398,0.00602189,0.21882106,0.08209861,0.00301653
-3.42471236,0.49852850,0.00007317,0.03283269,0.09379654,0.24945594,0.00580940,0.20524977,0.08017489,0.00285396
-3.41870935,0.47146388,0.00006463,0.03160274,0.08627148,0.23579435,0.00565255,0.19147152,0.07845916,0.00268880
-3.41270635,0.44602064,0.00005794,0.03037420,0.07912727,0.22369606,0.00555315,0.17766242,0.07701409,0.00252362
-3.40670335,0.42249676,0.00005323,0.02917908,0.07239970,0.21324400,0.00551228,0.16399163,0.07589791,0.00236085
-3.40070035,0.40114667,0.00005065,0.02804658,0.06611787,0.20449396,0.00553015,0.15061709,0.07516151,0.00220276
-3.39469735,0.38217280,0.00005044,0.02700218,0.06030358,0.19747172,0.00560607,0.13768176,0.07484586,0.00205138
-3.38869435,0.36571884,0.00005288,0.02606684,0.05497098,0.19217092,0.00573833,0.12531071,0.07497984,0.00190844
-3.38269135,0.35186481,0.00005837,0.02525642,0.05012641,0.18855152,0.00592418,0.11360888,0.07557863,0.00177535
-3.37668834,0.34062427,0.00006737,0.02458130,0.04576837,0.18653929,0.00615979,0.10265972,0.07664252,0.00165314
-3.37068534,0.33194382,0.00008051,0.02404614,0.04188775,0.18602615,0.00644030,0.09252469,0.07815650,0.00154250
-3.36468234,0.32570489,0.00009850,0.02364996,0.03846831,0.18687167,0.00675986,0.08324348,0.08009042,0.00144376
-3.35867934,0.32172778,0.00012225,0.02338637,0.03548724,0.18890554,0.00711169,0.07483504,0.08239974,0.00135688
-3.35267634,0.31977788,0.00015279,0.02324396,0.03291596,0.19193120,0.00748826,0.06729917,0.08502699,0.00128152
-3.34667334,0.31957373,0.00019134,0.02320694,0.03072108,0.19573040,0.00788143,0.06061860,0.08790374,0.00121704
-3.34067034,0.32079669,0.00023928,0.02325587,0.02886543,0.20006863,0.00828264,0.05476154,0.09095299,0.00116257
-3.33466733,0.32310193,0.00029816,0.02336850,0.02730914,0.20470132,0.00868317,0.04968433,0.09409206,0.00111704
-3.32866433,0.32613008,0.00036969,0.02352070,0.02601085,0.20938047,0.00907439,0.04533431,0.09723558,0.00107926
-3.32266133,0.32951932,0.00045573,0.02368746,0.02492880,0.21386168,0.00944796,0.04165257,0.10029874,0.00104793
-3.31665833,0.33291733,0.00055824,0.02384379,0.02402196,0.21791102,0.00979615,0.03857666,0.10320039,0.00102174
-3.31065533,0.33599262,0.00067925,0.02396571,0.02325102,0.22131186,0.01011204,0.03604298,0.10586608,0.00099936
-3.30465233,0.33844484,0.00082083,0.02403105,0.02257938,0.22387102,0.01038977,0.03398896,0.10823070,0.00097956
-3.29864932,0.34001371,0.00098499,0.02402026,0.02197383,0.22542427,0.01062468,0.03235483,0.11024080,0.00096120
-3.29264632,0.34048615,0.00117365,0.02391697,0.02140529,0.22584082,0.01081348,0.03108499,0.11185629,0.00094324
-3.28664332,0.33970152,0.00138850,0.02370850,0.02084920,0.22502673,0.01095428,0.03012907,0.11305160,0.00092484
-3.28064032,0.33755464,0.00163098,0.02338620,0.02028589,0.22292703,0.01104670,0.02944250,0.11381620,0.00090530
-3.27463732,0.33399682,0.00190211,0.02294556,0.01970072,0.21952654,0.01109174,0.02898682,0.11415440,0.00088411
-3.26863432,0.32903463,0.00220245,0.02238622,0.01908407,0.21484947,0.01109178,0.02872961,0.11408466,0.00086093
-3.26263132,0.32272694,0.00253195,0.02171187,0.01843122,0.20895773,0.01105035,0.02864422,0.11363820,0.00083561
-3.25662831,0.31518017,0.00288991,0.02092988,0.01774216,0.20194817,0.01097202,0.02870922,0.11285721,0.00080813
-3.25062531,0.30654233,0.00327485,0.02005095,0.01702118,0.19394897,0.01086214,0.02890781,0.11179273,0.00077865
-3.24462231,0.29699605,0.00368451,0.01908864,0.01627659,0.18511530,0.01072664,0.02922708,0.11050229,0.00074743
-3.23861931,0.28675117,0.00411576,0.01805879,0.01552026,0.17562450,0.01057174,0.02965735,0.10904750,0.00071483
-3.23261631,0.27603719,0.00456461,0.01697895,0.01476723,0.16567117,0.01040376,0.03019154,0.10749172,0.00068131
-3.22661331,0.26509613,0.00502624,0.01586783,0.01403535,0.15546223,0.01022889,0.03082462,0.10589801,0.00064736
-3.22061031,0.25417594,0.00549507,0.01474473,0.01334488,0.14521228,0.01005300,0.03155327,0.10432733,0.00061351
-3.21460730,0.24352502,0.00596481,0.01362903,0.01271829,0.13513945,0.00988153,0.03237569,0.10283733,0.00058032
-3.20860430,0.23338781,0.00642863,0.01253974,0.01217996,0.12546183,0.00971940,0.03329160,0.10148154,0.00054832
-3.20260130,0.22400173,0.00687930,0.01149517,0.01175607,0.11639457,0.00957095,0.03430243,0.10030914,0.00051804
-3.19659830,0.21559540,0.00730940,0.01051260,0.01147448,0.10814773,0.00944000,0.03541166,0.09936528,0.00049000
-3.19059530,0.20838801,0.00771151,0.00960807,0.01136466,0.10092479,0.00932988,0.03662528,0.09869174,0.00046465
-3.18459230,0.20258974,0.00807842,0.00879630,0.01145762,0.09492170,0.00924351,0.03795238,0.09832816,0.00044245
-3.17858929,0.19840283,0.00840342,0.00809058,0.01178589,0.09032644,0.00918362,0.03940562,0.09831326,0.00042380
-3.17258629,0.19602311,0.00868047,0.00750282,0.01238336,0.08731876,0.00915280,0.04100180,0.09868638,0.00040908
-3.16658329,0.19564141,0.00890440,0.00704349,0.01328510,0.08606997,0.00915366,0.04276214,0.09948878,0.00039864
-3.16058029,0.19744465,0.00907115,0.00672178,0.01452706,0.08674259,0.00918901,0.04471249,0.10076477,0.00039279
-3.15457729,0.20161615,0.00917787,0.00654558,0.01614558,0.08948959,0.00926190,0.04688315,0.10256241,0.00039183
-3.14857429,0.20833475,0.00922302,0.00652152,0.01817682,0.09445304,0.00937569,0.04930846,0.10493374,0.00039605
-3.14257129,0.21777269,0.00920648,0.00665502,0.02065587,0.10176206,0.00953404,0.05202598,0.10793424,0.00040568
-3.13656828,0.23009185,0.00912949,0.00695023,0.02361581,0.11152993,0.00974090,0.05507530,0.11162174,0.00042095
-3.13056528,0.24543854,0.00899464,0.00740994,0.02708651,0.12385042,0.01000031,0.05849650,0.11605448,0.00044205
-3.12456228,0.26393666,0.00880577,0.00803549,0.03109324,0.13879329,0.01031628,0.06232826,0.12128855,0.00046911
-3.11855928,0.28567980,0.00856780,0.00882657,0.03565531,0.15639920,0.01069256,0.06660569,0.12737476,0.00050223
-3.11255628,0.31072225,0.00828660,0.00978102,0.04078445,0.17667419,0.01113230,0.07135801,0.13435496,0.00054142
-3.10655328,0.33906965,0.00796874,0.01089465,0.04648340,0.19958400,0.01163783,0.07660608,0.14225823,0.00058662
-3.10055028,0.37066975,0.00762125,0.01216094,0.05274445,0.22504864,0.01221031,0.08236008,0.15109686,0.00063765
-3.09454727,0.40540392,0.00725141,0.01357090,0.05954824,0.25293759,0.01284939,0.08861720,0.16086271,0.00069425
-3.08854427,0.44307996,0.00686651,0.01511287,0.06686279,0.28306597,0.01355303,0.09535988,0.17152386,0.00075601
-3.08254127,0.48342707,0.00647358,0.01677242,0.07464296,0.31519221,0.01431718,0.10255425,0.18302207,0.00082240
-3.07653827,0.52609332,0.00607923,0.01853235,0.08283020,0.34901744,0.01513574,0.11014938,0.19527109,0.00089274
-3.07053527,0.57064628,0.00568946,0.02037273,0.09135300,0.38418708,0.01600037,0.11807704,0.20815620,0.00096623
-3.06453227,0.61657708,0.00530953,0.02227115,0.10012773,0.42029464,0.01690065,0.12625229,0.22153483,0.00104193
-3.05852926,0.66330803,0.00494381,0.02420299,0.10906005,0.45688808,0.01782413,0.13457486,0.23523868,0.00111878
-3.05252626,0.71020392,0.00459581,0.02614189,0.11804696,0.49347843,0.01875661,0.14293123,0.24907699,0.00119565
-3.04652326,0.75658661,0.00426808,0.02806026,0.12697919,0.52955070,0.01968248,0.15119758,0.26284117,0.00127130
-3.04052026,0.80175251,0.00396226,0.02992998,0.13574411,0.56457673,0.02058516,0.15924320,0.27631043,0.00134447
-3.03451726,0.84499241,0.00367916,0.03172305,0.14422889,0.59802946,0.02144758,0.16693459,0.28925828,0.00141389
-3.02851426,0.88561273,0.00341880,0.03341240,0.15232382,0.62939813,0.02225278,0.17413975,0.30145959,0.00147832
-3.02251126,0.92295735,0.00318055,0.03497266,0.15992571,0.65820378,0.02298444,0.18073274,0.31269794,0.00153657
-3.01650825,0.95642901,0.00296323,0.03638086,0.16694104,0.68401432,0.02362753,0.18659817,0.32277276,0.00158757
-3.01050525,0.98550931,0.00276527,0.03761720,0.17328897,0.70645859,0.02416881,0.19163536,0.33150610,0.00163041
-3.00450225,1.00977637,0.00258479,0.03866557,0.17890382,0.72523855,0.02459741,0.19576221,0.33874855,0.00166430
-2.99849925,1.02891928,0.00241979,0.03951407,0.18373705,0.74013928,0.02490521,0.19891834,0.34438411,0.00168870
-2.99249625,1.04274874,0.00226822,0.04015534,0.18775862,0.75103618,0.02508721,0.20106754,0.34833370,0.00170326
-2.98649325,1.05120353,0.00212812,0.04058667,0.19095764,0.75789910,0.02514179,0.20219939,0.35055725,0.00170787
-2.98049025,1.05435236,0.00199767,0.04081008,0.19334246,0.76079326,0.02507085,0.20232994,0.35105422,0.00170265
-2.97448724,1.05239151,0.00187528,0.04083211,0.19493998,0.75987707,0.02487978,0.20150162,0.34986256,0.00168794
-2.96848424,1.04563818,0.00175966,0.04066350,0.19579447,0.75539698,0.02457747,0.19978218,0.34705636,0.00166431
-2.96248124,1.03452041,0.00164981,0.04031878,0.19596598,0.74767969,0.02417605,0.19726298,0.34274209,0.00163253
-2.95647824,1.01956397,0.00154506,0.03981572,0.19552837,0.73712246,0.02369070,0.19405669,0.33705402,0.00159356
-2.95047524,1.00137725,0.00144507,0.03917470,0.19456719,0.72418169,0.02313929,0.19029445,0.33014881,0.00154848
-2.94447224,0.98063489,0.00134980,0.03841808,0.19317754,0.70936081,0.02254207,0.18612280,0.32219980,0.00149852
-2.93846923,0.95806102,0.00125949,0.03756954,0.19146212,0.69319785,0.02192124,0.18170051,0.31339113,0.00144497
-2.93246623,0.93441302,0.00117463,0.03665345,0.18952938,0.67625322,0.02130063,0.17719536,0.30391223,0.00138919
-2.92646323,0.91046630,0.00109593,0.03569433,0.18749217,0.65909848,0.02070525,0.17278114,0.29395266,0.00133258
-2.92046023,0.88700071,0.00102426,0.03471635,0.18546661,0.64230604,0.02016100,0.16863487,0.28369772,0.00127653
-2.91445723,0.86478881,0.00096064,0.03374290,0.18357146,0.62644040,0.01969426,0.16493436,0.27332489,0.00122239
-2.90845423,0.84458611,0.00090616,0.03279634,0.18192775,0.61205072,0.01933159,0.16185610,0.26300115,0.00117149
-2.90245123,0.82712319,0.00086196,0.03189771,0.18065870,0.59966479,0.01909941,0.15957336,0.25288121,0.00112510
-2.89644822,0.81309931,0.00082921,0.03106662,0.17988980,0.58978417,0.01902367,0.15825470,0.24310652,0.00108442
-2.89044522,0.80317709,0.00080904,0.03032119,0.17974884,0.58288010,0.01912948,0.15806254,0.23380508,0.00105056
-2.88444222,0.79797784,0.00080252,0.02967797,0.18036585,0.57939007,0.01944076,0.15915175,0.22509169,0.00102455
-2.87843922,0.79807677,0.00081065,0.02915194,0.18187265,0.57971429,0.01997980,0.16166836,0.21706860,0.00100732
-2.87243622,0.80399774,0.00083430,0.02875652,0.18440206,0.58421204,0.02076675,0.16574795,0.20982634,0.00099972
-2.86643322,0.81620699,0.00087416,0.02850354,0.18808640,0.59319734,0.02181911,0.17151393,0.20344444,0.00100248
-2.86043022,0.83510555,0.00093077,0.02840316,0.19305544,0.60693390,0.02315111,0.17907551,0.19799207,0.00101620
-2.85442721,0.86102024,0.00100444,0.02846384,0.19943361,0.62562908,0.02477301,0.18852533,0.19352829,0.00104137
-2.84842421,0.89419327,0.00109523,0.02869221,0.20733657,0.64942705,0.02669044,0.19993687,0.19010199,0.00107835
-2.84242121,0.93477080,0.00120293,0.02909290,0.21686711,0.67840119,0.02890370,0.21336164,0.18775136,0.00112733
-2.83641821,0.98279081,0.00132703,0.02966843,0.22811064,0.71254623,0.03140704,0.22882619,0.18650308,0.00118833
-2.83041521,1.03817110,0.00146668,0.03041902,0.24113037,0.75177031,0.03418812,0.24632927,0.18637112,0.00126120
-2.82441221,1.10069802,0.00162070,0.03134244,0.25596234,0.79588775,0.03722747,0.26583907,0.18735540,0.00134559
-2.81840920,1.17001699,0.00178755,0.03243390,0.27261069,0.84461296,0.04049821,0.28729091,0.18944040,0.00144091
-2.81240620,1.24562558,0.00196534,0.03368603,0.29104333,0.89755614,0.04396589,0.31058552,0.19259386,0.00154639
-2.80640320,1.32687011,0.00215183,0.03508882,0.31118839,0.95422139,0.04758866,0.33558800,0.19676575,0.00166098
-2.80040020,1.41294643,0.00234445,0.03662978,0.33293151,1.01400769,0.05131765,0.36212776,0.20188767,0.00178344
-2.79439720,1.50290558,0.00254035,0.03829404,0.35611453,1.07621327,0.05509767,0.38999945,0.20787274,0.00191230
-2.78839420,1.59566469,0.00273645,0.04006470,0.38053543,1.14004354,0.05886822,0.41896503,0.21461615,0.00204588
-2.78239120,1.69002316,0.00292946,0.04192310,0.40594993,1.20462278,0.06256476,0.44875696,0.22199640,0.00218233
-2.77638819,1.78468412,0.00311599,0.04384924,0.43207464,1.26900941,0.06612024,0.47908245,0.22987720,0.00231965
-2.77038519,1.87828062,0.00329265,0.04582228,0.45859184,1.33221480,0.06946682,0.50962875,0.23811006,0.00245574
-2.76438219,1.96940588,0.00345606,0.04782096,0.48515579,1.39322481,0.07253781,0.54006921,0.24653742,0.00258842
-2.75837919,2.05664660,0.00360305,0.04982409,0.51140034,1.45102373,0.07526957,0.57007002,0.25499629,0.00271552
-2.75237619,2.13861815,0.00373065,0.05181101,0.53694770,1.50461972,0.07760349,0.59929723,0.26332217,0.00283492
-2.74637319,2.21400031,0.00383624,0.05376199,0.56141791,1.55307078,0.07948783,0.62742395,0.27135315,0.00294459
-2.74037019,2.28157219,0.00391762,0.05565852,0.58443884,1.59551032,0.08087945,0.65413723,0.27893394,0.00304267
-2.73436718,2.34024476,0.00397308,0.05748356,0.60565612,1.63117138,0.08174516,0.67914455,0.28591975,0.00312749
-2.72836418,2.38908977,0.00400143,0.05922168,0.62474272,1.65940832,0.08206288,0.70217953,0.29217976,0.00319766
-2.72236118,2.42736379,0.00400208,0.06085907,0.64140776,1.67971532,0.08182234,0.72300661,0.29760009,0.00325205
-2.71635818,2.45452645,0.00397504,0.06238349,0.65540418,1.69174069,0.08102542,0.74142479,0.30208606,0.00328986
-2.71035518,2.47025196,0.00392092,0.06378413,0.66653493,1.69529642,0.07968602,0.75726998,0.30556392,0.00331062
-2.70435218,2.47443386,0.00384091,0.06505140,0.67465749,1.69036270,0.07782953,0.77041630,0.30798162,0.00331419
-2.69834917,2.46718258,0.00373676,0.06617676,0.67968656,1.67708699,0.07549193,0.78077613,0.30930899,0.00330076
-2.69234617,2.44881633,0.00361073,0.06715241,0.68159485,1.65577789,0.07271851,0.78829924,0.30953717,0.00327083
-2.68634317,2.41984582,0.00346549,0.06797118,0.68041200,1.62689396,0.06956235,0.79297101,0.30867745,0.00322520
-2.68034017,2.38095372,0.00330413,0.06862636,0.67622182,1.59102810,0.06608251,0.79481013,0.30675959,0.00316490
-2.67433717,2.33296987,0.00312998,0.06911169,0.66915793,1.54888812,0.06234220,0.79386593,0.30382982,0.00309118
-2.66833417,2.27684369,0.00294662,0.06942140,0.65939833,1.50127440,0.05840682,0.79021560,0.29994855,0.00300545
-2.66233117,2.21361481,0.00275780,0.06955041,0.64715885,1.44905550,0.05434207,0.78396163,0.29518811,0.00290923
-2.65632816,2.14438353,0.00256733,0.06949460,0.63268619,1.39314287,0.05021219,0.77522951,0.28963046,0.00280413
-2.65032516,2.07028214,0.00237909,0.06925129,0.61625067,1.33446552,0.04607833,0.76416596,0.28336514,0.00269177
-2.64432216,1.99244829,0.00219696,0.06881966,0.59813906,1.27394571,0.04199724,0.75093770,0.27648747,0.00257376
-2.63831916,1.91200120,0.00202482,0.06820135,0.57864781,1.21247641,0.03802014,0.73573079,0.26909710,0.00245166
-2.63231616,1.83002147,0.00186657,0.06740101,0.55807686,1.15090133,0.03419194,0.71875041,0.26129695,0.00232699
-2.62631316,1.74753480,0.00172610,0.06642691,0.53672423,1.08999805,0.03055075,0.70022099,0.25319247,0.00220112
-2.62031016,1.66549971,0.00160741,0.06529137,0.51488143,1.03046458,0.02712767,0.68038650,0.24489128,0.00207537
-2.61430715,1.58479924,0.00151457,0.06401123,0.49282978,0.97290965,0.02394689,0.65951061,0.23650310,0.00195089
-2.60830415,1.50623629,0.00145186,0.06260804,0.47083754,0.91784659,0.02102594,0.63787659,0.22813981,0.00182875
-2.60230115,1.43053205,0.00142378,0.06110818,0.44915785,0.86569085,0.01837624,0.61578653,0.21991572,0.00170990
-2.59629815,1.35832699,0.00143517,0.05954268,0.42802721,0.81676073,0.01600375,0.59355988,0.21194775,0.00159515
-2.59029515,1.29018365,0.00149121,0.05794694,0.40766454,0.77128101,0.01390971,0.57153095,0.20435555,0.00148525
-2.58429215,1.22659072,0.00159751,0.05636011,0.38827054,0.72938904,0.01209147,0.55004530,0.19726142,0.00138081
-2.57828914,1.16796752,0.00176012,0.05482429,0.37002718,0.69114266,0.01054329,0.52945513,0.19078994,0.00128240
-2.57228614,1.11466850,0.00198550,0.05338360,0.35309735,0.65652961,0.00925715,0.51011342,0.18506721,0.00119047
-2.56628314,1.06698712,0.00228050,0.05208301,0.33762439,0.62547773,0.00822346,0.49236716,0.18021972,0.00110543
-2.56028014,1.02515889,0.00265226,0.05096703,0.32373147,0.59786553,0.00743167,0.47654971,0.17637272,0.00102759
-2.55427714,0.98936319,0.00310809,0.05007840,0.31152092,0.57353275,0.00687082,0.46297264,0.17364816,0.00095724
-2.54827414,0.95972383,0.00365524,0.04945663,0.30107329,0.55229035,0.00652986,0.45191715,0.17216209,0.00089454
-2.54227114,0.93630840,0.00430074,0.04913672,0.29244635,0.53392977,0.00639794,0.44362565,0.17202176,0.00083964
-2.53626813,0.91912647,0.00505103,0.04914777,0.28567399,0.51823116,0.00646451,0.43829353,0.17332228,0.00079257
-2.53026513,0.90812696,0.00591167,0.04951187,0.28076517,0.50497033,0.00671931,0.43606181,0.17614297,0.00075332
-2.52426213,0.90319487,0.00688701,0.05024312,0.27770294,0.49392443,0.00715225,0.43701069,0.18054369,0.00072176
-2.51825913,0.90414795,0.00797974,0.05134682,0.27644373,0.48487627,0.00775319,0.44115450,0.18656100,0.00069771
-2.51225613,0.91073358,0.00919056,0.05281904,0.27691690,0.47761730,0.00851172,0.44843825,0.19420456,0.00068087
-2.50625313,0.92262638,0.01051776,0.05464634,0.27902481,0.47194947,0.00941679,0.45873601,0.20345381,0.00067088
-2.50025013,0.93942703,0.01195689,0.05680594,0.28264334,0.46768594,0.01045644,0.47185120,0.21425523,0.00066727
-2.49424712,0.96066266,0.01350051,0.05926608,0.28762297,0.46465103,0.01161750,0.48751906,0.22652022,0.00066948
-2.48824412,0.98578935,0.01513789,0.06198681,0.29379061,0.46267956,0.01288533,0.50541106,0.24012403,0.00067689
-2.48224112,1.01419686,0.01685498,0.06492097,0.30095202,0.46161583,0.01424365,0.52514137,0.25490569,0.00068880
-2.47623812,1.04521604,0.01863436,0.06801558,0.30889485,0.46131261,0.01567447,0.54627523,0.27066922,0.00070444
-2.47023512,1.07812895,0.02045540,0.07121332,0.31739243,0.46163025,0.01715814,0.56833889,0.28718626,0.00072302
-2.46423212,1.11218163,0.02229448,0.07445436,0.32620804,0.46243634,0.01867350,0.59083098,0.30420012,0.00074371
-2.45822911,1.14659959,0.02412547,0.07767820,0.33509967,0.46360597,0.02019818,0.61323491,0.32143117,0.00076565
-2.45222611,1.18060547,0.02592020,0.08082571,0.34382522,0.46502285,0.02170903,0.63503190,0.33858375,0.00078803
-2.44622311,1.21343875,0.02764919,0.08384108,0.35214781,0.46658129,0.02318264,0.65571425,0.35535419,0.00081002
-2.44022011,1.24437667,0.02928238,0.08667383,0.35984131,0.46818910,0.02459603,0.67479848,0.37143982,0.00083088
-2.43421711,1.27275588,0.03079001,0.08928060,0.36669567,0.46977132,0.02592735,0.69183777,0.38654873,0.00084990
-2.42821411,1.29799394,0.03214349,0.09162685,0.37252211,0.47127469,0.02715665,0.70643344,0.40040980,0.00086648
-2.42221111,1.31960984,0.03331633,0.09368822,0.37715776,0.47267246,0.02826669,0.71824498,0.41278273,0.00088010
-2.41620810,1.33724269,0.03428498,0.09545171,0.38046989,0.47396948,0.02924371,0.72699843,0.42346747,0.00089036
-2.41020510,1.35066768,0.03502964,0.09691639,0.38235928,0.47520702,0.03007814,0.73249269,0.43231281,0.00089695
-2.40420210,1.35980853,0.03553495,0.09809382,0.38276287,0.47646707,0.03076521,0.73460375,0.43922354,0.00089972
-2.39819910,1.36474564,0.03579055,0.09900801,0.38165537,0.47787560,0.03130547,0.73328657,0.44416585,0.00089863
-2.39219610,1.36571949,0.03579143,0.09969504,0.37905003,0.47960454,0.03170507,0.72857482,0.44717071,0.00089376
-2.38619310,1.36312869,0.03553814,0.10020215,0.37499823,0.48187199,0.03197601,0.72057817,0.44833489,0.00088530
-2.38019010,1.35752263,0.03503676,0.10058651,0.36958815,0.48494052,0.03213599,0.70947774,0.44781960,0.00087356
-2.37418709,1.34958858,0.03429873,0.10091364,0.36294244,0.48911320,0.03220828,0.69551949,0.44584658,0.00085896
-2.36818409,1.34013356,0.03334041,0.10125536,0.35521493,0.49472735,0.03222119,0.67900602,0.44269187,0.00084197
-2.36218109,1.33006129,0.03218254,0.10168763,0.34658654,0.50214598,0.03220755,0.66028711,0.43867737,0.00082316
-2.35617809,1.32034502,0.03084955,0.10228799,0.33726047,0.51174711,0.03220381,0.63974920,0.43416048,0.00080312
-2.35017509,1.31199689,0.02936873,0.10313298,0.32745677,0.52391110,0.03224923,0.61780421,0.42952226,0.00078249
-2.34417209,1.30603491,0.02776934,0.10429539,0.31740649,0.53900646,0.03238473,0.59487814,0.42515453,0.00076191
-2.33816908,1.30344866,0.02608173,0.10584154,0.30734561,0.55737463,0.03265187,0.57139965,0.42144636,0.00074199
-2.33216608,1.30516489,0.02433643,0.10782868,0.29750873,0.57931418,0.03309162,0.54778901,0.41877067,0.00072334
-2.32616308,1.31201423,0.02256329,0.11030254,0.28812296,0.60506514,0.03374324,0.52444778,0.41747113,0.00070651
-2.32016008,1.32470022,0.02079071,0.11329516,0.27940189,0.63479422,0.03464316,0.50174936,0.41785026,0.00069197
-2.31415708,1.34377187,0.01904494,0.11682308,0.27154000,0.66858133,0.03582391,0.48003078,0.42015882,0.00068014
-2.30815408,1.36960076,0.01734962,0.12088598,0.26470762,0.70640837,0.03731316,0.45958578,0.42458715,0.00067133
-2.30215108,1.40236351,0.01572527,0.12546585,0.25904648,0.74815062,0.03913292,0.44065945,0.43125854,0.00066578
-2.29614807,1.44203045,0.01418908,0.13052667,0.25466602,0.79357132,0.04129884,0.42344446,0.44022508,0.00066359
-2.29014507,1.48836090,0.01275479,0.13601469,0.25164067,0.84231991,0.04381968,0.40807892,0.45146583,0.00066480
-2.28414207,1.54090532,0.01143264,0.14185943,0.25000796,0.89393404,0.04669701,0.39464590,0.46488762,0.00066933
-2.27813907,1.59901421,0.01022954,0.14797510,0.24976771,0.94784543,0.04992497,0.38317457,0.48032806,0.00067700
-2.27213607,1.66185374,0.00914924,0.15426275,0.25088218,1.00338964,0.05349038,0.37364281,0.49756093,0.00068756
-2.26613307,1.72842725,0.00819265,0.16061283,0.25327728,1.05981939,0.05737286,0.36598118,0.51630336,0.00070066
-2.26013007,1.79760210,0.00735814,0.16690821,0.25684480,1.11632108,0.06154523,0.36007806,0.53622480,0.00071589
-2.25412706,1.86814081,0.00664197,0.17302749,0.26144545,1.17203394,0.06597402,0.35578573,0.55695706,0.00073281
-2.24812406,1.93873529,0.00603863,0.17884847,0.26691289,1.22607118,0.07062013,0.35292711,0.57810533,0.00075092
-2.24212106,2.00804310,0.00554126,0.18425179,0.27305836,1.27754250,0.07543962,0.35130296,0.59925953,0.00076969
-2.23611806,2.07472416,0.00514199,0.18912432,0.27967594,1.32557691,0.08038454,0.35069911,0.62000571,0.00078861
-2.23011506,2.13747692,0.00483227,0.19336244,0.28654825,1.36934538,0.08540393,0.35089369,0.63993699,0.00080715
-2.22411206,2.19507237,0.00460320,0.19687496,0.29345237,1.40808222,0.09044478,0.35166385,0.65866384,0.00082483
-2.21810905,2.24638507,0.00444574,0.19958551,0.30016581,1.44110469,0.09545304,0.35279190,0.67582318,0.00084118
-2.21210605,2.29041990,0.00435094,0.20143444,0.30647235,1.46782994,0.10037460,0.35407063,0.69108622,0.00085578
-2.20610305,2.32633401,0.00431009,0.20238010,0.31216767,1.48778899,0.10515626,0.35530771,0.70416488,0.00086828
-2.20010005,2.35345311,0.00431484,0.20239943,0.31706432,1.50063709,0.10974660,0.35632906,0.71481648,0.00087836
-2.19409705,2.37128201,0.00435728,0.20148796,0.32099624,1.50616031,0.11409679,0.35698114,0.72284697,0.00088579
-2.18809405,2.37950922,0.00442999,0.19965914,0.32382240,1.50427820,0.11816129,0.35713231,0.72811241,0.00089040
-2.18209105,2.37800576,0.00452604,0.19694319,0.32542965,1.49504256,0.12189840,0.35667320,0.73051916,0.00089206
-2.17608804,2.36681866,0.00463903,0.19338541,0.32573463,1.47863249,0.12527077,0.35551633,0.73002259,0.00089073
-2.17008504,2.34615976,0.00476308,0.18904414,0.32468470,1.45534601,0.12824570,0.35359506,0.72662473,0.00088642
-2.16408204,2.31639046,0.00489275,0.18398849,0.32225802,1.42558871,0.13079536,0.35086215,0.72037103,0.00087917
-2.15807904,2.27800345,0.00502309,0.17829587,0.31846268,1.38985993,0.13289692,0.34728802,0.71134637,0.00086910
-2.15207604,2.23160228,0.00514961,0.17204958,0.31333501,1.34873708,0.13453260,0.34285887,0.69967072,0.00085634
-2.14607304,2.17787977,0.00526821,0.16533643,0.30693724,1.30285870,0.13568959,0.33757501,0.68549447,0.00084105
-2.14007004,2.11759623,0.00537523,0.15824451,0.29935456,1.25290691,0.13636001,0.33144923,0.66899382,0.00082344
-2.13406703,2.05155820,0.00546742,0.15086130,0.29069177,1.19958996,0.13654077,0.32450556,0.65036624,0.00080369
-2.12806403,1.98059874,0.00554194,0.14327196,0.28106967,1.14362529,0.13623350,0.31677833,0.62982623,0.00078203
-2.12206103,1.90555957,0.00559637,0.13555809,0.27062127,1.08572382,0.13544440,0.30831153,0.60760134,0.00075868
-2.11605803,1.82727572,0.00562873,0.12779671,0.25948813,1.02657577,0.13418421,0.29915855,0.58392872,0.00073385
-2.11005503,1.74656283,0.00563748,0.12005965,0.24781676,0.96683844,0.13246812,0.28938211,0.55905191,0.00070775
-2.10405203,1.66420728,0.00562154,0.11241322,0.23575537,0.90712611,0.13031577,0.27905434,0.53321810,0.00068061
-2.09804902,1.58095903,0.00558027,0.10491811,0.22345088,0.84800227,0.12775124,0.26825686,0.50667575,0.00065263
-2.09204602,1.49752702,0.00551354,0.09762957,0.21104642,0.78997410,0.12480300,0.25708090,0.47967241,0.00062399
-2.08604302,1.41457668,0.00542164,0.09059767,0.19867922,0.73348930,0.12150391,0.24562711,0.45245280,0.00059491
-2.08004002,1.33272937,0.00530537,0.08386774,0.18647895,0.67893480,0.11789111,0.23400515,0.42525705,0.00056556
-2.07403702,1.25256298,0.00516591,0.07748076,0.17456647,0.62663746,0.11400591,0.22233297,0.39831899,0.00053612
-2.06803402,1.17461346,0.00500488,0.07147381,0.16305297,0.57686622,0.10989348,0.21073558,0.37186453,0.00050679
-2.06203102,1.09937671,0.00482427,0.06588047,0.15203942,0.52983547,0.10560253,0.19934350,0.34611001,0.00047772
-2.05602801,1.02731031,0.00462636,0.06073111,0.14161624,0.48570923,0.10118481,0.18829076,0.32126057,0.00044910
-2.05002501,0.95883490,0.00441370,0.05605309,0.13186321,0.44460595,0.09669446,0.17771252,0.29750854,0.00042110
-2.04402201,0.89433482,0.00418906,0.05187086,0.12284946,0.40660344,0.09218719,0.16774240,0.27503179,0.00039388
-2.03801901,0.83415777,0.00395531,0.04820589,0.11463348,0.37174379,0.08771945,0.15850955,0.25399222,0.00036760
-2.03201601,0.77861364,0.00371539,0.04507654,0.10726318,0.34003794,0.08334732,0.15013565,0.23453424,0.00034241
-2.02601301,0.72797231,0.00347224,0.04249777,0.10077590,0.31146992,0.07912541,0.14273185,0.21678352,0.00031844
-2.02001001,0.68246064,0.00322870,0.04048080,0.09519836,0.28600042,0.07510571,0.13639580,0.20084577,0.00029584
-2.01400700,0.64225891,0.00298748,0.03903266,0.09054655,0.26356985,0.07133642,0.13120893,0.18680588,0.00027471
-2.00800400,0.60749695,0.00275111,0.03815573,0.08682563,0.24410072,0.06786075,0.12723407,0.17472731,0.00025514
-2.00200100,0.57825026,0.00252185,0.03784725,0.08402978,0.22749965,0.06471594,0.12451341,0.16465167,0.00023722
-1.99599800,0.55453657,0.00230168,0.03809881,0.08214206,0.21365878,0.06193228,0.12306709,0.15659880,0.00022098
-1.98999500,0.53631307,0.00209228,0.03889596,0.08113447,0.20245698,0.05953243,0.12289228,0.15056696,0.00020647
-1.98399200,0.52347475,0.00189499,0.04021779,0.08096801,0.19376087,0.05753086,0.12396295,0.14653355,0.00019367
-1.97798899,0.51585410,0.00171081,0.04203673,0.08159301,0.18742579,0.05593360,0.12623032,0.14445593,0.00018257
-1.97198599,0.51322237,0.00154042,0.04431842,0.08294970,0.18329685,0.05473824,0.12962394,0.14427263,0.00017312
-1.96598299,0.51529244,0.00138415,0.04702171,0.08496896,0.18121013,0.05393421,0.13405347,0.14590473,0.00016524
-1.95997999,0.52172356,0.00124207,0.05009894,0.08757346,0.18099421,0.05350332,0.13941108,0.14925740,0.00015885
-1.95397699,0.53212759,0.00111394,0.05349628,0.09067901,0.18247188,0.05342059,0.14557432,0.15422157,0.00015382
-1.94797399,0.54607683,0.00099931,0.05715440,0.09419617,0.18546217,0.05365523,0.15240956,0.16067565,0.00015002
-1.94197099,0.56311303,0.00089750,0.06100927,0.09803212,0.18978259,0.05417184,0.15977562,0.16848725,0.00014731
-1.93596798,0.58275720,0.00080768,0.06499316,0.10209263,0.19525152,0.05493176,0.16752769,0.17751484,0.00014554
-1.92996498,0.60452001,0.00072891,0.06903580,0.10628423,0.20169063,0.05589444,0.17552121,0.18760933,0.00014456
-1.92396198,0.62791209,0.00066015,0.07306572,0.11051628,0.20892722,0.05701880,0.18361568,0.19861551,0.00014419
-1.91795898,0.65245396,0.00060032,0.07701167,0.11470301,0.21679639,0.05826459,0.19167814,0.21037338,0.00014430
-1.91195598,0.67768510,0.00054834,0.08080410,0.11876541,0.22514287,0.05959359,0.19958624,0.22271927,0.00014473
-1.90595298,0.70317178,0.00050315,0.08437667,0.12263290,0.23382236,0.06097062,0.20723073,0.23548693,0.00014535
-1.89994997,0.72851339,0.00046372,0.08766771,0.12624460,0.24270253,0.06236439,0.21451732,0.24850850,0.00014602
-1.89394697,0.75334702,0.00042911,0.09062160,0.12955033,0.25166331,0.06374806,0.22136781,0.26161541,0.00014665
-1.88794397,0.77735027,0.00039845,0.09318999,0.13251118,0.26059675,0.06509958,0.22772047,0.27463938,0.00014714
-1.88194097,0.80024232,0.00037099,0.09533286,0.13509969,0.26940636,0.06640178,0.23352972,0.28741347,0.00014741
-1.87593797,0.82178337,0.00034605,0.09701936,0.13729962,0.27800602,0.06764219,0.23876519,0.29977333,0.00014741
-1.86993497,0.84177282,0.00032310,0.09822839,0.13910538,0.28631858,0.06881271,0.24341018,0.31155867,0.00014709
-1.86393197,0.86004634,0.00030167,0.09894896,0.14052119,0.29427439,0.06990905,0.24745982,0.32261499,0.00014641
-1.85792896,0.87647251,0.00028143,0.09918021,0.14155996,0.30180967,0.07093016,0.25091899,0.33279562,0.00014538
-1.85192596,0.89094917,0.00026211,0.09893127,0.14224206,0.30886519,0.07187749,0.25380015,0.34196403,0.00014397
-1.84592296,0.90340011,0.00024354,0.09822082,0.14259398,0.31538515,0.07275433,0.25612138,0.34999644,0.00014220
-1.83991996,0.91377222,0.00022561,0.09707647,0.14264705,0.32131651,0.07356518,0.25790472,0.35678447,0.00014008
-1.83391696,0.92203368,0.00020830,0.09553398,0.14243613,0.32660877,0.07431519,0.25917493,0.36223803,0.00013763
-1.82791396,0.92817301,0.00019160,0.09363630,0.14199850,0.33121432,0.07500978,0.25995876,0.36628795,0.00013487
-1.82191096,0.93219928,0.00017555,0.09143258,0.14137288,0.33508929,0.07565431,0.26028484,0.36888854,0.00013183
-1.81590795,0.93414326,0.00016023,0.08897707,0.14059860,0.33819484,0.07625399,0.26018413,0.37001961,0.00012852
-1.80990495,0.93405933,0.00014572,0.08632805,0.13971491,0.34049882,0.07681384,0.25969081,0.36968801,0.00012497
-1.80390195,0.93202792,0.00013211,0.08354673,0.13876048,0.34197757,0.07733885,0.25884358,0.36792838,0.00012122
-1.79789895,0.92815790,0.00011949,0.08069616,0.13777296,0.34261788,0.07783415,0.25768718,0.36480313,0.00011727
-1.79189595,0.92258873,0.00010797,0.07784028,0.13678864,0.34241866,0.07830521,0.25627392,0.36040141,0.00011316
-1.78589295,0.91549175,0.00009761,0.07504287,0.13584209,0.34139243,0.07875811,0.25466498,0.35483715,0.00010890
-1.77988994,0.90707031,0.00008849,0.07236667,0.13496583,0.33956624,0.07919965,0.25293139,0.34824608,0.00010453
-1.77388694,0.89755843,0.00008065,0.06987247,0.13418988,0.33698212,0.07963747,0.25115435,0.34078197,0.00010006
-1.76788394,0.88721767,0.00007415,0.06761821,0.13354130,0.33369675,0.08007999,0.24942483,0.33261197,0.00009551
-1.76188094,0.87633223,0.00006900,0.06565817,0.13304359,0.32978057,0.08053627,0.24784231,0.32391148,0.00009092
-1.75587794,0.86520234,0.00006521,0.06404205,0.13271608,0.32531612,0.08101564,0.24651265,0.31485860,0.00008630
-1.74987494,0.85413601,0.00006278,0.06281417,0.13257324,0.32039592,0.08152731,0.24554502,0.30562843,0.00008168
-1.74387194,0.84343963,0.00006168,0.06201256,0.13262395,0.31511982,0.08207983,0.24504802,0.29638757,0.00007709
-1.73786893,0.83340770,0.00006189,0.06166812,0.13287092,0.30959211,0.08268041,0.24512524,0.28728893,0.00007256
-1.73186593,0.82431241,0.00006335,0.06180376,0.13331012,0.30391847,0.08333435,0.24587025,0.27846717,0.00006811
-1.72586293,0.81639344,0.00006601,0.06243363,0.13393040,0.29820303,0.08404436,0.24736150,0.27003505,0.00006377
-1.71985993,0.80984870,0.00006980,0.06356238,0.13471338,0.29254570,0.08481005,0.24965728,0.26208061,0.00005956
-1.71385693,0.80482648,0.00007464,0.06518457,0.13563353,0.28703988,0.08562744,0.25279112,0.25466557,0.00005551
-1.70785393,0.80141959,0.00008044,0.06728423,0.13665857,0.28177067,0.08648871,0.25676786,0.24782481,0.00005163
-1.70185093,0.79966166,0.00008709,0.06983463,0.13775021,0.27681380,0.08738211,0.26156074,0.24156696,0.00004794
-1.69584792,0.79952617,0.00009450,0.07279825,0.13886514,0.27223505,0.08829206,0.26710968,0.23587609,0.00004446
-1.68984492,0.80092789,0.00010254,0.07612710,0.13995632,0.26809039,0.08919951,0.27332098,0.23071435,0.00004120
-1.68384192,0.80372712,0.00011110,0.07976332,0.14097452,0.26442664,0.09008247,0.28006852,0.22602532,0.00003815
-1.67783892,0.80773617,0.00012005,0.08364005,0.14186997,0.26128246,0.09091671,0.28719643,0.22173805,0.00003533
-1.67183592,0.81272787,0.00012927,0.08768269,0.14259416,0.25868981,0.09167668,0.29452330,0.21777139,0.00003272
-1.66583292,0.81844579,0.00013864,0.09181042,0.14310164,0.25667530,0.09233648,0.30184762,0.21403852,0.00003031
-1.65982991,0.82461529,0.00014805,0.09593802,0.14335172,0.25526163,0.09287087,0.30895437,0.21045143,0.00002811
-1.65382691,0.83095515,0.00015740,0.09997788,0.14331000,0.25446872,0.09325633,0.31562241,0.20692510,0.00002610
-1.64782391,0.83718891,0.00016660,0.10384218,0.14294971,0.25431449,0.09347205,0.32163231,0.20338127,0.00002426
-1.64182091,0.84305544,0.00017559,0.10744518,0.14225267,0.25481511,0.09350073,0.32677429,0.19975158,0.00002258
-1.63581791,0.84831818,0.00018432,0.11070548,0.14120994,0.25598467,0.09332933,0.33085591,0.19598011,0.00002104
-1.62981491,0.85277253,0.00019278,0.11354819,0.13982203,0.25783427,0.09294957,0.33370908,0.19202509,0.00001962
-1.62381191,0.85625117,0.00020099,0.11590695,0.13809876,0.26037051,0.09235817,0.33519610,0.18785982,0.00001831
-1.61780890,0.85862704,0.00020903,0.11772569,0.13605865,0.26359347,0.09155690,0.33521442,0.18347289,0.00001710
-1.61180590,0.85981392,0.00021699,0.11896007,0.13372800,0.26749433,0.09055240,0.33369999,0.17886767,0.00001597
-1.60580290,0.85976480,0.00022505,0.11957850,0.13113963,0.27205278,0.08935575,0.33062891,0.17406113,0.00001491
-1.59979990,0.85846823,0.00023341,0.11956280,0.12833137,0.27723444,0.08798185,0.32601756,0.16908228,0.00001391
-1.59379690,0.85594302,0.00024238,0.11890837,0.12534443,0.28298852,0.08644867,0.31992096,0.16397009,0.00001296
-1.58779390,0.85223187,0.00025230,0.11762394,0.12222162,0.28924590,0.08477639,0.31242986,0.15877133,0.00001206
-1.58179090,0.84739435,0.00026361,0.11573094,0.11900571,0.29591797,0.08298646,0.30366640,0.15353820,0.00001119
-1.57578789,0.84149995,0.00027683,0.11326237,0.11573778,0.30289629,0.08110077,0.29377883,0.14832616,0.00001037
-1.56978489,0.83462170,0.00029258,0.11026153,0.11245589,0.31005334,0.07914073,0.28293559,0.14319182,0.00000959
-1.56378189,0.82683083,0.00031158,0.10678031,0.10919397,0.31724442,0.07712665,0.27131893,0.13819127,0.00000885
-1.55777889,0.81819309,0.00033465,0.10287745,0.10598102,0.32431077,0.07507708,0.25911853,0.13337866,0.00000815
-1.55177589,0.80876684,0.00036273,0.09861664,0.10284079,0.33108382,0.07300854,0.24652542,0.12880530,0.00000749
-1.54577289,0.79860324,0.00039689,0.09406459,0.09979169,0.33739061,0.07093531,0.23372641,0.12451922,0.00000689
-1.53976988,0.78774842,0.00043830,0.08928924,0.09684722,0.34306004,0.06886950,0.22089922,0.12056510,0.00000634
-1.53376688,0.77624761,0.00048825,0.08435802,0.09401664,0.34792987,0.06682133,0.20820868,0.11698465,0.00000584
-1.52776388,0.76415085,0.00054814,0.07933635,0.09130598,0.35185404,0.06479954,0.19580372,0.11381729,0.00000542
-1.52176088,0.75151980,0.00061946,0.07428633,0.08871922,0.35471011,0.06281200,0.18381560,0.11110104,0.00000506
-1.51575788,0.73843523,0.00070377,0.06926576,0.08625964,0.35640634,0.06086638,0.17235694,0.10887352,0.00000478
-1.50975488,0.72500444,0.00080266,0.06432732,0.08393115,0.35688808,0.05897088,0.16152173,0.10717291,0.00000458
-1.50375188,0.71136806,0.00091774,0.05951806,0.08173962,0.35614321,0.05713491,0.15138605,0.10603878,0.00000448
-1.49774887,0.69770554,0.00105058,0.05487920,0.07969396,0.35420608,0.05536976,0.14200933,0.10551265,0.00000447
-1.49174587,0.68423873,0.00120262,0.05044602,0.07780708,0.35115998,0.05368910,0.13343603,0.10563814,0.00000456
-1.48574287,0.67123318,0.00137518,0.04624805,0.07609639,0.34713762,0.05210930,0.12569751,0.10646075,0.00000475
-1.47973987,0.65899666,0.00156932,0.04230934,0.07458408,0.34231968,0.05064960,0.11881381,0.10802703,0.00000507
-1.47373687,0.64787481,0.00178582,0.03864881,0.07329691,0.33693138,0.04933201,0.11279545,0.11038335,0.00000550
-1.46773387,0.63824381,0.00202508,0.03528075,0.07226562,0.33123699,0.04818091,0.10764485,0.11357407,0.00000607
-1.46173087,0.63050020,0.00228707,0.03221523,0.07152396,0.32553249,0.04722255,0.10335747,0.11763931,0.00000676
-1.45572786,0.62504826,0.00257122,0.02945857,0.07110738,0.32013658,0.04648419,0.09992254,0.12261239,0.00000759
-1.44972486,0.62228519,0.00287644,0.02701376,0.07105136,0.31538030,0.04599310,0.09732342,0.12851691,0.00000856
-1.44372186,0.62258495,0.00320101,0.02488076,0.07138963,0.31159564,0.04577540,0.09553764,0.13536386,0.00000967
-1.43771886,0.62628114,0.00354259,0.02305682,0.07215213,0.30910348,0.04585480,0.09453660,0.14314869,0.00001092
-1.43171586,0.63364993,0.00389820,0.02153665,0.07336304,0.30820135,0.04625128,0.09428514,0.15184862,0.00001231
-1.42571286,0.64489365,0.00426423,0.02031256,0.07503875,0.30915145,0.04697978,0.09474097,0.16142029,0.00001384
-1.41970985,0.66012598,0.00463650,0.01937450,0.07718612,0.31216937,0.04804896,0.09585414,0.17179802,0.00001549
-1.41370685,0.67935933,0.00501033,0.01871011,0.07980089,0.31741398,0.04946010,0.09756662,0.18289263,0.00001727
-1.40770385,0.70249529,0.00538060,0.01830470,0.08286649,0.32497896,0.05120624,0.09981209,0.19459113,0.00001916
-1.40170085,0.72931849,0.00574185,0.01814124,0.08635322,0.33488624,0.05327150,0.10251607,0.20675723,0.00002114
-1.39569785,0.75949467,0.00608848,0.01820038,0.09021795,0.34708181,0.05563072,0.10559635,0.21923277,0.00002319
-1.38969485,0.79257291,0.00641483,0.01846050,0.09440431,0.36143413,0.05824948,0.10896385,0.23184005,0.00002530
-1.38369185,0.82799247,0.00671533,0.01889782,0.09884339,0.37773525,0.06108438,0.11252389,0.24438506,0.00002745
-1.37768884,0.86509408,0.00698472,0.01948664,0.10345502,0.39570479,0.06408379,0.11617783,0.25666156,0.00002960
-1.37168584,0.90313552,0.00721812,0.02019957,0.10814951,0.41499685,0.06718884,0.11982513,0.26845575,0.00003174
-1.36568284,0.94131105,0.00741126,0.02100797,0.11282990,0.43520951,0.07033480,0.12336560,0.27955161,0.00003383
-1.35967984,0.97877426,0.00756055,0.02188241,0.11739455,0.45589688,0.07345280,0.12670199,0.28973655,0.00003585
-1.35367684,1.01466349,0.00766320,0.02279325,0.12174012,0.47658328,0.07647172,0.12974266,0.29880724,0.00003777
-1.34767384,1.04812905,0.00771733,0.02371130,0.12576465,0.49677907,0.07932024,0.13240426,0.30657547,0.00003957
-1.34167084,1.07836124,0.00772201,0.02460853,0.12937085,0.51599764,0.08192915,0.13461443,0.31287365,0.00004124
-1.33566783,1.10461810,0.00767727,0.02545880,0.13246926,0.53377289,0.08423346,0.13631417,0.31755994,0.00004275
-1.32966483,1.12625193,0.00758412,0.02623859,0.13498135,0.54967650,0.08617464,0.13746010,0.32052271,0.00004409
-1.32366183,1.14273331,0.00744447,0.02692775,0.13684226,0.56333447,0.08770258,0.13802623,0.32168408,0.00004527
-1.31765883,1.15367187,0.00726112,0.02751010,0.13800318,0.57444192,0.08877740,0.13800529,0.32100256,0.00004628
-1.31165583,1.15883257,0.00703763,0.02797400,0.13843322,0.58277582,0.08937084,0.13740957,0.31847457,0.00004714
-1.30565283,1.15814711,0.00677818,0.02831278,0.13812075,0.58820485,0.08946738,0.13627112,0.31413474,0.00004787
-1.29964982,1.15171951,0.00648752,0.02852498,0.13707395,0.59069598,0.08906486,0.13464139,0.30805507,0.00004849
-1.29364682,1.13982580,0.00617074,0.02861448,0.13532084,0.59031744,0.08817462,0.13259019,0.30034294,0.00004904
-1.28764382,1.12290747,0.00583318,0.02859037,0.13290853,0.58723780,0.08682120,0.13020406,0.29113797,0.00004958
-1.28164082,1.10155894,0.00548028,0.02846670,0.12990175,0.58172118,0.08504155,0.12758404,0.28060796,0.00005014
-1.27563782,1.07650938,0.00511741,0.02826199,0.12638084,0.57411868,0.08288379,0.12484287,0.26894401,0.00005079
-1.26963482,1.04859944,0.00474978,0.02799857,0.12243915,0.56485627,0.08040557,0.12210173,0.25635490,0.00005159
-1.26363182,1.01875370,0.00438231,0.02770183,0.11817997,0.55441967,0.07767210,0.11948660,0.24306121,0.00005261
-1.25762881,0.98794997,0.00401952,0.02739921,0.11371312,0.54333672,0.07475390,0.11712431,0.22928907,0.00005390
-1.25162581,0.95718632,0.00366548,0.02711923,0.10915134,0.53215790,0.07172446,0.11513843,0.21526402,0.00005554
-1.24562281,0.92744734,0.00332373,0.02689035,0.10460664,0.52143587,0.06865771,0.11364507,0.20120505,0.00005759
-1.23961981,0.89967062,0.00299728,0.02673992,0.10018664,0.51170470,0.06562562,0.11274884,0.18731910,0.00006009
-1.23361681,0.87471493,0.00268855,0.02669308,0.09599118,0.50345977,0.06269582,0.11253899,0.17379611,0.00006309
-1.22761381,0.85333118,0.00239938,0.02677174,0.09210923,0.49713894,0.05992955,0.11308591,0.16080487,0.00006662
-1.22161081,0.83613720,0.00213108,0.02699372,0.08861626,0.49310601,0.05737978,0.11443815,0.14848972,0.00007070
-1.21560780,0.82359750,0.00188443,0.02737202,0.08557210,0.49163688,0.05508967,0.11662003,0.13696817,0.00007534
-1.20960480,0.81600849,0.00165971,0.02791421,0.08301948,0.49290912,0.05309158,0.11963007,0.12632945,0.00008052
-1.20360180,0.81348993,0.00145680,0.02862218,0.08098317,0.49699540,0.05140626,0.12344011,0.11663411,0.00008620
-1.19759880,0.81598293,0.00127518,0.02949194,0.07946982,0.50386092,0.05004270,0.12799547,0.10791447,0.00009235
-1.19159580,0.82325443,0.00111404,0.03051380,0.07846847,0.51336507,0.04899829,0.13321592,0.10017590,0.00009890
-1.18559280,0.83490820,0.00097230,0.03167272,0.07795175,0.52526727,0.04825943,0.13899768,0.09339898,0.00010576
-1.17958979,0.85040175,0.00084868,0.03294891,0.07787762,0.53923678,0.04780249,0.14521630,0.08754216,0.00011285
-1.17358679,0.86906873,0.00074177,0.03431859,0.07819171,0.55486594,0.04759517,0.15173034,0.08254498,0.00012005
-1.16758379,0.89014579,0.00065008,0.03575504,0.07883007,0.57168667,0.04759804,0.15838583,0.07833172,0.00012726
-1.16158079,0.91280295,0.00057206,0.03722966,0.07972232,0.58918920,0.04776635,0.16502133,0.07481520,0.00013436
-1.15557779,0.93617631,0.00050618,0.03871321,0.08079491,0.60684252,0.04805191,0.17147337,0.07190069,0.00014122
-1.14957479,0.95940182,0.00045096,0.04017710,0.08197465,0.62411567,0.04840510,0.17758215,0.06948979,0.00014774
-1.14357179,0.98164877,0.00040496,0.04159464,0.08319208,0.64049903,0.04877674,0.18319721,0.06748410,0.00015379
-1.13756878,1.00215174,0.00036688,0.04294227,0.08438481,0.65552462,0.04911999,0.18818294,0.06578871,0.00015929
-1.13156578,1.02023973,0.00033549,0.04420064,0.08550055,0.66878484,0.04939196,0.19242358,0.06431520,0.00016414
-1.12556278,1.03536138,0.00030972,0.04535562,0.08649978,0.67994862,0.04955516,0.19582766,0.06298431,0.00016829
-1.11955978,1.04710531,0.00028863,0.04639903,0.08735797,0.68877466,0.04957872,0.19833157,0.06172802,0.00017168
-1.11355678,1.05521489,0.00027141,0.04732924,0.08806729,0.69512090,0.04943917,0.19990218,0.06049121,0.00017429
-1.10755378,1.05959692,0.00025740,0.04815143,0.08863772,0.69895029,0.04912103,0.20053837,0.05923271,0.00017610
-1.10155078,1.06032405,0.00024609,0.04887770,0.08909746,0.70033238,0.04861697,0.20027146,0.05792582,0.00017714
-1.09554777,1.05763099,0.00023708,0.04952685,0.08949284,0.69944091,0.04792772,0.19916446,0.05655841,0.00017745
-1.08954477,1.05190476,0.00023012,0.05012397,0.08988747,0.69654766,0.04706158,0.19731030,0.05513246,0.00017708
-1.08354177,1.04366968,0.00022505,0.05069980,0.09036080,0.69201269,0.04603378,0.19482897,0.05366323,0.00017610
-1.07753877,1.03356779,0.00022184,0.05128987,0.09100619,0.68627175,0.04486550,0.19186382,0.05217806,0.00017460
-1.07153577,1.02233556,0.00022052,0.05193350,0.09192833,0.67982122,0.04358277,0.18857716,0.05071493,0.00017268
-1.06553277,1.01077798,0.00022123,0.05267273,0.09324039,0.67320133,0.04221526,0.18514526,0.04932077,0.00017044
-1.05952976,0.99974116,0.00022416,0.05355107,0.09506063,0.66697834,0.04079499,0.18175310,0.04804960,0.00016800
-1.05352676,0.99008424,0.00022956,0.05461229,0.09750891,0.66172636,0.03935501,0.17858885,0.04696066,0.00016546
-1.04752376,0.98265190,0.00023771,0.05589919,0.10070288,0.65800944,0.03792816,0.17583850,0.04611650,0.00016293
-1.04152076,0.97824812,0.00024893,0.05745235,0.10475420,0.65636445,0.03654592,0.17368064,0.04558107,0.00016050
-1.03551776,0.97761204,0.00026354,0.05930901,0.10976471,0.65728532,0.03523736,0.17228152,0.04541794,0.00015828
-1.02951476,0.98139655,0.00028189,0.06150194,0.11582272,0.66120896,0.03402828,0.17179070,0.04568863,0.00015634
-1.02351176,0.99015000,0.00030431,0.06405850,0.12299952,0.66850314,0.03294054,0.17233718,0.04645105,0.00015476
-1.01750875,1.00430132,0.00033111,0.06699977,0.13134616,0.67945662,0.03199151,0.17402611,0.04775815,0.00015359
-1.01150575,1.02414875,0.00036259,0.07033978,0.14089065,0.69427147,0.03119380,0.17693624,0.04965670,0.00015289
-1.00550275,1.04985225,0.00039901,0.07408490,0.15163556,0.71305776,0.03055515,0.18111793,0.05218624,0.00015268
-0.99949975,1.08142948,0.00044058,0.07823345,0.16355623,0.73583051,0.03007842,0.18659189,0.05537827,0.00015299
-0.99349675,1.11875529,0.00048750,0.08277529,0.17659956,0.76250893,0.02976188,0.19334855,0.05925554,0.00015383
-0.98749375,1.16156457,0.00053988,0.08769179,0.19068351,0.79291778,0.02959950,0.20134805,0.06383157,0.00015520
-0.98149075,1.20945826,0.00059779,0.09295579,0.20569733,0.82679083,0.02958140,0.21052085,0.06911032,0.00015709
-0.97548774,1.26191245,0.00066125,0.09853188,0.22150255,0.86377634,0.02969444,0.22076888,0.07508608,0.00015950
-0.96948474,1.31829013,0.00073020,0.10437679,0.23793477,0.90344443,0.02992279,0.23196733,0.08174353,0.00016239
-0.96348174,1.37785579,0.00080453,0.11044001,0.25480633,0.94529628,0.03024857,0.24396695,0.08905806,0.00016574
-0.95747874,1.43979219,0.00088407,0.11666465,0.27190966,0.98877509,0.03065255,0.25659685,0.09699625,0.00016952
-0.95147574,1.50321946,0.00096860,0.12298842,0.28902148,1.03327855,0.03111479,0.26966784,0.10551673,0.00017370
-0.94547274,1.56721604,0.00105784,0.12934487,0.30590758,1.07817290,0.03161526,0.28297626,0.11457115,0.00017825
-0.93946973,1.63084116,0.00115151,0.13566477,0.32232825,1.12280813,0.03213448,0.29630820,0.12410556,0.00018314
-0.93346673,1.69315846,0.00124928,0.14187766,0.33804414,1.16653428,0.03265410,0.30944418,0.13406205,0.00018834
-0.92746373,1.75326044,0.00135084,0.14791345,0.35282242,1.20871838,0.03315731,0.32216406,0.14438065,0.00019384
-0.92146073,1.81029287,0.00145592,0.15370418,0.36644307,1.24876178,0.03362939,0.33425225,0.15500158,0.00019961
-0.91545773,1.86347900,0.00156431,0.15918573,0.37870518,1.28611743,0.03405796,0.34550303,0.16586766,0.00020565
-0.90945473,1.91214255,0.00167587,0.16429953,0.38943293,1.32030657,0.03443331,0.35572587,0.17692704,0.00021195
-0.90345173,1.95572907,0.00179064,0.16899413,0.39848120,1.35093437,0.03474861,0.36475062,0.18813599,0.00021854
-0.89744872,1.99382481,0.00190881,0.17322672,0.40574049,1.37770409,0.03499997,0.37243239,0.19946177,0.00022544
-0.89144572,2.02617259,0.00203078,0.17696432,0.41114106,1.40042906,0.03518649,0.37865599,0.21088550,0.00023268
-0.88544272,2.05268384,0.00215724,0.18018485,0.41465609,1.41904212,0.03531023,0.38333983,0.22240481,0.00024032
-0.87943972,2.07344650,0.00228914,0.18287783,0.41630367,1.43360200,0.03537604,0.38643894,0.23403622,0.00024842
-0.87343672,2.08872807,0.00242779,0.18504477,0.41614760,1.44429626,0.03539142,0.38794718,0.24581707,0.00025708
-0.86743372,2.09897356,0.00257482,0.18669924,0.41429682,1.45144050,0.03536618,0.38789836,0.25780680,0.00026637
-0.86143072,2.10479816,0.00273225,0.18786662,0.41090356,1.45547359,0.03531217,0.38636628,0.27008753,0.00027642
-0.85542771,2.10697435,0.00290245,0.18858344,0.40616007,1.45694879,0.03524291,0.38346351,0.28276364,0.00028734
-0.84942471,2.10641370,0.00308810,0.18889642,0.40029407,1.45652090,0.03517313,0.37933903,0.29596032,0.00029928
-0.84342171,2.10414349,0.00329221,0.18886124,0.39356303,1.45492942,0.03511835,0.37417457,0.30982096,0.00031235
-0.83741871,2.10127853,0.00351800,0.18854095,0.38624728,1.45297815,0.03509440,0.36817984,0.32450329,0.00032672
-0.83141571,2.09898866,0.00376881,0.18800421,0.37864230,1.45151153,0.03511689,0.36158665,0.34017427,0.00034251
-0.82541271,2.09846285,0.00404805,0.18732330,0.37105023,1.45138833,0.03520071,0.35464223,0.35700368,0.00035987
-0.81940970,2.10087054,0.00435899,0.18657193,0.36377099,1.45345331,0.03535953,0.34760164,0.37515672,0.00037891
-0.81340670,2.10732131,0.00470464,0.18582309,0.35709310,1.45850773,0.03560528,0.34071982,0.39478552,0.00039972
-0.80740370,2.11882421,0.00508761,0.18514665,0.35128470,1.46727944,0.03594771,0.33424329,0.41602005,0.00042240
-0.80140070,2.13624782,0.00550990,0.18460713,0.34658486,1.48039373,0.03639388,0.32840193,0.43895862,0.00044696
-0.79539770,2.16028259,0.00597269,0.18426148,0.34319563,1.49834583,0.03694787,0.32340105,0.46365847,0.00047343
-0.78939470,2.19140685,0.00647625,0.18415697,0.34127500,1.52147619,0.03761040,0.31941410,0.49012678,0.00050173
-0.78339170,2.22985805,0.00701971,0.18432931,0.34093126,1.54994975,0.03837862,0.31657624,0.51831278,0.00053178
-0.77738869,2.27561055,0.00760095,0.18480101,0.34221868,1.58373999,0.03924598,0.31497918,0.54810127,0.00056340
-0.77138569,2.32836142,0.00821650,0.18558015,0.34513513,1.62261895,0.04020226,0.31466735,0.57930821,0.00059639
-0.76538269,2.38752534,0.00886148,0.18665942,0.34962142,1.66615389,0.04123363,0.31563583,0.61167875,0.00063045
-0.75937969,2.45223941,0.00952961,0.18801577,0.35556275,1.71371122,0.04232295,0.31782993,0.64488818,0.00066523
-0.75337669,2.52137862,0.01021323,0.18961051,0.36279213,1.76446808,0.04345012,0.32114667,0.67854594,0.00070035
-0.74737369,2.59358192,0.01090345,0.19138990,0.37109584,1.81743159,0.04459265,0.32543817,0.71220296,0.00073534
-0.74137069,2.66728867,0.01159028,0.19328649,0.38022070,1.87146545,0.04572626,0.33051671,0.74536221,0.00076972
-0.73536768,2.74078470,0.01226290,0.19522082,0.38988301,1.92532333,0.04682565,0.33616154,0.77749241,0.00080297
-0.72936468,2.81225651,0.01290996,0.19710385,0.39977883,1.97768798,0.04786536,0.34212695,0.80804431,0.00083457
-0.72336168,2.87985190,0.01351984,0.19883971,0.40959523,2.02721477,0.04882060,0.34815157,0.83646920,0.00086399
-0.71735868,2.94174484,0.01408111,0.20032899,0.41902216,2.07257797,0.04966821,0.35396825,0.86223881,0.00089075
-0.71135568,2.99620179,0.01458284,0.20147217,0.42776430,2.11251793,0.05038748,0.35931439,0.88486583,0.00091438
-0.70535268,3.04164692,0.01501503,0.20217330,0.43555260,2.14588724,0.05096104,0.36394207,0.90392411,0.00093452
-0.69934967,3.07672313,0.01536897,0.20234363,0.44215486,2.17169362,0.05137553,0.36762765,0.91906755,0.00095085
-0.69334667,3.10034606,0.01563757,0.20190507,0.44738495,2.18913773,0.05162221,0.37018042,0.93004677,0.00096318
-0.68734367,3.11174865,0.01581567,0.20079332,0.45111028,2.19764405,0.05169740,0.37144986,0.93672263,0.00097142
-0.68134067,3.11051376,0.01590025,0.19896053,0.45325705,2.19688330,0.05160267,0.37133127,0.93907590,0.00097559
-0.67533767,3.09659343,0.01589059,0.19637731,0.45381321,2.18678521,0.05134496,0.36976948,0.93721238,0.00097587
-0.66933467,3.07031350,0.01578831,0.19303408,0.45282881,2.16754112,0.05093631,0.36676044,0.93136320,0.00097255
-0.66333167,3.03236331,0.01559740,0.18894158,0.45041378,2.13959611,0.05039360,0.36235075,0.92187997,0.00096604
-0.65732866,2.98377087,0.01532403,0.18413060,0.44673330,2.10363103,0.04973790,0.35663512,0.90922507,0.00095689
-0.65132566,2.92586456,0.01497641,0.17865089,0.44200078,2.06053536,0.04899383,0.34975184,0.89395717,0.00094574
-0.64532266,2.86022305,0.01456448,0.17256933,0.43646897,2.01137214,0.04818869,0.34187661,0.87671267,0.00093330
-0.63931966,2.78861589,0.01409956,0.16596742,0.43041937,1.95733669,0.04735153,0.33321501,0.85818380,0.00092038
-0.63331666,2.71293729,0.01359396,0.15893833,0.42415064,1.89971109,0.04651216,0.32399386,0.83909419,0.00090779
-0.62731366,2.63513633,0.01306057,0.15158345,0.41796626,1.83981656,0.04570019,0.31445205,0.82017299,0.00089638
-0.62131066,2.55714650,0.01251235,0.14400881,0.41216224,1.77896590,0.04494406,0.30483117,0.80212860,0.00088696
-0.61530765,2.48081774,0.01196199,0.13632144,0.40701511,1.71841810,0.04427014,0.29536630,0.78562312,0.00088031
-0.60930465,2.40785374,0.01142137,0.12862587,0.40277093,1.65933707,0.04370195,0.28627746,0.77124842,0.00087714
-0.60330165,2.33975698,0.01090128,0.12102083,0.39963555,1.60275598,0.04325952,0.27776193,0.75950506,0.00087805
-0.59729865,2.27778347,0.01041105,0.11359646,0.39776668,1.54954864,0.04295886,0.26998785,0.75078453,0.00088353
-0.59129565,2.22290873,0.00995829,0.10643195,0.39726781,1.50040865,0.04281157,0.26308921,0.74535575,0.00089392
-0.58529265,2.17580572,0.00954874,0.09959378,0.39818449,1.45583677,0.04282469,0.25716237,0.74335618,0.00090943
-0.57928964,2.13683524,0.00918611,0.09313458,0.40050274,1.41613657,0.04300058,0.25226423,0.74478785,0.00093009
-0.57328664,2.10604826,0.00887210,0.08709258,0.40414984,1.38141792,0.04333707,0.24841204,0.74951838,0.00095578
-0.56728364,2.08319965,0.00860647,0.08149165,0.40899726,1.35160763,0.04382762,0.24558460,0.75728687,0.00098621
-0.56128064,2.06777197,0.00838712,0.07634193,0.41486573,1.32646625,0.04446167,0.24372504,0.76771438,0.00102094
-0.55527764,2.05900788,0.00821030,0.07164084,0.42153195,1.30560986,0.04522506,0.24274460,0.78031852,0.00105939
-0.54927464,2.05594933,0.00807090,0.06737451,0.42873701,1.28853554,0.04610050,0.24252755,0.79453151,0.00110084
-0.54327164,2.05748171,0.00796268,0.06351954,0.43619577,1.27464921,0.04706813,0.24293676,0.80972101,0.00114449
-0.53726863,2.06238097,0.00787864,0.06004481,0.44360718,1.26329448,0.04810607,0.24381978,0.82521289,0.00118943
-0.53126563,2.06936190,0.00781129,0.05691353,0.45066490,1.25378136,0.04919105,0.24501520,0.84031504,0.00123473
-0.52526263,2.07712559,0.00775308,0.05408518,0.45706799,1.24541378,0.05029899,0.24635890,0.85434128,0.00127941
-0.51925963,2.08440472,0.00769661,0.05151739,0.46253115,1.23751489,0.05140562,0.24769014,0.86663471,0.00132250
-0.51325663,2.09000507,0.00763503,0.04916773,0.46679430,1.22944960,0.05248702,0.24885718,0.87658924,0.00136305
-0.50725363,2.09284224,0.00756222,0.04699519,0.46963100,1.22064376,0.05352025,0.24972232,0.88366902,0.00140020
-0.50125063,2.09197262,0.00747308,0.04496157,0.47085562,1.21059963,0.05448380,0.25016610,0.88742479,0.00143315
-0.49524762,2.08661803,0.00736366,0.04303246,0.47032889,1.19890770,0.05535810,0.25009073,0.88750666,0.00146122
-0.48924462,2.07618367,0.00723133,0.04117803,0.46796185,1.18525460,0.05612598,0.24942253,0.88367321,0.00148384
-0.48324162,2.06026936,0.00707479,0.03937359,0.46371787,1.16942757,0.05677299,0.24811347,0.87579634,0.00150059
-0.47723862,2.03867404,0.00689414,0.03759978,0.45761302,1.15131548,0.05728776,0.24614174,0.86386215,0.00151120
-0.47123562,2.01139399,0.00669087,0.03584263,0.44971460,1.13090695,0.05766217,0.24351135,0.84796780,0.00151556
-0.46523262,1.97861529,0.00646774,0.03409335,0.44013814,1.10828585,0.05789158,0.24025096,0.82831473,0.00151371
-0.45922961,1.94070104,0.00622870,0.03234799,0.42904288,1.08362455,0.05797483,0.23641197,0.80519863,0.00150583
-0.45322661,1.89817416,0.00597878,0.03060694,0.41662612,1.05717548,0.05791424,0.23206587,0.77899672,0.00149224
-0.44722361,1.85169664,0.00572388,0.02887428,0.40311653,1.02926110,0.05771549,0.22730116,0.75015297,0.00147341
-0.44122061,1.80204588,0.00547066,0.02715716,0.38876689,1.00026298,0.05738743,0.22221988,0.71916190,0.00144988
-0.43521761,1.75008920,0.00522630,0.02546506,0.37384628,0.97061001,0.05694176,0.21693390,0.68655169,0.00142233
-0.42921461,1.69675706,0.00499835,0.02380908,0.35863234,0.94076610,0.05639264,0.21156106,0.65286728,0.00139145
-0.42321161,1.64301605,0.00479455,0.02220129,0.34340354,0.91121767,0.05575630,0.20622141,0.61865405,0.00135802
-0.41720860,1.58984204,0.00462263,0.02065403,0.32843186,0.88246099,0.05505047,0.20103349,0.58444258,0.00132283
-0.41120560,1.53819429,0.00449017,0.01917944,0.31397605,0.85498970,0.05429387,0.19611096,0.55073514,0.00128666
-0.40520260,1.48899101,0.00440445,0.01778890,0.30027564,0.82928240,0.05350562,0.19155946,0.51799395,0.00125027
-0.39919960,1.44308675,0.00437230,0.01649270,0.28754570,0.80579083,0.05270468,0.18747389,0.48663178,0.00121440
-0.39319660,1.40125209,0.00439999,0.01529975,0.27597257,0.78492836,0.05190926,0.18393611,0.45700474,0.00117971
-0.38719360,1.36415585,0.00449313,0.01421741,0.26571054,0.76705938,0.05113628,0.18101310,0.42940742,0.00114680
-0.38119060,1.33235013,0.00465658,0.01325139,0.25687939,0.75248940,0.05040091,0.17875564,0.40407023,0.00111617
-0.37518759,1.30625839,0.00489440,0.01240583,0.24956296,0.74145641,0.04971609,0.17719738,0.38115887,0.00108824
-0.36918459,1.28616669,0.00520978,0.01168335,0.24380850,0.73412346,0.04909224,0.17635447,0.36077566,0.00106333
-0.36318159,1.27221840,0.00560506,0.01108526,0.23962697,0.73057289,0.04853696,0.17622561,0.34296246,0.00104164
-0.35717859,1.26441229,0.00608169,0.01061183,0.23699397,0.73080245,0.04805489,0.17679253,0.32770497,0.00102329
-0.35117559,1.26260433,0.00664031,0.01026260,0.23585160,0.73472349,0.04764763,0.17802096,0.31493809,0.00100830
-0.34517259,1.26651311,0.00728076,0.01003673,0.23611081,0.74216159,0.04731383,0.17986190,0.30455219,0.00099658
-0.33916958,1.27572897,0.00800218,0.00993337,0.23765455,0.75285964,0.04704930,0.18225337,0.29639979,0.00098798
-0.33316658,1.28972680,0.00880314,0.00995212,0.24034140,0.76648367,0.04684729,0.18512242,0.29030276,0.00098225
-0.32716358,1.30788225,0.00968175,0.01009338,0.24400979,0.78263132,0.04669887,0.18838752,0.28605958,0.00097909
-0.32116058,1.32949121,0.01063580,0.01035879,0.24848266,0.80084298,0.04659332,0.19196113,0.28345260,0.00097816
-0.31515758,1.35379198,0.01166295,0.01075162,0.25357256,0.82061526,0.04651865,0.19575256,0.28225515,0.00097909
-0.30915458,1.37998979,0.01276087,0.01127702,0.25908695,0.84141652,0.04646220,0.19967087,0.28223834,0.00098146
-0.30315158,1.40728270,0.01392741,0.01194239,0.26483381,0.86270402,0.04641122,0.20362793,0.28317742,0.00098488
-0.29714857,1.43488820,0.01516069,0.01275751,0.27062718,0.88394202,0.04635345,0.20754132,0.28485760,0.00098895
-0.29114557,1.46206947,0.01645926,0.01373465,0.27629258,0.90462006,0.04627778,0.21133713,0.28707923,0.00099333
-0.28514257,1.48816025,0.01782208,0.01488852,0.28167214,0.92427083,0.04617479,0.21495250,0.28966215,0.00099767
-0.27913957,1.51258715,0.01924858,0.01623615,0.28662921,0.94248655,0.04603725,0.21833769,0.29244923,0.00100171
-0.27313657,1.53488850,0.02073850,0.01779650,0.29105225,0.95893334,0.04586054,0.22145770,0.29530895,0.00100523
-0.26713357,1.55472847,0.02229185,0.01959004,0.29485779,0.97336252,0.04564296,0.22429327,0.29813688,0.00100806
-0.26113057,1.57190602,0.02390859,0.02163808,0.29799244,0.98561838,0.04538593,0.22684109,0.30085620,0.00101014
-0.25512756,1.58635773,0.02558845,0.02396191,0.30043356,0.99564195,0.04509398,0.22911336,0.30341697,0.00101143
-0.24912456,1.59815437,0.02733053,0.02658188,0.30218885,1.00347031,0.04477466,0.23113652,0.30579455,0.00101199
-0.24312156,1.60749127,0.02913301,0.02951626,0.30329454,1.00923153,0.04443825,0.23294922,0.30798681,0.00101191
-0.23711856,1.61467276,0.03099275,0.03278001,0.30381240,1.01313538,0.04409738,0.23459959,0.31001070,0.00101134
-0.23111556,1.62009138,0.03290497,0.03638354,0.30382573,1.01546010,0.04376644,0.23614199,0.31189801,0.00101048
-0.22511256,1.62420303,0.03486295,0.04033142,0.30343427,1.01653617,0.04346092,0.23763327,0.31369066,0.00100953
-0.21910955,1.62749926,0.03685786,0.04462114,0.30274863,1.01672765,0.04319672,0.23912889,0.31543592,0.00100873
-0.21310655,1.63047837,0.03887860,0.04924203,0.30188417,1.01641227,0.04298935,0.24067891,0.31718150,0.00100830
-0.20710355,1.63361679,0.04091193,0.05417439,0.30095494,1.01596133,0.04285317,0.24232431,0.31897118,0.00100846
-0.20110055,1.63734264,0.04294258,0.05938879,0.30006781,1.01572058,0.04280064,0.24409367,0.32084096,0.00100941
-0.19509755,1.64201292,0.04495365,0.06484584,0.29931730,1.01599312,0.04284173,0.24600058,0.32281606,0.00101130
-0.18909455,1.64789571,0.04692706,0.07049627,0.29878118,1.01702542,0.04298337,0.24804187,0.32490909,0.00101426
-0.18309155,1.65515862,0.04884426,0.07628142,0.29851733,1.01899709,0.04322907,0.25019680,0.32711934,0.00101839
-0.17708854,1.66386409,0.05068693,0.08213421,0.29856186,1.02201513,0.04357879,0.25242735,0.32943335,0.00102376
-0.17108554,1.67397185,0.05243784,0.08798062,0.29892874,1.02611291,0.04402890,0.25467962,0.33182675,0.00103040
-0.16508254,1.68534847,0.05408173,0.09374142,0.29961078,1.03125385,0.04457237,0.25688627,0.33426727,0.00103832
-0.15907954,1.69778328,0.05560613,0.09933447,0.30058206,1.03733953,0.04519918,0.25896988,0.33671869,0.00104755
-0.15307654,1.71100966,0.05700215,0.10467714,0.30180161,1.04422163,0.04589680,0.26084713,0.33914551,0.00105810
-0.14707354,1.72473024,0.05826512,0.10968907,0.30321792,1.05171696,0.04665085,0.26243352,0.34151809,0.00107004
-0.14107054,1.73864435,0.05939508,0.11429486,0.30477431,1.05962436,0.04744584,0.26364836,0.34381778,0.00108344
-0.13506753,1.75247592,0.06039699,0.11842684,0.30641444,1.06774263,0.04826590,0.26441978,0.34604182,0.00109846
-0.12906453,1.76599972,0.06128071,0.12202754,0.30808790,1.07588790,0.04909555,0.26468948,0.34820755,0.00111529
-0.12306153,1.77906433,0.06206076,0.12505195,0.30975530,1.08390967,0.04992035,0.26441689,0.35035560,0.00113422
-0.11705853,1.79161000,0.06275572,0.12746928,0.31139254,1.09170413,0.05072749,0.26358251,0.35255187,0.00115558
-0.11105553,1.80368027,0.06338739,0.12926414,0.31299409,1.09922399,0.05150623,0.26219025,0.35488799,0.00117980
-0.10505253,1.81542614,0.06397981,0.13043721,0.31457482,1.10648413,0.05224813,0.26026860,0.35748008,0.00120733
-0.09904952,1.82710258,0.06455794,0.13100519,0.31617044,1.11356274,0.05294715,0.25787051,0.36046595,0.00123870
-0.09304652,1.83905724,0.06514637,0.13100006,0.31783632,1.12059757,0.05359953,0.25507205,0.36400061,0.00127443
-0.08704352,1.85171189,0.06576786,0.13046773,0.31964483,1.12777793,0.05420353,0.25196985,0.36825038,0.00131505
-0.08104052,1.86553759,0.06644200,0.12946609,0.32168126,1.13533244,0.05475902,0.24867744,0.37338567,0.00136107
-0.07503752,1.88102502,0.06718387,0.12806261,0.32403861,1.14351363,0.05526690,0.24532072,0.37957301,0.00141290
-0.06903452,1.89865157,0.06800298,0.12633151,0.32681150,1.15258014,0.05572855,0.24203279,0.38696642,0.00147088
-0.06303152,1.91884726,0.06890234,0.12435075,0.33008954,1.16277770,0.05614515,0.23894835,0.39569877,0.00153521
-0.05702851,1.94196142,0.06987789,0.12219897,0.33395068,1.17431991,0.05651713,0.23619806,0.40587342,0.00160593
-0.05102551,1.96823218,0.07091826,0.11995247,0.33845472,1.18737024,0.05684360,0.23390303,0.41755668,0.00168291
-0.04502251,1.99776068,0.07200482,0.11768247,0.34363766,1.20202602,0.05712195,0.23216983,0.43077139,0.00176580
-0.03901951,2.03049146,0.07311217,0.11545276,0.34950698,1.21830568,0.05734761,0.23108612,0.44549211,0.00185405
-0.03301651,2.06620050,0.07420890,0.11331781,0.35603834,1.23613980,0.05751386,0.23071728,0.46164206,0.00194690
-0.02701351,2.10449163,0.07525868,0.11132151,0.36317388,1.25536671,0.05761199,0.23110404,0.47909213,0.00204337
-0.02101051,2.14480161,0.07622162,0.10949650,0.37082224,1.27573275,0.05763152,0.23226121,0.49766203,0.00214230
-0.01500750,2.18641405,0.07705579,0.10786418,0.37886031,1.29689734,0.05756061,0.23417763,0.51712358,0.00224237
-0.00900450,2.22848125,0.07771888,0.10643530,0.38713672,1.31844266,0.05738664,0.23681722,0.53720605,0.00234214
-0.00300150,2.27005330,0.07816991,0.10521122,0.39547692,1.33988737,0.05709683,0.24012107,0.55760347,0.00244007
0.00300150,2.31011281,0.07837087,0.10418552,0.40368955,1.36070383,0.05667904,0.24401044,0.57798340,0.00253460
0.00900450,2.34761386,0.07828826,0.10334608,0.41157380,1.38033797,0.05612246,0.24839046,0.59799717,0.00262417
0.01500750,2.38152314,0.07789449,0.10267740,0.41892745,1.39823081,0.05541839,0.25315437,0.61729083,0.00270731
0.02101051,2.41086157,0.07716896,0.10216296,0.42555518,1.41384085,0.05456091,0.25818808,0.63551663,0.00278267
0.02701351,2.43474439,0.07609894,0.10178758,0.43127672,1.42666616,0.05354743,0.26337483,0.65234453,0.00284908
0.03301651,2.45241795,0.07468006,0.10153965,0.43593445,1.43626534,0.05237916,0.26859967,0.66747319,0.00290557
0.03901951,2.46329179,0.07291652,0.10141291,0.43940014,1.44227650,0.05106138,0.27375373,0.68064013,0.00295146
0.04502251,2.46696449,0.07082096,0.10140798,0.44158056,1.44443360,0.04960353,0.27873798,0.69163069,0.00298634
0.05102551,2.46324250,0.06841404,0.10153329,0.44242163,1.44257938,0.04801922,0.28346636,0.70028534,0.00301011
0.05702851,2.45215125,0.06572370,0.10180547,0.44191105,1.43667475,0.04632588,0.28786835,0.70650520,0.00302300
0.06303152,2.43393828,0.06278423,0.10224917,0.44007932,1.42680411,0.04454445,0.29189066,0.71025558,0.00302553
0.06903452,2.40906843,0.05963512,0.10289628,0.43699910,1.41317661,0.04269881,0.29549829,0.71156736,0.00301854
0.07503752,2.37821163,0.05631985,0.10378458,0.43278316,1.39612347,0.04081510,0.29867477,0.71053624,0.00300315
0.08104052,2.34222369,0.05288454,0.10495593,0.42758079,1.37609134,0.03892098,0.30142174,0.70731992,0.00298070
0.08704352,2.30212131,0.04937666,0.10645406,0.42157318,1.35363209,0.03704486,0.30375789,0.70213330,0.00295277
0.09304652,2.25905205,0.04584370,0.10832195,0.41496777,1.32938937,0.03521507,0.30571733,0.69524191,0.00292106
0.09904952,2.21426068,0.04233207,0.11059918,0.40799194,1.30408234,0.03345903,0.30734749,0.68695381,0.00288739
0.10505253,2.16905289,0.03888597,0.11331911,0.40088624,1.27848706,0.03180257,0.30870665,0.67761030,0.00285366
0.11105553,2.12475783,0.03554658,0.11650624,0.39389745,1.25341608,0.03026918,0.30986120,0.66757561,0.00282172
0.11705853,2.08269040,0.03235135,0.12017371,0.38727170,1.22969668,0.02887948,0.31088273,0.65722612,0.00279340
0.12306153,2.04411462,0.02933346,0.12432131,0.38124779,1.20814845,0.02765077,0.31184498,0.64693941,0.00277041
0.12906453,2.01020894,0.02652158,0.12893382,0.37605098,1.18956060,0.02659673,0.31282091,0.63708333,0.00275431
0.13506753,1.98203442,0.02393965,0.13398007,0.37188731,1.17466981,0.02572721,0.31387972,0.62800576,0.00274647
0.14107054,1.96050667,0.02160697,0.13941259,0.36893857,1.16413888,0.02504826,0.31508416,0.62002510,0.00274801
0.14707354,1.94637203,0.01953832,0.14516805,0.36735805,1.15853706,0.02456224,0.31648806,0.61342197,0.00275981
0.15307654,1.94018865,0.01774424,0.15116842,0.36726704,1.15832239,0.02426805,0.31813417,0.60843230,0.00278242
0.15907954,1.94231279,0.01623134,0.15732282,0.36875222,1.16382660,0.02416156,0.32005244,0.60524204,0.00281613
0.16508254,1.95289066,0.01500268,0.16353009,0.37186385,1.17524317,0.02423608,0.32225872,0.60398362,0.00286089
0.17108554,1.97185588,0.01405812,0.16968194,0.37661486,1.19261882,0.02448287,0.32475397,0.60473423,0.00291634
0.17708854,1.99893258,0.01339467,0.17566653,0.38298076,1.21584884,0.02489181,0.32752404,0.60751601,0.00298179
0.18309155,2.03364406,0.01300683,0.18137241,0.39090046,1.24467650,0.02545198,0.33053996,0.61229792,0.00305630
0.18909455,2.07532653,0.01288678,0.18669257,0.40027790,1.27869672,0.02615230,0.33375884,0.61899933,0.00313861
0.19509755,2.12314771,0.01302460,0.19152848,0.41098441,1.31736382,0.02698210,0.33712519,0.62749490,0.00322724
0.20110055,2.17612960,0.01340837,0.19579381,0.42286195,1.36000345,0.02793162,0.34057284,0.63762078,0.00332051
0.20710355,2.23317466,0.01402421,0.19941786,0.43572688,1.40582822,0.02899239,0.34402711,0.64918147,0.00341658
0.21310655,2.29309473,0.01485624,0.20234824,0.44937434,1.45395666,0.03015760,0.34740742,0.66195729,0.00351349
0.21910955,2.35464152,0.01588662,0.20455296,0.46358315,1.50343495,0.03142217,0.35062995,0.67571189,0.00360922
0.22511256,2.41653792,0.01709539,0.20602152,0.47812089,1.55326071,0.03278283,0.35361042,0.69019954,0.00370176
0.23111556,2.47750899,0.01846049,0.20676514,0.49274919,1.60240810,0.03423795,0.35626676,0.70517187,0.00378913
0.23711856,2.53631164,0.01995774,0.20681603,0.50722901,1.64985336,0.03578729,0.35852157,0.72038376,0.00386947
0.24312156,2.59176214,0.02156090,0.20622572,0.52132567,1.69460005,0.03743154,0.36030426,0.73559811,0.00394107
0.24912456,2.64276056,0.02324177,0.20506247,0.53481353,1.73570296,0.03917188,0.36155274,0.75058948,0.00400242
0.25512756,2.68831166,0.02497048,0.20340800,0.54748015,1.77229025,0.04100929,0.36221467,0.76514639,0.00405226
0.26113057,2.72754148,0.02671581,0.20135364,0.55912988,1.80358284,0.04294392,0.36224809,0.77907248,0.00408956
0.26713357,2.75970974,0.02844565,0.19899599,0.56958666,1.82891079,0.04497442,0.36162166,0.79218646,0.00411360
0.27313657,2.78421771,0.03012764,0.19643252,0.57869617,1.84772610,0.04709721,0.36031434,0.80432121,0.00412394
0.27913957,2.80061193,0.03172978,0.19375715,0.58632720,1.85961191,0.04930594,0.35831467,0.81532230,0.00412045
0.28514257,2.80858410,0.03322127,0.19105610,0.59237242,1.86428785,0.05159096,0.35561980,0.82504605,0.00410326
0.29114557,2.80796772,0.03457330,0.18840425,0.59674855,1.86161195,0.05393891,0.35223427,0.83335770,0.00407277
0.29714857,2.79873219,0.03575993,0.18586213,0.59939617,1.85157904,0.05633257,0.34816890,0.84012988,0.00402961
0.30315158,2.78097507,0.03675891,0.18347380,0.60027916,1.83431633,0.05875083,0.34343958,0.84524167,0.00397461
0.30915458,2.75491335,0.03755252,0.18126556,0.59938418,1.81007644,0.06116892,0.33806643,0.84857855,0.00390878
0.31515758,2.72087435,0.03812829,0.17924567,0.59672004,1.77922844,0.06355882,0.33207320,0.85003346,0.00383328
0.32116058,2.67928706,0.03847954,0.17740513,0.59231740,1.74224751,0.06588993,0.32548709,0.84950886,0.00374933
0.32716358,2.63067423,0.03860594,0.17571925,0.58622854,1.69970356,0.06812997,0.31833891,0.84692009,0.00365827
0.33316658,2.57564559,0.03851369,0.17415017,0.57852762,1.65224937,0.07024598,0.31066375,0.84219958,0.00356146
0.33916958,2.51489245,0.03821566,0.17265003,0.56931112,1.60060861,0.07220553,0.30250189,0.83530198,0.00346029
0.34517259,2.44918331,0.03773129,0.17116469,0.55869858,1.54556396,0.07397807,0.29390005,0.82620981,0.00335620
0.35117559,2.37936056,0.03708624,0.16963772,0.54683341,1.48794550,0.07553619,0.28491274,0.81493931,0.00325059
0.35717859,2.30633752,0.03631188,0.16801455,0.53388373,1.42861944,0.07685702,0.27560362,0.80154604,0.00314491
0.36318159,2.23109538,0.03544463,0.16624649,0.52004303,1.36847727,0.07792343,0.26604679,0.78612993,0.00304059
0.36918459,2.15467944,0.03452509,0.16429442,0.50553032,1.30842498,0.07872514,0.25632771,0.76883930,0.00293909
0.37518759,2.07819379,0.03359703,0.16213198,0.49058980,1.24937241,0.07925960,0.24654373,0.74987347,0.00284191
0.38119060,2.00279395,0.03270634,0.15974812,0.47548968,1.19222250,0.07953259,0.23680413,0.72948373,0.00275055
0.38719360,1.92967675,0.03189978,0.15714882,0.46052000,1.13786017,0.07955855,0.22722949,0.70797230,0.00266656
0.39319660,1.86006706,0.03122384,0.15435793,0.44598952,1.08714071,0.07936049,0.21795044,0.68568930,0.00259150
0.39919960,1.79520114,0.03072347,0.15141718,0.43222134,1.04087765,0.07896958,0.20910569,0.66302750,0.00252698
0.40520260,1.73630650,0.03044084,0.14838517,0.41954747,0.99983002,0.07842431,0.20083945,0.64041508,0.00247457
0.41120560,1.68457845,0.03041422,0.14533560,0.40830234,0.96468905,0.07776939,0.19329828,0.61830637,0.00243587
0.41720860,1.64115386,0.03067683,0.14235469,0.39881534,0.93606457,0.07705422,0.18662747,0.59717106,0.00241239
0.42321161,1.60708268,0.03125586,0.13953801,0.39140266,0.91447131,0.07633113,0.18096704,0.57748201,0.00240557
0.42921461,1.58329818,0.03217156,0.13698673,0.38635858,0.90031561,0.07565346,0.17644757,0.55970214,0.00241671
0.43521761,1.57058695,0.03343652,0.13480368,0.38394660,0.89388285,0.07507342,0.17318604,0.54427094,0.00244693
0.44122061,1.56955991,0.03505507,0.13308920,0.38439068,0.89532634,0.07464001,0.17128175,0.53159095,0.00249710
0.44722361,1.58062554,0.03702285,0.13193707,0.38786685,0.90465809,0.07439694,0.17081253,0.52201480,0.00256782
0.45322661,1.60396671,0.03932664,0.13143065,0.39449569,0.92174223,0.07438080,0.17183151,0.51583333,0.00265936
0.45922961,1.63952239,0.04194429,0.13163945,0.40433591,0.94629143,0.07461933,0.17436432,0.51326513,0.00277159
0.46523262,1.68697533,0.04484501,0.13261619,0.41737925,0.97786706,0.07513018,0.17840716,0.51444803,0.00290400
0.47123562,1.74574666,0.04798979,0.13439456,0.43354717,1.01588332,0.07592001,0.18392554,0.51943290,0.00305563
0.47723862,1.81499830,0.05133205,0.13698771,0.45268928,1.05961556,0.07698401,0.19085392,0.52817991,0.00322507
0.48324162,1.89364337,0.05481860,0.14038745,0.47458391,1.10821305,0.07830599,0.19909625,0.54055764,0.00341049
0.48924462,1.98036489,0.05839076,0.14456442,0.49894062,1.16071586,0.07985889,0.20852737,0.55634501,0.00360963
0.49524762,2.07364247,0.06198566,0.14946885,0.52540487,1.21607573,0.08160578,0.21899526,0.57523603,0.00381984
0.50125063,2.17178633,0.06553774,0.15503223,0.55356462,1.27318020,0.08350136,0.23032409,0.59684742,0.00403815
0.50725363,2.27297774,0.06898044,0.16116951,0.58295879,1.33087949,0.08549376,0.24231796,0.62072868,0.00426130
0.51325663,2.37531463,0.07224785,0.16778196,0.61308728,1.38801516,0.08752663,0.25476529,0.64637457,0.00448584
0.51925963,2.47686071,0.07527649,0.17476032,0.64342227,1.44344957,0.08954152,0.26744362,0.67323940,0.00470822
0.52526263,2.57569655,0.07800708,0.18198834,0.67342050,1.49609501,0.09148020,0.28012476,0.70075284,0.00492484
0.53126563,2.66997061,0.08038616,0.18934643,0.70253608,1.54494156,0.09328711,0.29258014,0.72833664,0.00513220
0.53726863,2.75794838,0.08236762,0.19671521,0.73023349,1.58908250,0.09491157,0.30458612,0.75542169,0.00532696
0.54327164,2.83805780,0.08391407,0.20397899,0.75600029,1.62773622,0.09630978,0.31592923,0.78146490,0.00550604
0.54927464,2.90892926,0.08499788,0.21102888,0.77935922,1.66026409,0.09744648,0.32641106,0.80596523,0.00566670
0.55527764,2.96942868,0.08560197,0.21776551,0.79987921,1.68618323,0.09829625,0.33585270,0.82847837,0.00580661
0.56128064,3.01868255,0.08572032,0.22410125,0.81718515,1.70517415,0.09884426,0.34409869,0.84862939,0.00592393
0.56728364,3.05609406,0.08535808,0.22996179,0.83096588,1.71708273,0.09908658,0.35102020,0.86612309,0.00601732
0.57328664,3.08134987,0.08453137,0.23528719,0.84098054,1.72191688,0.09902999,0.35651748,0.88075157,0.00608599
0.57928964,3.09441755,0.08326671,0.24003223,0.84706274,1.71983792,0.09869130,0.36052152,0.89239860,0.00612973
0.58529265,3.09553399,0.08160015,0.24416622,0.84912288,1.71114739,0.09809622,0.36299475,0.90104098,0.00614886
0.59129565,3.08518545,0.07957610,0.24767221,0.84714829,1.69626982,0.09727782,0.36393100,0.90674644,0.00614424
0.59729865,3.06408037,0.07724597,0.25054573,0.84120151,1.67573245,0.09627480,0.36335446,0.90966850,0.00611720
0.60330165,3.03311623,0.07466650,0.25279318,0.83141669,1.65014268,0.09512947,0.36131797,0.91003833,0.00606953
0.60930465,2.99334191,0.07189813,0.25442987,0.81799428,1.62016437,0.09388561,0.35790049,0.90815396,0.00600338
0.61530765,2.94591709,0.06900312,0.25547795,0.80119441,1.58649386,0.09258646,0.35320394,0.90436734,0.00592120
0.62131066,2.89207055,0.06604381,0.25596423,0.78132896,1.54983670,0.09127263,0.34734955,0.89906973,0.00582568
0.62731366,2.83305873,0.06308089,0.25591811,0.75875274,1.51088591,0.08998041,0.34047381,0.89267588,0.00571962
0.63331666,2.77012617,0.06017172,0.25536958,0.73385402,1.47030248,0.08874018,0.33272413,0.88560787,0.00560591
0.63931966,2.70446920,0.05736892,0.25434760,0.70704466,1.42869874,0.08757526,0.32425443,0.87827897,0.00548738
0.64532266,2.63720392,0.05471912,0.25287858,0.67875011,1.38662494,0.08650112,0.31522076,0.87107822,0.00536681
0.65132566,2.56933952,0.05226188,0.25098546,0.64939957,1.34455940,0.08552494,0.30577712,0.86435638,0.00524678
0.65732866,2.50175736,0.05002900,0.24868698,0.61941646,1.30290230,0.08464569,0.29607164,0.85841362,0.00512964
0.66333167,2.43519645,0.04804403,0.24599746,0.58920947,1.26197300,0.08385447,0.28624315,0.85348943,0.00501747
0.66933467,2.37024529,0.04632202,0.24292690,0.55916446,1.22201091,0.08313529,0.27641839,0.84975504,0.00491204
0.67533767,2.30733995,0.04486961,0.23948147,0.52963718,1.18317939,0.08246611,0.26670984,0.84730875,0.00481475
0.68134067,2.24676814,0.04368535,0.23566428,0.50094720,1.14557249,0.08182017,0.25721427,0.84617391,0.00472664
0.68734367,2.18867869,0.04276022,0.23147641,0.47337292,1.10922398,0.08116736,0.24801198,0.84630004,0.00464836
0.69334667,2.13309573,0.04207839,0.22691807,0.44714806,1.07411825,0.08047584,0.23916684,0.84756649,0.00458019
0.69934967,2.07993680,0.04161813,0.22198995,0.42245932,1.04020240,0.07971356,0.23072703,0.84978888,0.00452206
0.70535268,2.02903397,0.04135283,0.21669447,0.39944563,1.00739919,0.07884975,0.22272632,0.85272773,0.00447357
0.71135568,1.98015698,0.04125217,0.21103715,0.37819868,0.97562008,0.07785628,0.21518600,0.85609899,0.00443400
0.71735868,1.93303750,0.04128330,0.20502768,0.35876487,0.94477807,0.07670885,0.20811716,0.85958618,0.00440241
0.72336168,1.88739351,0.04141201,0.19868104,0.34114854,0.91479962,0.07538796,0.20152329,0.86285342,0.00437763
0.72936468,1.84295282,0.04160395,0.19201819,0.32531636,0.88563546,0.07387960,0.19540299,0.86555916,0.00435837
0.73536768,1.79947506,0.04182574,0.18506672,0.31120273,0.85726971,0.07217568,0.18975268,0.86736980,0.00434325
0.74137069,1.75677116,0.04204600,0.17786107,0.29871606,0.82972715,0.07027423,0.18456914,0.86797298,0.00433088
0.74737369,1.71471985,0.04223627,0.17044262,0.28774559,0.80307828,0.06817930,0.17985171,0.86708986,0.00431993
0.75337669,1.67328052,0.04237176,0.16285940,0.27816856,0.77744215,0.06590069,0.17560410,0.86448612,0.00430917
0.75937969,1.63250218,0.04243202,0.15516564,0.26985754,0.75298676,0.06345339,0.17183562,0.85998121,0.00429757
0.76538269,1.59252809,0.04240129,0.14742105,0.26268747,0.72992714,0.06085694,0.16856186,0.85345556,0.00428430
0.77138569,1.55359608,0.04226885,0.13968991,0.25654227,0.70852107,0.05813469,0.16580470,0.84485551,0.00426882
0.77738869,1.51603447,0.04202899,0.13204005,0.25132072,0.68906270,0.05531289,0.16359164,0.83419583,0.00425092
0.78339170,1.48025381,0.04168098,0.12454161,0.24694129,0.67187421,0.05241987,0.16195460,0.82155968,0.00423070
0.78939470,1.44673465,0.04122870,0.11726581,0.24334583,0.65729573,0.04948514,0.16092815,0.80709610,0.00420858
0.79539770,1.41601176,0.04068022,0.11028363,0.24050184,0.64567404,0.04653854,0.16054722,0.79101506,0.00418534
0.80140070,1.38865522,0.04004721,0.10366445,0.23840326,0.63735003,0.04360952,0.16084456,0.77358027,0.00416205
0.80740370,1.36524913,0.03934420,0.09747467,0.23706970,0.63264572,0.04072640,0.16184801,0.75510002,0.00414005
0.81340670,1.34636840,0.03858778,0.09177643,0.23654411,0.63185085,0.03791583,0.16357763,0.73591636,0.00412090
0.81940970,1.33255449,0.03779577,0.08662631,0.23688904,0.63520970,0.03520224,0.16604304,0.71639298,0.00410629
0.82541271,1.32429086,0.03698627,0.08207404,0.23818146,0.64290840,0.03260750,0.16924094,0.69690233,0.00409798
0.83141571,1.32197893,0.03617689,0.07816139,0.24050656,0.65506322,0.03015058,0.17315303,0.67781228,0.00409774
0.83741871,1.32591541,0.03538382,0.07492103,0.24395062,0.67171017,0.02784735,0.17774445,0.65947296,0.00410720
0.84342171,1.33627180,0.03462121,0.07237557,0.24859337,0.69279630,0.02571046,0.18296278,0.64220419,0.00412782
0.84942471,1.35307689,0.03390045,0.07053670,0.25450010,0.71817301,0.02374924,0.18873774,0.62628397,0.00416076
0.85542771,1.37620300,0.03322977,0.06940445,0.26171405,0.74759182,0.02196973,0.19498150,0.61193847,0.00420681
0.86143072,1.40535661,0.03261387,0.06896666,0.27024924,0.78070259,0.02037471,0.20158978,0.59933394,0.00426636
0.86743372,1.44007399,0.03205379,0.06919868,0.28008433,0.81705478,0.01896382,0.20844356,0.58857078,0.00433927
0.87343672,1.47972224,0.03154694,0.07006332,0.29115774,0.85610152,0.01773367,0.21541138,0.57968003,0.00442490
0.87943972,1.52350593,0.03108731,0.07151101,0.30336434,0.89720685,0.01667804,0.22235226,0.57262250,0.00452207
0.88544272,1.57047966,0.03066581,0.07348046,0.31655407,0.93965597,0.01578814,0.22911893,0.56729047,0.00462904
0.89144572,1.61956619,0.03027079,0.07589944,0.33053245,0.98266849,0.01505280,0.23556149,0.56351196,0.00474357
0.89744872,1.66958003,0.02988865,0.07868615,0.34506329,1.02541437,0.01445885,0.24153116,0.56105751,0.00486297
0.90345173,1.71925585,0.02950453,0.08175083,0.35987345,1.06703237,0.01399140,0.24688419,0.55964903,0.00498414
0.90945473,1.76728117,0.02910309,0.08499777,0.37465964,1.10665046,0.01363426,0.25148563,0.55897064,0.00510368
0.91545773,1.81233218,0.02866920,0.08832766,0.38909688,1.14340777,0.01337032,0.25521296,0.55868093,0.00521801
0.92146073,1.85311179,0.02818874,0.09164023,0.40284864,1.17647747,0.01318199,0.25795945,0.55842628,0.00532347
0.92746373,1.88838874,0.02764922,0.09483710,0.41557792,1.20508981,0.01305161,0.25963709,0.55785470,0.00541643
0.93346673,1.91703625,0.02704036,0.09782484,0.42695914,1.22855472,0.01296193,0.26017911,0.55662975,0.00549346
0.93946973,1.93806910,0.02635458,0.10051796,0.43669018,1.24628307,0.01289654,0.25954198,0.55444402,0.00555145
0.94547274,1.95067770,0.02558725,0.10284197,0.44450416,1.25780596,0.01284027,0.25770681,0.55103162,0.00558769
0.95147574,1.95425784,0.02473697,0.10473624,0.45018036,1.26279125,0.01277958,0.25468023,0.54617937,0.00560002
0.95747874,1.94843518,0.02380553,0.10615656,0.45355398,1.26105675,0.01270291,0.25049465,0.53973612,0.00558694
0.96348174,1.93308326,0.02279781,0.10707738,0.45452414,1.25257944,0.01260095,0.24520795,0.53162011,0.00554761
0.96948474,1.90833451,0.02172161,0.10749356,0.45305986,1.23750040,0.01246684,0.23890261,0.52182392,0.00548198
0.97548774,1.87458373,0.02058722,0.10742161,0.44920376,1.21612521,0.01229635,0.23168436,0.51041699,0.00539077
0.98149075,1.83248373,0.01940706,0.10690030,0.44307334,1.18891954,0.01208790,0.22368023,0.49754561,0.00527547
0.98749375,1.78293341,0.01819518,0.10599065,0.43485962,1.15650034,0.01184257,0.21503638,0.48343036,0.00513833
0.99349675,1.72705842,0.01696670,0.10477524,0.42482346,1.11962245,0.01156401,0.20591534,0.46836121,0.00498231
0.99949975,1.66618514,0.01573735,0.10335688,0.41328937,1.07916145,0.01125823,0.19649307,0.45269030,0.00481097
1.00550275,1.60180874,0.01452289,0.10185665,0.40063736,1.03609291,0.01093342,0.18695573,0.43682280,0.00462842
1.01150575,1.53555625,0.01333865,0.10041125,0.38729277,0.99146887,0.01059960,0.17749625,0.42120602,0.00443917
1.01750875,1.46914585,0.01219913,0.09916992,0.37371480,0.94639216,0.01026828,0.16831071,0.40631709,0.00424804
1.02351176,1.40434337,0.01111763,0.09829072,0.36038371,0.90198929,0.00995211,0.15959472,0.39264962,0.00406001
1.02951476,1.34291730,0.01010593,0.09793652,0.34778750,0.85938271,0.00966440,0.15153968,0.38069961,0.00388005
1.03551776,1.28659340,0.00917413,0.09827050,0.33640807,0.81966300,0.00941873,0.14432902,0.37095097,0.00371304
1.04152076,1.23701002,0.00833045,0.09945151,0.32670750,0.78386181,0.00922850,0.13813454,0.36386107,0.00356361
1.04752376,1.19567515,0.00758120,0.10162920,0.31911471,0.75292616,0.00910645,0.13311281,0.35984652,0.00343599
1.05352676,1.16392614,0.00693072,0.10493905,0.31401284,0.72769455,0.00906432,0.12940165,0.35926965,0.00333392
1.05952976,1.14289286,0.00638146,0.10949755,0.31172760,0.70887542,0.00911235,0.12711683,0.36242592,0.00326053
1.06553277,1.13346531,0.00593402,0.11539744,0.31251701,0.69702853,0.00925899,0.12634896,0.36953265,0.00321825
1.07153577,1.13626601,0.00558723,0.12270332,0.31656255,0.69254937,0.00951054,0.12716071,0.38071925,0.00320874
1.07753877,1.15162828,0.00533834,0.13144764,0.32396218,0.69565724,0.00987088,0.12958434,0.39601950,0.00323285
1.08354177,1.17958059,0.00518308,0.14162740,0.33472525,0.70638702,0.01034122,0.13361971,0.41536589,0.00329054
1.08954477,1.21983791,0.00511584,0.15320146,0.34876958,0.72458519,0.01092001,0.13923287,0.43858658,0.00338091
1.09554777,1.27180034,0.00512981,0.16608888,0.36592080,0.74991006,0.01160281,0.14635520,0.46540496,0.00350219
1.10155078,1.33455948,0.00521714,0.18016820,0.38591415,0.78183661,0.01238231,0.15488341,0.49544227,0.00365179
1.10755378,1.40691300,0.00536907,0.19527805,0.40839869,0.81966586,0.01324840,0.16468026,0.52822325,0.00382631
1.11355678,1.48738730,0.00557609,0.21121887,0.43294410,0.86253907,0.01418837,0.17557633,0.56318498,0.00402164
1.11955978,1.57426849,0.00582811,0.22775612,0.45904988,0.90945634,0.01518716,0.18737263,0.59968880,0.00423309
1.12556278,1.66564107,0.00611463,0.24462471,0.48615694,0.95929978,0.01622775,0.19984434,0.63703521,0.00445544
1.13156578,1.75943400,0.00642490,0.26153484,0.51366127,1.01086056,0.01729156,0.21274545,0.67448143,0.00468312
1.13756878,1.85347295,0.00674812,0.27817896,0.54092948,1.06286947,0.01835900,0.22581435,0.71126119,0.00491034
1.14357179,1.94553760,0.00707361,0.29423974,0.56731569,1.11403016,0.01941003,0.23878024,0.74660623,0.00513125
1.14957479,2.03342236,0.00739106,0.30939886,0.59217941,1.16305425,0.02042484,0.25137022,0.77976879,0.00534009
1.15557779,2.11499856,0.00769068,0.32334623,0.61490367,1.20869714,0.02138444,0.26331670,0.81004427,0.00553138
1.16158079,2.18827607,0.00796344,0.33578938,0.63491294,1.24979340,0.02227139,0.27436512,0.83679334,0.00570006
1.16758379,2.25146201,0.00820124,0.34646257,0.65169005,1.28529043,0.02307035,0.28428151,0.85946247,0.00584163
1.17358679,2.30301431,0.00839709,0.35513531,0.66479153,1.31427917,0.02376876,0.29285952,0.87760209,0.00595229
1.17958979,2.34168798,0.00854530,0.36161990,0.67386064,1.33602055,0.02435727,0.29992694,0.89088158,0.00602906
1.18559280,2.36657203,0.00864156,0.36577761,0.67863779,1.34996667,0.02483019,0.30535093,0.89910035,0.00606983
1.19159580,2.37711536,0.00868305,0.36752327,0.67896753,1.35577571,0.02518576,0.30904218,0.90219451,0.00607346
1.19759880,2.37314063,0.00866852,0.36682799,0.67480220,1.35331991,0.02542632,0.31095743,0.90023873,0.00603975
1.20360180,2.35484517,0.00859824,0.36371993,0.66620181,1.34268636,0.02555831,0.31110037,0.89344318,0.00596948
1.20960480,2.32278912,0.00847402,0.35828310,0.65333030,1.32417031,0.02559213,0.30952087,0.88214562,0.00586432
1.21560780,2.27787100,0.00829908,0.35065407,0.63644828,1.29826155,0.02554187,0.30631239,0.86679899,0.00572677
1.22161081,2.22129218,0.00807797,0.34101706,0.61590275,1.26562435,0.02542490,0.30160793,0.84795494,0.00556010
1.22761381,2.15451149,0.00781637,0.32959735,0.59211411,1.22707178,0.02526137,0.29557443,0.82624415,0.00536815
1.23361681,2.07919238,0.00752095,0.31665347,0.56556115,1.18353584,0.02507360,0.28840606,0.80235422,0.00515526
1.23961981,1.99714481,0.00719910,0.30246852,0.53676472,1.13603450,0.02488542,0.28031664,0.77700616,0.00492607
1.24562281,1.91026458,0.00685878,0.28734102,0.50627077,1.08563728,0.02472152,0.27153159,0.75093051,0.00468541
1.25162581,1.82047275,0.00650821,0.27157568,0.47463349,1.03343077,0.02460676,0.26227978,0.72484411,0.00443810
1.25762881,1.72965769,0.00615571,0.25547454,0.44239921,0.98048567,0.02456558,0.25278561,0.69942851,0.00418884
1.26363182,1.63962211,0.00580947,0.23932876,0.41009179,0.92782656,0.02462144,0.24326177,0.67531090,0.00394208
1.26963482,1.55203709,0.00547735,0.22341148,0.37819975,0.87640563,0.02479634,0.23390300,0.65304828,0.00370190
1.27563782,1.46840472,0.00516673,0.20797192,0.34716592,0.82708123,0.02511054,0.22488106,0.63311541,0.00347191
1.28164082,1.39003030,0.00488436,0.19323091,0.31737943,0.78060186,0.02558230,0.21634112,0.61589686,0.00325522
1.28764382,1.31800485,0.00463626,0.17937800,0.28917047,0.73759591,0.02622781,0.20839976,0.60168338,0.00305438
1.29364682,1.25319766,0.00442767,0.16657007,0.26280766,0.69856728,0.02706128,0.20114455,0.59067231,0.00287137
1.29964982,1.19625870,0.00426296,0.15493137,0.23849789,0.66389642,0.02809500,0.19463513,0.58297195,0.00270761
1.30565283,1.14762974,0.00414569,0.14455496,0.21638838,0.63384641,0.02933967,0.18890573,0.57860931,0.00256401
1.31165583,1.10756289,0.00407860,0.13550528,0.19657064,0.60857339,0.03080466,0.18396884,0.57754068,0.00244099
1.31765883,1.07614511,0.00406367,0.12782156,0.17908596,0.58814024,0.03249836,0.17981987,0.57966424,0.00233856
1.32366183,1.05332675,0.00410221,0.12152195,0.16393192,0.57253276,0.03442852,0.17644237,0.58483408,0.00225641
1.32966483,1.03895238,0.00419493,0.11660789,0.15106958,0.56167711,0.03660253,0.17381353,0.59287464,0.00219394
1.33566783,1.03279202,0.00434211,0.11306866,0.14043093,0.55545757,0.03902768,0.17190966,0.60359498,0.00215039
1.34167084,1.03457101,0.00454373,0.11088570,0.13192613,0.55373353,0.04171127,0.17071123,0.61680192,0.00212488
1.34767384,1.04399703,0.00479959,0.11003643,0.12545037,0.55635490,0.04466058,0.17020722,0.63231172,0.00211650
1.35367684,1.06078287,0.00510955,0.11049754,0.12088990,0.56317517,0.04788274,0.17039850,0.64995935,0.00212435
1.35967984,1.08466392,0.00547364,0.11224734,0.11812723,0.57406136,0.05138442,0.17130003,0.66960540,0.00214757
1.36568284,1.11540973,0.00589232,0.11526733,0.11704516,0.58890064,0.05517133,0.17294177,0.69113991,0.00218544
1.37168584,1.15282918,0.00636662,0.11954259,0.11752975,0.60760325,0.05924756,0.17536814,0.71448343,0.00223731
1.37768884,1.19676916,0.00689836,0.12506135,0.11947217,0.63010168,0.06361486,0.17863614,0.73958499,0.00230266
1.38369185,1.24710721,0.00749032,0.13181344,0.12276943,0.65634628,0.06827171,0.18281218,0.76641734,0.00238108
1.38969485,1.30373841,0.00814641,0.13978788,0.12732416,0.68629755,0.07321237,0.18796769,0.79496972,0.00247220
1.39569785,1.36655767,0.00887177,0.14896980,0.13304357,0.71991567,0.07842590,0.19417383,0.82523853,0.00257575
1.40170085,1.43543822,0.00967290,0.15933668,0.13983775,0.75714782,0.08389519,0.20149552,0.85721650,0.00269139
1.40770385,1.51020779,0.01055767,0.17085428,0.14761749,0.79791406,0.08959608,0.20998507,0.89088079,0.00281879
1.41370685,1.59062370,0.01153532,0.18347248,0.15629189,0.84209249,0.09549666,0.21967583,0.92618085,0.00295748
1.41970985,1.67634853,0.01261627,0.19712123,0.16576580,0.88950481,0.10155670,0.23057613,0.96302654,0.00310685
1.42571286,1.76692775,0.01381202,0.21170692,0.17593754,0.93990287,0.10772739,0.24266384,1.00127723,0.00326607
1.43171586,1.86177078,0.01513475,0.22710950,0.18669682,0.99295730,0.11395139,0.25588196,1.04073262,0.00343407
1.43771886,1.96013698,0.01659699,0.24318049,0.19792318,1.04824902,0.12016319,0.27013549,1.08112566,0.00360953
1.44372186,2.06112756,0.01821106,0.25974217,0.20948508,1.10526422,0.12628983,0.28528972,1.12211833,0.00379078
1.44972486,2.16368450,0.01998846,0.27658809,0.22123965,1.16339355,0.13225202,0.30117027,1.16330049,0.00397590
1.45572786,2.26659702,0.02193922,0.29348500,0.23303325,1.22193582,0.13796561,0.31756481,1.20419220,0.00416264
1.46173087,2.36851601,0.02407106,0.31017631,0.24470280,1.28010647,0.14334337,0.33422661,1.24424961,0.00434847
1.46773387,2.46797621,0.02638869,0.32638696,0.25607796,1.33705075,0.14829707,0.35087972,1.28287441,0.00453067
1.47373687,2.56342585,0.02889292,0.34182958,0.26698399,1.39186131,0.15273975,0.36722573,1.31942667,0.00470631
1.47973987,2.65326266,0.03157993,0.35621188,0.27724522,1.44359979,0.15658819,0.38295177,1.35324066,0.00487235
1.48574287,2.73587529,0.03444057,0.36924482,0.28668911,1.49132162,0.15976531,0.39773955,1.38364322,0.00502574
1.49174587,2.80968840,0.03745981,0.38065130,0.29515061,1.53410305,0.16220262,0.41127503,1.40997392,0.00516348
1.49774887,2.87320977,0.04061630,0.39017509,0.30247666,1.57106949,0.16384244,0.42325828,1.43160636,0.00528272
1.50375188,2.92507734,0.04388221,0.39758943,0.30853075,1.60142376,0.16463987,0.43341322,1.44796956,0.00538086
1.50975488,2.96410440,0.04722327,0.40270499,0.31319720,1.62447325,0.16456444,0.44149672,1.45856874,0.00545561
1.51575788,2.98932067,0.05059907,0.40537684,0.31638507,1.63965458,0.16360130,0.44730685,1.46300441,0.00550511
1.52176088,3.00000762,0.05396368,0.40550995,0.31803149,1.64655474,0.16175189,0.45068962,1.46098899,0.00552799
1.52776388,2.99572645,0.05726656,0.40306308,0.31810423,1.64492776,0.15903416,0.45154438,1.45236019,0.00552341
1.53376688,2.97633734,0.06045365,0.39805076,0.31660355,1.63470599,0.15548221,0.44982718,1.43709038,0.00549112
1.53976988,2.94200915,0.06346880,0.39054339,0.31356293,1.61600561,0.15114537,0.44555241,1.41529167,0.00543147
1.54577289,2.89321915,0.06625533,0.38066520,0.30904905,1.58912602,0.14608687,0.43879234,1.38721622,0.00534543
1.55177589,2.83074280,0.06875778,0.36859049,0.30316066,1.55454313,0.14038198,0.42967485,1.35325181,0.00523456
1.55777889,2.75563397,0.07092362,0.35453807,0.29602654,1.51289675,0.13411591,0.41837933,1.31391275,0.00510098
1.56378189,2.66919648,0.07270504,0.33876435,0.28780271,1.46497288,0.12738134,0.40513106,1.26982649,0.00494732
1.56978489,2.57294817,0.07406063,0.32155525,0.27866871,1.41168127,0.12027590,0.39019426,1.22171637,0.00477664
1.57578789,2.46857903,0.07495683,0.30321748,0.26882345,1.35402953,0.11289951,0.37386414,1.17038135,0.00459241
1.58179090,2.35790501,0.07536921,0.28406944,0.25848044,1.29309463,0.10535180,0.35645834,1.11667325,0.00439831
1.58779390,2.24281922,0.07528338,0.26443225,0.24786273,1.22999296,0.09772972,0.33830800,1.06147261,0.00419827
1.59379690,2.12524248,0.07469558,0.24462113,0.23719768,1.16585004,0.09012531,0.31974880,1.00566399,0.00399627
1.59979990,2.00707474,0.07361290,0.22493758,0.22671173,1.10177100,0.08262385,0.30111245,0.95011154,0.00379629
1.60580290,1.89014902,0.07205305,0.20566259,0.21662525,1.03881277,0.07530226,0.28271854,0.89563580,0.00360222
1.61180590,1.77618926,0.07004380,0.18705099,0.20714760,0.97795871,0.06822798,0.26486737,0.84299252,0.00341775
1.61780890,1.66677308,0.06762208,0.16932713,0.19847263,0.92009665,0.06145819,0.24783366,0.79285409,0.00324630
1.62381191,1.56330038,0.06483270,0.15268188,0.19077450,0.86600051,0.05503940,0.23186127,0.74579418,0.00309099
1.62981491,1.46696835,0.06172686,0.13727098,0.18420410,0.81631611,0.04900745,0.21715917,0.70227604,0.00295448
1.63581791,1.37875317,0.05836054,0.12321456,0.17888597,0.77155128,0.04338781,0.20389847,0.66264466,0.00283905
1.64182091,1.29939849,0.05479274,0.11059772,0.17491585,0.73207015,0.03819614,0.19221059,0.62712298,0.00274644
1.64782391,1.22941052,0.05108366,0.09947203,0.17235887,0.69809175,0.03343912,0.18218649,0.59581200,0.00267792
1.65382691,1.16905949,0.04729307,0.08985776,0.17124834,0.66969251,0.02911542,0.17387686,0.56869484,0.00263421
1.65982991,1.11838688,0.04347871,0.08174656,0.17158525,0.64681238,0.02521683,0.16729324,0.54564422,0.00261550
1.66583292,1.07721799,0.03969493,0.07510452,0.17333842,0.62926425,0.02172936,0.16240983,0.52643324,0.00262148
1.67183592,1.04517919,0.03599154,0.06987536,0.17644528,0.61674612,0.01863448,0.15916600,0.51074877,0.00265131
1.67783892,1.02171904,0.03241301,0.06598369,0.18081338,0.60885569,0.01591025,0.15746942,0.49820705,0.00270367
1.68384192,1.00613284,0.02899784,0.06333819,0.18632247,0.60510670,0.01353245,0.15719955,0.48837095,0.00277683
1.68984492,0.99758957,0.02577836,0.06183458,0.19282729,0.60494679,0.01147553,0.15821162,0.48076810,0.00286863
1.69584792,0.99516088,0.02278071,0.06135858,0.20016097,0.60777614,0.00971361,0.16034088,0.47490950,0.00297660
1.70185093,0.99785116,0.02002514,0.06178849,0.20813894,0.61296664,0.00822123,0.16340705,0.47030788,0.00309799
1.70785393,1.00462818,0.01752648,0.06299776,0.21656346,0.61988094,0.00697406,0.16721906,0.46649521,0.00322986
1.71385693,1.01445362,0.01529490,0.06485736,0.22522857,0.62789119,0.00594948,0.17157979,0.46303900,0.00336915
1.71985993,1.02631283,0.01333666,0.06723802,0.23392542,0.63639686,0.00512706,0.17629094,0.45955667,0.00351277
1.72586293,1.03924325,0.01165507,0.07001241,0.24244787,0.64484129,0.00448887,0.18115779,0.45572789,0.00365773
1.73186593,1.05236082,0.01025145,0.07305729,0.25059823,0.65272680,0.00401981,0.18599397,0.45130436,0.00380116
1.73786893,1.06488390,0.00912605,0.07625557,0.25819304,0.65962772,0.00370773,0.19062586,0.44611695,0.00394048
1.74387194,1.07615408,0.00827900,0.07949835,0.26506856,0.66520136,0.00354354,0.19489689,0.44008000,0.00407345
1.74987494,1.08565327,0.00771107,0.08268685,0.27108603,0.66919641,0.00352121,0.19867122,0.43319288,0.00419826
1.75587794,1.09301683,0.00742436,0.08573424,0.27613629,0.67145875,0.00363772,0.20183707,0.42553874,0.00431362
1.76188094,1.09804211,0.00742284,0.08856728,0.28014376,0.67193438,0.00389291,0.20430927,0.41728069,0.00441879
1.76788394,1.10069210,0.00771269,0.09112771,0.28306942,0.67066937,0.00428925,0.20603115,0.40865555,0.00451366
1.77388694,1.10109409,0.00830240,0.09337333,0.28491277,0.66780690,0.00483161,0.20697562,0.39996552,0.00459874
1.77988994,1.09953308,0.00920273,0.09527868,0.28571263,0.66358128,0.00552685,0.20714522,0.39156803,0.00467519
1.78589295,1.09644004,0.01042640,0.09683530,0.28554655,0.65830908,0.00638342,0.20657139,0.38386414,0.00474475
1.79189595,1.09237521,0.01198755,0.09805146,0.28452899,0.65237764,0.00741090,0.20531266,0.37728574,0.00480973
1.79789895,1.08800676,0.01390105,0.09895146,0.28280806,0.64623119,0.00861938,0.20345201,0.37228211,0.00487291
1.80390195,1.08408543,0.01618157,0.09957431,0.28056104,0.64035485,0.01001891,0.20109329,0.36930602,0.00493743
1.80990495,1.08141578,0.01884248,0.09997201,0.27798869,0.63525709,0.01161883,0.19835697,0.36879973,0.00500667
1.81590795,1.08082497,0.02189467,0.10020741,0.27530858,0.63145117,0.01342711,0.19537528,0.37118137,0.00508412
1.82191096,1.08313020,0.02534523,0.10035166,0.27274759,0.62943604,0.01544969,0.19228689,0.37683186,0.00517320
1.82791396,1.08910578,0.02919616,0.10048148,0.27053398,0.62967743,0.01768982,0.18923145,0.38608272,0.00527711
1.83391696,1.09945126,0.03344306,0.10067626,0.26888910,0.63258985,0.02014746,0.18634409,0.39920514,0.00539867
1.83991996,1.11476177,0.03807396,0.10101517,0.26801929,0.63852010,0.02281882,0.18375019,0.41640048,0.00554016
1.84592296,1.13550190,0.04306830,0.10157441,0.26810816,0.64773300,0.02569591,0.18156061,0.43779255,0.00570318
1.85192596,1.16198419,0.04839613,0.10242464,0.26930965,0.66039994,0.02876633,0.17986762,0.46342178,0.00588856
1.85792896,1.19435331,0.05401770,0.10362886,0.27174201,0.67659082,0.03201315,0.17874165,0.49324170,0.00609625
1.86393197,1.23257675,0.05988328,0.10524061,0.27548326,0.69626969,0.03541501,0.17822905,0.52711762,0.00632528
1.86993497,1.27644247,0.06593347,0.10730276,0.28056798,0.71929442,0.03894642,0.17835098,0.56482789,0.00657376
1.87593797,1.32556387,0.07209995,0.10984671,0.28698588,0.74542054,0.04257822,0.17910335,0.60606761,0.00683891
1.88194097,1.37939182,0.07830664,0.11289222,0.29468202,0.77430895,0.04627825,0.18045796,0.65045490,0.00711713
1.88794397,1.43723352,0.08447126,0.11644767,0.30355888,0.80553754,0.05001211,0.18236460,0.69753944,0.00740413
1.89394697,1.49827713,0.09050732,0.12051071,0.31347998,0.83861586,0.05374416,0.18475414,0.74681335,0.00769506
1.89994997,1.56162132,0.09632641,0.12506931,0.32427510,0.87300255,0.05743846,0.18754232,0.79772385,0.00798471
1.90595298,1.62630815,0.10184075,0.13010300,0.33574671,0.90812449,0.06105987,0.19063408,0.84968746,0.00826771
1.91195598,1.69135793,0.10696583,0.13558426,0.34767751,0.94339687,0.06457500,0.19392818,0.90210524,0.00853873
1.91795898,1.75580411,0.11162310,0.14147992,0.35983857,0.97824328,0.06795317,0.19732193,0.95437849,0.00879271
1.92396198,1.81872677,0.11574256,0.14775242,0.37199780,1.01211474,0.07116721,0.20071566,1.00592430,0.00902504
1.92996498,1.87928285,0.11926513,0.15436093,0.38392835,1.04450686,0.07419403,0.20401681,1.05619045,0.00923178
1.93596798,1.93673179,0.12214462,0.16126221,0.39541657,1.07497431,0.07701504,0.20714342,1.10466888,0.00940980
1.94197099,1.99045534,0.12434930,0.16841112,0.40626913,1.10314194,0.07961628,0.21002680,1.15090727,0.00955689
1.94797399,2.03997059,0.12586293,0.17576086,0.41631910,1.12871208,0.08198834,0.21261339,1.19451822,0.00967186
1.95397699,2.08493591,0.12668519,0.18326289,0.42543053,1.15146789,0.08412600,0.21486563,1.23518562,0.00975454
1.95997999,2.12514961,0.12683151,0.19086660,0.43350157,1.17127263,0.08602768,0.21676196,1.27266788,0.00980578
1.96598299,2.16054166,0.12633226,0.19851880,0.44046587,1.18806531,0.08769474,0.21829592,1.30679809,0.00982738
1.97198599,2.19115929,0.12523141,0.20616309,0.44629228,1.20185294,0.08913061,0.21947453,1.33748089,0.00982199
1.97798899,2.21714763,0.12358464,0.21373932,0.45098294,1.21270026,0.09033989,0.22031609,1.36468652,0.00979293
1.98399200,2.23872657,0.12145710,0.22118304,0.45456984,1.22071769,0.09132748,0.22084751,1.38844216,0.00974406
1.98999500,2.25616561,0.11892080,0.22842533,0.45711024,1.22604825,0.09209774,0.22110150,1.40882127,0.00967953
1.99599800,2.26975819,0.11605187,0.23539278,0.45868099,1.22885459,0.09265378,0.22111368,1.42593144,0.00960362
2.00200100,2.27979725,0.11292778,0.24200799,0.45937229,1.22930675,0.09299702,0.22091998,1.43990137,0.00952052
2.00800400,2.28655334,0.10962468,0.24819041,0.45928125,1.22757168,0.09312682,0.22055426,1.45086789,0.00943414
2.01400700,2.29025678,0.10621488,0.25385760,0.45850539,1.22380484,0.09304046,0.22004651,1.45896359,0.00934791
2.02001001,2.29108465,0.10276474,0.25892701,0.45713680,1.21814463,0.09273334,0.21942163,1.46430589,0.00926471
2.02601301,2.28915339,0.09933292,0.26331798,0.45525696,1.21070958,0.09219936,0.21869880,1.46698802,0.00918670
2.03201601,2.28451719,0.09596912,0.26695411,0.45293273,1.20159853,0.09143154,0.21789145,1.46707256,0.00911529
2.03801901,2.27717207,0.09271332,0.26976579,0.45021349,1.19089351,0.09042277,0.21700793,1.46458785,0.00905111
2.04402201,2.26706526,0.08959556,0.27169277,0.44712987,1.17866476,0.08916664,0.21605248,1.45952737,0.00899404
2.05002501,2.25410885,0.08663616,0.27268663,0.44369376,1.16497772,0.08765833,0.21502675,1.45185224,0.00894326
2.05602801,2.23819696,0.08384646,0.27271309,0.43989986,1.14990081,0.08589545,0.21393138,1.44149668,0.00889737
2.06203102,2.21922482,0.08122991,0.27175394,0.43572846,1.13351380,0.08387883,0.21276778,1.42837591,0.00885447
2.06803402,2.19710879,0.07878346,0.26980852,0.43114937,1.11591552,0.08161313,0.21153968,1.41239626,0.00881236
2.07403702,2.17180559,0.07649921,0.26689471,0.42612660,1.09723065,0.07910730,0.21025452,1.39346668,0.00876865
2.08004002,2.14332967,0.07436614,0.26304925,0.42062366,1.07761473,0.07637485,0.20892443,1.37151113,0.00872095
2.08604302,2.11176745,0.07237188,0.25832743,0.41460899,1.05725688,0.07343384,0.20756676,1.34648087,0.00866701
2.09204602,2.07728755,0.07050443,0.25280221,0.40806128,1.03638017,0.07030676,0.20620406,1.31836615,0.00860484
2.09804902,2.04014622,0.06875369,0.24656260,0.40097428,1.01523921,0.06702008,0.20486350,1.28720641,0.00853287
2.10405203,2.00068762,0.06711274,0.23971155,0.39336083,0.99411511,0.06360377,0.20357580,1.25309837,0.00845001
2.11005503,1.95933889,0.06557889,0.23236332,0.38525587,0.97330811,0.06009050,0.20237364,1.21620159,0.00835573
2.11605803,1.91660011,0.06415431,0.22464049,0.37671820,0.95312803,0.05651491,0.20128971,1.17674098,0.00825005
2.12206103,1.87302980,0.06284634,0.21667060,0.36783094,0.93388332,0.05291272,0.20035455,1.13500614,0.00813357
2.12806403,1.82922658,0.06166739,0.20858279,0.35870058,0.91586902,0.04931979,0.19959416,1.09134744,0.00800743
2.13406703,1.78580800,0.06063446,0.20050427,0.34945464,0.89935451,0.04577136,0.19902780,1.04616907,0.00787323
2.14007004,1.74338771,0.05976833,0.19255698,0.34023818,0.88457166,0.04230115,0.19866590,0.99991919,0.00773292
2.14607304,1.70255203,0.05909245,0.18485452,0.33120922,0.87170404,0.03894070,0.19850831,0.95307791,0.00758876
2.15207604,1.66383726,0.05863153,0.17749932,0.32253328,0.86087780,0.03571874,0.19854306,0.90614342,0.00744310
2.15807904,1.62770886,0.05840998,0.17058043,0.31437747,0.85215473,0.03266076,0.19874570,0.85961714,0.00729834
2.16408204,1.59454349,0.05845023,0.16417165,0.30690424,0.84552806,0.02978863,0.19907918,0.81398847,0.00715679
2.17008504,1.56461500,0.05877105,0.15833045,0.30026528,0.84092100,0.02712042,0.19949457,0.76972002,0.00702052
2.17608804,1.53808481,0.05938588,0.15309744,0.29459574,0.83818837,0.02467034,0.19993224,0.72723384,0.00689130
2.18209105,1.51499744,0.06030136,0.14849646,0.29000909,0.83712126,0.02244880,0.20032380,0.68689947,0.00677052
2.18809405,1.49528112,0.06151604,0.14453539,0.28659292,0.83745441,0.02046255,0.20059451,0.64902416,0.00665910
2.19409705,1.47875364,0.06301942,0.14120750,0.28440582,0.83887622,0.01871498,0.20066606,0.61384583,0.00655753
2.20010005,1.46513301,0.06479135,0.13849336,0.28347547,0.84104068,0.01720644,0.20045965,0.58152890,0.00646580
2.20610305,1.45405251,0.06680178,0.13636324,0.28379809,0.84358102,0.01593461,0.19989926,0.55216310,0.00638346
2.21210605,1.44507925,0.06901101,0.13477976,0.28533921,0.84612415,0.01489500,0.19891471,0.52576539,0.00630964
2.21810905,1.43773549,0.07137031,0.13370082,0.28803573,0.84830556,0.01408133,0.19744471,0.50228449,0.00624317
2.22411206,1.43152153,0.07382303,0.13308264,0.29179914,0.84978378,0.01348605,0.19543943,0.48160795,0.00618260
2.23011506,1.42593932,0.07630600,0.13288265,0.29651978,0.85025394,0.01310075,0.19286273,0.46357130,0.00612631
2.23611806,1.42051537,0.07875136,0.13306226,0.30207183,0.84945980,0.01291658,0.18969372,0.44796852,0.00607265
2.24212106,1.41482225,0.08108860,0.13358923,0.30831886,0.84720370,0.01292459,0.18592783,0.43456368,0.00601997
2.24812406,1.40849731,0.08324679,0.13443957,0.31511966,0.84335408,0.01311610,0.18157716,0.42310273,0.00596678
2.25412706,1.40125808,0.08515689,0.13559887,0.32233393,0.83785021,0.01348285,0.17667022,0.41332519,0.00591179
2.26013007,1.39291345,0.08675406,0.13706294,0.32982766,0.83070394,0.01401720,0.17125104,0.40497498,0.00585399
2.26613307,1.38337014,0.08797981,0.13883775,0.33747783,0.82199842,0.01471216,0.16537780,0.39781006,0.00579272
2.27213607,1.37263421,0.08878402,0.14093851,0.34517627,0.81188385,0.01556134,0.15912092,0.39161036,0.00572768
2.27813907,1.36080762,0.08912655,0.14338815,0.35283234,0.80057041,0.01655885,0.15256087,0.38618387,0.00565894
2.28414207,1.34807974,0.08897858,0.14621502,0.36037441,0.78831868,0.01769901,0.14578566,0.38137046,0.00558696
2.29014507,1.33471460,0.08832348,0.14944997,0.36774998,0.77542797,0.01897611,0.13888826,0.37704375,0.00551253
2.29614807,1.32103418,0.08715721,0.15312305,0.37492450,0.76222307,0.02038396,0.13196391,0.37311065,0.00543673
2.30215108,1.30739876,0.08548827,0.15725984,0.38187888,0.74903993,0.02191553,0.12510761,0.36950917,0.00536089
2.30815408,1.29418518,0.08333723,0.16187764,0.38860601,0.73621090,0.02356245,0.11841167,0.36620444,0.00528648
2.31415708,1.28176428,0.08073576,0.16698184,0.39510630,0.72405026,0.02531464,0.11196355,0.36318355,0.00521506
2.32016008,1.27047850,0.07772540,0.17256255,0.40138281,0.71284056,0.02715988,0.10584401,0.36044944,0.00514815
2.32616308,1.26062092,0.07435588,0.17859169,0.40743605,0.70282045,0.02908351,0.10012556,0.35801443,0.00508720
2.33216608,1.25241688,0.07068341,0.18502095,0.41325899,0.69417452,0.03106826,0.09487124,0.35589378,0.00503349
2.33816908,1.24600911,0.06676864,0.19178056,0.41883256,0.68702571,0.03309417,0.09013386,0.35409970,0.00498805
2.34417209,1.24144734,0.06267478,0.19877904,0.42412206,0.68143052,0.03513873,0.08595549,0.35263636,0.00495163
2.35017509,1.23868286,0.05846556,0.20590423,0.42907470,0.67737732,0.03717717,0.08236732,0.35149604,0.00492463
2.35617809,1.23756860,0.05420351,0.21302532,0.43361853,0.67478786,0.03918295,0.07938985,0.35065677,0.00490713
2.36218109,1.23786461,0.04994826,0.21999605,0.43766296,0.67352194,0.04112847,0.07703327,0.35008163,0.00489885
2.36818409,1.23924892,0.04575523,0.22665900,0.44110083,0.67338492,0.04298593,0.07529816,0.34971970,0.00489919
2.37418709,1.24133317,0.04167450,0.23285062,0.44381198,0.67413789,0.04472835,0.07417626,0.34950862,0.00490727
2.38019010,1.24368227,0.03775009,0.23840705,0.44566831,0.67550978,0.04633070,0.07365150,0.34937854,0.00492196
2.38619310,1.24583714,0.03401940,0.24317028,0.44653978,0.67721117,0.04777108,0.07370100,0.34925732,0.00494198
2.39219610,1.24733939,0.03051315,0.24699445,0.44630137,0.67894871,0.04903199,0.07429620,0.34907650,0.00496596
2.39819910,1.24775657,0.02725542,0.24975200,0.44484030,0.68043986,0.05010143,0.07540403,0.34877771,0.00499251
2.40420210,1.24670682,0.02426406,0.25133936,0.44206331,0.68142704,0.05097396,0.07698805,0.34831913,0.00502033
2.41020510,1.24388152,0.02155119,0.25168182,0.43790345,0.68169050,0.05165158,0.07900953,0.34768153,0.00504826
2.41620810,1.23906496,0.01912400,0.25073751,0.43232601,0.68105942,0.05214436,0.08142858,0.34687346,0.00507535
2.42221111,1.23214973,0.01698545,0.24850013,0.42533325,0.67942073,0.05247075,0.08420508,0.34593524,0.00510097
2.42821411,1.22314740,0.01513521,0.24500037,0.41696765,0.67672515,0.05265766,0.08729968,0.34494149,0.00512476
2.43421711,1.21219366,0.01357049,0.24030591,0.40731340,0.67299034,0.05274002,0.09067453,0.34400186,0.00514677
2.44022011,1.19954775,0.01228682,0.23452001,0.39649617,0.66830094,0.05276019,0.09429404,0.34325987,0.00516737
2.44622311,1.18558625,0.01127882,0.22777879,0.38468100,0.66280566,0.05276681,0.09812543,0.34288987,0.00518734
2.45222611,1.17079139,0.01054082,0.22024726,0.37206854,0.65671141,0.05281342,0.10213909,0.34309207,0.00520775
2.45822911,1.15573448,0.01006730,0.21211432,0.35888968,0.65027494,0.05295675,0.10630885,0.34408580,0.00522999
2.46423212,1.14105504,0.00985324,0.20358691,0.34539899,0.64379221,0.05325476,0.11061201,0.34610135,0.00525569
2.47023512,1.12743674,0.00989430,0.19488363,0.33186704,0.63758612,0.05376449,0.11502911,0.34937049,0.00528664
2.47623812,1.11558085,0.01018683,0.18622803,0.31857223,0.63199292,0.05453980,0.11954363,0.35411637,0.00532472
2.48224112,1.10617856,0.01072774,0.17784183,0.30579226,0.62734806,0.05562912,0.12414128,0.36054288,0.00537179
2.48824412,1.09988306,0.01151422,0.16993838,0.29379562,0.62397183,0.05707326,0.12880928,0.36882421,0.00542964
2.49424712,1.09728256,0.01254335,0.16271650,0.28283362,0.62215554,0.05890332,0.13353532,0.37909508,0.00549985
2.50025013,1.09887533,0.01381163,0.15635500,0.27313296,0.62214857,0.06113900,0.13830642,0.39144198,0.00558374
2.50625313,1.10504765,0.01531446,0.15100793,0.26488938,0.62414692,0.06378712,0.14310776,0.40589603,0.00568224
2.51225613,1.11605548,0.01704552,0.14680074,0.25826242,0.62828358,0.06684063,0.14792138,0.42242792,0.00579587
2.51825913,1.13201076,0.01899620,0.14382743,0.25337152,0.63462118,0.07027811,0.15272504,0.44094517,0.00592463
2.52426213,1.15287267,0.02115510,0.14214872,0.25029352,0.64314708,0.07406377,0.15749114,0.46129212,0.00606800
2.53026513,1.17844451,0.02350750,0.14179120,0.24906164,0.65377126,0.07814806,0.16218591,0.48325277,0.00622490
2.53626813,1.20837614,0.02603501,0.14274754,0.24966597,0.66632695,0.08246881,0.16676888,0.50655661,0.00639368
2.54227114,1.24217236,0.02871534,0.14497760,0.25205536,0.68057423,0.08695295,0.17119270,0.53088723,0.00657216
2.54827414,1.27920669,0.03152216,0.14841046,0.25614064,0.69620634,0.09151872,0.17540350,0.55589376,0.00675768
2.55427714,1.31874044,0.03442520,0.15294722,0.26179912,0.71285861,0.09607834,0.17934155,0.58120446,0.00694715
2.56028014,1.35994646,0.03739055,0.15846445,0.26888016,0.73011981,0.10054103,0.18294253,0.60644232,0.00713717
2.56628314,1.40193661,0.04038105,0.16481837,0.27721153,0.74754536,0.10481627,0.18613913,0.63124182,0.00732411
2.57228614,1.44379218,0.04335697,0.17184930,0.28660655,0.76467213,0.10881720,0.18886314,0.65526616,0.00750429
2.57828914,1.48459609,0.04627680,0.17938659,0.29687152,0.78103421,0.11246392,0.19104778,0.67822425,0.00767404
2.58429215,1.52346552,0.04909822,0.18725366,0.30781335,0.79617898,0.11568678,0.19263022,0.69988659,0.00782992
2.59029515,1.55958386,0.05177915,0.19527313,0.31924698,0.80968304,0.11842917,0.19355425,0.72009904,0.00796879
2.59629815,1.59223033,0.05427890,0.20327181,0.33100233,0.82116715,0.12065004,0.19377280,0.73879383,0.00808800
2.60230115,1.62080634,0.05655932,0.21108552,0.34293047,0.83030968,0.12232576,0.19325031,0.75599701,0.00818546
2.60830415,1.64485701,0.05858594,0.21856334,0.35490870,0.83685793,0.12345137,0.19196472,0.77183171,0.00825978
2.61430715,1.66408703,0.06032905,0.22557152,0.36684431,0.84063691,0.12404103,0.18990905,0.78651672,0.00831029
2.62031016,1.67836997,0.06176459,0.23199649,0.37867675,0.84155496,0.12412782,0.18709238,0.80036033,0.00833711
2.62631316,1.68775044,0.06287494,0.23774727,0.39037805,0.83960623,0.12376261,0.18354018,0.81374914,0.00834114
2.63231616,1.69243893,0.06364941,0.24275682,0.40195149,0.83486967,0.12301228,0.17929409,0.82713241,0.00832405
2.63831916,1.69279935,0.06408456,0.24698254,0.41342833,0.82750459,0.12195725,0.17441090,0.84100210,0.00828819
2.64432216,1.68932977,0.06418419,0.25040585,0.42486290,0.81774312,0.12068833,0.16896099,0.85586955,0.00823648
2.65032516,1.68263718,0.06395911,0.25303067,0.43632603,0.80587964,0.11930316,0.16302625,0.87223973,0.00817234
2.65632816,1.67340720,0.06342659,0.25488122,0.44789732,0.79225791,0.11790232,0.15669743,0.89058400,0.00809948
2.66233117,1.66237036,0.06260963,0.25599893,0.45965636,0.77725628,0.11658522,0.15007132,0.91131282,0.00802177
2.66833417,1.65026622,0.06153596,0.25643881,0.47167361,0.76127178,0.11544603,0.14324760,0.93474960,0.00794304
2.67433717,1.63780728,0.06023694,0.25626531,0.48400126,0.74470371,0.11456978,0.13632575,0.96110708,0.00786695
2.68034017,1.62564423,0.05874632,0.25554811,0.49666458,0.72793754,0.11402875,0.12940198,0.99046746,0.00779675
2.68634317,1.61433427,0.05709897,0.25435774,0.50965444,0.71132976,0.11387941,0.12256642,1.02276737,0.00773521
2.69234617,1.60431399,0.05532962,0.25276154,0.52292128,0.69519444,0.11415993,0.11590070,1.05778867,0.00768444
2.69834917,1.59587825,0.05347168,0.25082002,0.53637107,0.67979196,0.11488843,0.10947586,1.09515576,0.00764581
2.70435218,1.58916590,0.05155618,0.24858382,0.54986362,0.66532040,0.11606204,0.10335086,1.13433970,0.00761990
2.71035518,1.58415312,0.04961091,0.24609147,0.56321325,0.65190996,0.11765680,0.09757161,1.17466927,0.00760643
2.71635818,1.58065466,0.04765977,0.24336800,0.57619214,0.63962051,0.11962835,0.09217048,1.21534861,0.00760431
2.72236118,1.57833280,0.04572231,0.24042446,0.58853608,0.62844234,0.12191353,0.08716646,1.25548095,0.00761170
2.72836418,1.57671360,0.04381358,0.23725840,0.59995257,0.61829987,0.12443263,0.08256574,1.29409730,0.00762603
2.73436718,1.57520946,0.04194417,0.23385515,0.61013076,0.60905818,0.12709233,0.07836269,1.33018909,0.00764418
2.74037019,1.57314696,0.04012047,0.23018994,0.61875289,0.60053190,0.12978919,0.07454130,1.36274327,0.00766258
2.74637319,1.56979840,0.03834512,0.22623052,0.62550664,0.59249586,0.13241344,0.07107678,1.39077827,0.00767736
2.75237619,1.56441550,0.03661766,0.22194033,0.63009775,0.58469716,0.13485307,0.06793737,1.41337937,0.00768454
2.75837919,1.55626372,0.03493519,0.21728177,0.63226228,0.57686784,0.13699786,0.06508630,1.42973173,0.00768019
2.76438219,1.54465534,0.03329316,0.21221956,0.63177794,0.56873768,0.13874340,0.06248363,1.43914976,0.00766058
2.77038519,1.52897996,0.03168616,0.20672394,0.62847393,0.56004651,0.13999474,0.06008812,1.44110151,0.00762232
2.77638819,1.50873099,0.03010864,0.20077343,0.62223870,0.55055550,0.14066965,0.05785888,1.43522702,0.00756254
2.78239120,1.48352706,0.02855561,0.19435714,0.61302549,0.54005701,0.14070127,0.05575689,1.42135003,0.00747897
2.78839420,1.45312754,0.02702320,0.18747643,0.60085518,0.52838263,0.14004021,0.05374626,1.39948251,0.00737002
2.79439720,1.41744178,0.02550912,0.18014589,0.58581650,0.51540915,0.13865587,0.05179521,1.36982221,0.00723486
2.80040020,1.37653188,0.02401293,0.17239356,0.56806371,0.50106245,0.13653701,0.04987689,1.33274338,0.00707341
2.80640320,1.33060924,0.02253629,0.16426048,0.54781172,0.48531907,0.13369165,0.04796979,1.28878133,0.00688639
2.81240620,1.28002534,0.02108293,0.15579960,0.52532919,0.46820577,0.13014622,0.04605806,1.23861181,0.00667529
2.81840920,1.22525764,0.01965858,0.14707411,0.50092987,0.44979714,0.12594410,0.04413152,1.18302625,0.00644226
2.82441221,1.16689130,0.01827084,0.13815534,0.47496264,0.43021152,0.12114364,0.04218550,1.12290411,0.00619012
2.83041521,1.10559801,0.01692881,0.12912041,0.44780086,0.40960551,0.11581574,0.04022051,1.05918367,0.00592224
2.83641821,1.04211290,0.01564287,0.12004960,0.41983136,0.38816753,0.11004111,0.03824178,0.99283257,0.00564242
2.84242121,0.97721072,0.01442424,0.11102386,0.39144363,0.36611055,0.10390740,0.03625871,0.92481927,0.00535484
2.84842421,0.91168224,0.01328465,0.10212224,0.36301972,0.34366462,0.09750630,0.03428425,0.85608664,0.00506390
2.85442721,0.84631189,0.01223596,0.09341971,0.33492501,0.32106928,0.09093061,0.03233419,0.78752836,0.00477417
2.86043022,0.78185735,0.01128979,0.08498513,0.30750029,0.29856628,0.08427165,0.03042652,0.71996913,0.00449020
2.86643322,0.71903168,0.01045724,0.07687973,0.28105523,0.27639282,0.07761683,0.02858071,0.65414886,0.00421651
2.87243622,0.65848850,0.00974855,0.06915586,0.25586342,0.25477546,0.07104762,0.02681705,0.59071125,0.00395745
2.87843922,0.60081021,0.00917288,0.06185627,0.23215892,0.23392496,0.06463786,0.02515598,0.53019668,0.00371709
2.88444222,0.54649960,0.00873810,0.05501373,0.21013424,0.21403197,0.05845261,0.02361754,0.47303932,0.00349920
2.89044522,0.49597457,0.00845058,0.04865108,0.18993980,0.19526382,0.05254727,0.02222079,0.41956801,0.00330713
2.89644822,0.44956571,0.00831503,0.04278161,0.17168442,0.17776218,0.04696723,0.02098334,0.37001046,0.00314378
2.90245123,0.40751667,0.00833437,0.03740971,0.15543690,0.16164176,0.04174784,0.01992094,0.32450029,0.00301151
2.90845423,0.36998665,0.00850959,0.03253174,0.14122839,0.14698984,0.03691476,0.01904709,0.28308617,0.00291214
2.91445723,0.33705490,0.00883966,0.02813715,0.12905529,0.13386663,0.03248457,0.01837283,0.24574256,0.00284687
2.92046023,0.30872670,0.00932143,0.02420957,0.11888270,0.12230632,0.02846561,0.01790653,0.21238139,0.00281630
2.92646323,0.28494052,0.00994955,0.02072804,0.11064795,0.11231873,0.02485902,0.01765378,0.18286411,0.00282035
2.93246623,0.26557592,0.01071643,0.01766825,0.10426444,0.10389146,0.02165984,0.01761741,0.15701374,0.00285832
2.93846923,0.25046220,0.01161227,0.01500366,0.09962542,0.09699241,0.01885819,0.01779757,0.13462630,0.00292884
2.94447224,0.23938717,0.01262503,0.01270660,0.09660787,0.09157263,0.01644047,0.01819193,0.11548159,0.00302992
2.95047524,0.23210624,0.01374062,0.01074926,0.09507617,0.08756936,0.01439050,0.01879599,0.09935275,0.00315900
2.95647824,0.22835142,0.01494302,0.00910452,0.09488594,0.08490918,0.01269056,0.01960345,0.08601473,0.00331293
2.96248124,0.22784021,0.01621455,0.00774674,0.09588763,0.08351121,0.01132231,0.02060668,0.07525138,0.00348810
2.96848424,0.23028430,0.01753620,0.00665230,0.09793018,0.08329029,0.01026767,0.02179731,0.06686116,0.00368052
2.97448724,0.23539788,0.01888805,0.00580011,0.10086461,0.08416004,0.00950941,0.02316683,0.06066155,0.00388586
2.98049025,0.24290554,0.02024982,0.00517192,0.10454750,0.08603568,0.00903168,0.02470722,0.05649220,0.00409961
2.98649325,0.25254954,0.02160137,0.00475258,0.10884443,0.08883672,0.00882032,0.02641164,0.05421671,0.00431718
2.99249625,0.26409634,0.02292336,0.00453010,0.11363327,0.09248919,0.00886305,0.02827504,0.05372346,0.00453403
2.99849925,0.27734222,0.02419791,0.00449571,0.11880716,0.09692750,0.00914947,0.03029479,0.05492528,0.00474582
3.00450225,0.29211777,0.02540922,0.00464374,0.12427730,0.10209588,0.00967093,0.03247108,0.05775828,0.00494850
3.01050525,0.30829107,0.02654425,0.00497146,0.12997520,0.10794921,0.01042024,0.03480736,0.06217983,0.00513846
3.01650825,0.32576943,0.02759324,0.00547887,0.13585446,0.11445331,0.01139131,0.03731045,0.06816593,0.00531263
3.02251126,0.34449948,0.02855019,0.00616836,0.14189184,0.12158465,0.01257868,0.03999057,0.07570803,0.00546861
3.02851426,0.36446551,0.02941322,0.00704437,0.14808753,0.12932933,0.01397693,0.04286109,0.08480941,0.00560467
3.03451726,0.38568616,0.03018476,0.00811297,0.15446471,0.13768165,0.01558014,0.04593803,0.09548136,0.00571986
3.04052026,0.40820928,0.03087162,0.00938146,0.16106800,0.14664195,0.01738128,0.04923942,0.10773928,0.00581400
3.04652326,0.43210534,0.03148479,0.01085784,0.16796118,0.15621410,0.01937164,0.05278431,0.12159882,0.00588769
3.05252626,0.45745943,0.03203919,0.01255041,0.17522393,0.16640263,0.02154028,0.05659167,0.13707233,0.00594223
3.05852926,0.48436237,0.03255313,0.01446724,0.18294784,0.17720963,0.02387360,0.06067915,0.15416569,0.00597960
3.06453227,0.51290112,0.03304776,0.01661575,0.19123170,0.18863162,0.02635501,0.06506164,0.17287583,0.00600235
3.07053527,0.54314925,0.03354625,0.01900231,0.20017645,0.20065657,0.02896474,0.06974993,0.19318897,0.00601347
3.07653827,0.57515772,0.03407302,0.02163184,0.20987980,0.21326122,0.03167979,0.07474930,0.21507979,0.00601631
3.08254127,0.60894673,0.03465287,0.02450754,0.22043092,0.22640897,0.03447408,0.08005827,0.23851174,0.00601442
3.08854427,0.64449908,0.03531012,0.02763070,0.23190548,0.24004834,0.03731874,0.08566758,0.26343827,0.00601144
3.09454727,0.68175544,0.03606786,0.03100056,0.24436118,0.25411235,0.04018263,0.09155939,0.28980542,0.00601095
3.10055028,0.72061207,0.03694722,0.03461435,0.25783422,0.26851866,0.04303299,0.09770685,0.31755523,0.00601638
3.10655328,0.76092104,0.03796681,0.03846732,0.27233674,0.28317084,0.04583625,0.10407405,0.34663027,0.00603094
3.11255628,0.80249325,0.03914240,0.04255302,0.28785555,0.29796036,0.04855896,0.11061638,0.37697877,0.00605750
3.11855928,0.84510397,0.04048659,0.04686354,0.30435213,0.31276961,0.05116877,0.11728135,0.40856027,0.00609858
3.12456228,0.88850087,0.04200889,0.05138988,0.32176400,0.32747553,0.05363550,0.12400974,0.44135118,0.00615630
3.13056528,0.93241389,0.04371578,0.05612234,0.34000731,0.34195389,0.05593212,0.13073728,0.47535018,0.00623241
3.13656828,0.97656654,0.04561104,0.06105094,0.35898062,0.35608381,0.05803577,0.13739646,0.51058253,0.00632829
3.14257129,1.02068784,0.04769611,0.06616581,0.37856948,0.36975231,0.05992851,0.14391869,0.54710327,0.00644497
3.14857429,1.06452409,0.04997058,0.07145744,0.39865166,0.38285873,0.06159809,0.15023653,0.58499844,0.00658319
3.15457729,1.10784974,0.05243260,0.07691694,0.41910256,0.39531858,0.06303833,0.15628594,0.62438414,0.00674344
3.16058029,1.15047635,0.05507934,0.08253606,0.43980058,0.40706654,0.06424939,0.16200841,0.66540297,0.00692602
3.16658329,1.19225917,0.05790727,0.08830708,0.46063185,0.41805864,0.06523773,0.16735286,0.70821766,0.00713102
3.17258629,1.23310051,0.06091234,0.09422253,0.48149423,0.42827311,0.06601577,0.17227723,0.75300184,0.00735842
3.17858929,1.27294968,0.06408994,0.10027471,0.50230009,0.43771005,0.06660136,0.17674960,0.79992800,0.00760803
3.18459230,1.31179921,0.06743467,0.10645505,0.52297778,0.44638984,0.06701693,0.18074885,0.84915310,0.00787950
3.19059530,1.34967756,0.07093986,0.11275340,0.54347165,0.45435029,0.06728847,0.18426484,0.90080215,0.00817228
3.19659830,1.38663861,0.07459701,0.11915715,0.56374060,0.46164279,0.06744437,0.18729799,0.95495082,0.00848560
3.20260130,1.42274863,0.07839488,0.12565047,0.58375528,0.46832763,0.06751407,0.18985845,1.01160759,0.00881835
3.20860430,1.45807156,0.08231869,0.13221355,0.60349420,0.47446883,0.06752677,0.19196479,1.07069689,0.00916908
3.21460730,1.49265364,0.08634909,0.13882207,0.62293915,0.48012882,0.06751009,0.19364242,1.13204411,0.00953589
3.22061031,1.52650863,0.09046132,0.14544686,0.64207008,0.48536329,0.06748889,0.19492172,1.19536381,0.00991639
3.22661331,1.55960467,0.09462445,0.15205400,0.66086021,0.49021673,0.06748421,0.19583619,1.26025208,0.01030765
3.23261631,1.59185406,0.09880081,0.15860524,0.67927161,0.49471882,0.06751244,0.19642053,1.32618418,0.01070621
3.23861931,1.62310690,0.10294582,0.16505887,0.69725170,0.49888210,0.06758481,0.19670898,1.39251810,0.01110808
3.24462231,1.65314928,0.10700805,0.17137105,0.71473116,0.50270108,0.06770712,0.19673391,1.45850453,0.01150879
3.25062531,1.68170659,0.11092981,0.17749757,0.73162327,0.50615291,0.06787984,0.19652476,1.52330334,0.01190348
3.25662831,1.70845199,0.11464811,0.18339592,0.74782508,0.50919957,0.06809853,0.19610742,1.58600628,0.01228704
3.26263132,1.73301979,0.11809606,0.18902765,0.76322024,0.51179154,0.06835453,0.19550405,1.64566524,0.01265426
3.26863432,1.75502311,0.12120461,0.19436085,0.77768335,0.51387271,0.06863598,0.19473333,1.70132492,0.01300001
3.27463732,1.77407477,0.12390466,0.19937252,0.79108565,0.51538614,0.06892900,0.19381107,1.75205854,0.01331944
3.28064032,1.78981028,0.12612940,0.20405080,0.80330150,0.51628036,0.06921903,0.19275109,1.79700494,0.01360819
3.28664332,1.80191128,0.12781667,0.20839676,0.81421532,0.51651569,0.06949224,0.19156633,1.83540498,0.01386258
3.29264632,1.81012795,0.12891142,0.21242564,0.82372831,0.51607015,0.06973698,0.19026999,1.86663550,0.01407981
3.29864932,1.81429882,0.12936797,0.21616730,0.83176452,0.51494447,0.06994498,0.18887661,1.89023872,0.01425807
3.30465233,1.81436652,0.12915201,0.21966592,0.83827577,0.51316582,0.07011257,0.18740298,1.90594548,0.01439669
3.31065533,1.81038821,0.12824225,0.22297878,0.84324485,0.51078987,0.07024150,0.18586876,1.91369078,0.01449614
3.31665833,1.80253989,0.12663157,0.22617407,0.84668692,0.50790106,0.07033946,0.18429673,1.91362055,0.01455805
3.32266133,1.79111405,0.12432766,0.22932791,0.84864883,0.50461083,0.07042031,0.18271270,1.90608907,0.01458513
3.32866433,1.77651062,0.12135307,0.23252058,0.84920632,0.50105398,0.07050388,0.18114491,1.89164701,0.01458104
3.33466733,1.75922160,0.11774469,0.23583221,0.84845946,0.49738323,0.07061533,0.17962317,1.87102044,0.01455024
3.34067034,1.73981022,0.11355266,0.23933805,0.84652637,0.49376235,0.07078426,0.17817758,1.84508198,0.01449771
3.34667334,1.71888587,0.10883881,0.24310375,0.84353595,0.49035819,0.07104334,0.17683711,1.81481529,0.01442875
3.35267634,1.69707616,0.10367471,0.24718073,0.83961993,0.48733213,0.07142678,0.17562803,1.78127492,0.01434866
3.35867934,1.67499801,0.09813934,0.25160205,0.83490497,0.48483149,0.07196853,0.17457242,1.74554353,0.01426251
3.36468234,1.65322933,0.09231662,0.25637908,0.82950529,0.48298141,0.07270037,0.17368678,1.70868869,0.01417488
3.37068534,1.63228317,0.08629289,0.26149909,0.82351657,0.48187774,0.07364998,0.17298099,1.67172151,0.01408960
3.37668834,1.61258577,0.08015436,0.26692405,0.81701129,0.48158143,0.07483914,0.17245765,1.63555918,0.01400961
3.38269135,1.59446003,0.07398479,0.27259074,0.81003618,0.48211476,0.07628201,0.17211188,1.60099329,0.01393683
3.38869435,1.57811511,0.06786339,0.27841222,0.80261179,0.48345967,0.07798378,0.17193170,1.56866532,0.01387212
3.39469735,1.56364293,0.06186304,0.28428059,0.79473427,0.48555835,0.07993960,0.17189895,1.53905057,0.01381527
3.40070035,1.55102166,0.05604887,0.29007102,0.78637931,0.48831609,0.08213399,0.17199071,1.51245074,0.01376511
3.40670335,1.54012585,0.05047733,0.29564684,0.77750793,0.49160620,0.08454067,0.17218123,1.48899552,0.01371967
3.41270635,1.53074256,0.04519555,0.30086535,0.76807369,0.49527676,0.08712290,0.17244426,1.46865266,0.01367636
3.41870935,1.52259250,0.04024120,0.30558422,0.75803093,0.49915887,0.08983436,0.17275562,1.45124549,0.01363227
3.42471236,1.51535470,0.03564268,0.30966801,0.74734341,0.50307588,0.09262036,0.17309590,1.43647683,0.01358444
3.43071536,1.50869347,0.03141960,0.31299456,0.73599278,0.50685303,0.09541968,0.17345321,1.42395761,0.01353017
3.43671836,1.50228577,0.02758354,0.31546085,0.72398628,0.51032721,0.09816653,0.17382570,1.41323853,0.01346733
3.44272136,1.49584765,0.02413900,0.31698804,0.71136329,0.51335594,0.10079299,0.17422384,1.40384282,0.01339466
3.44872436,1.48915820,0.02108451,0.31752555,0.69820006,0.51582547,0.10323140,0.17467227,1.39529849,0.01331203
3.45472736,1.48207966,0.01841370,0.31705376,0.68461256,0.51765733,0.10541696,0.17521113,1.38716827,0.01322066
3.46073037,1.47457283,0.01611646,0.31558538,0.67075706,0.51881311,0.10729016,0.17589676,1.37907582,0.01312326
3.46673337,1.46670687,0.01418003,0.31316537,0.65682842,0.51929725,0.10879906,0.17680183,1.37072713,0.01302415
3.47273637,1.45866323,0.01258995,0.30986951,0.64305628,0.51915774,0.10990123,0.17801470,1.36192612,0.01292925
3.47873937,1.45073351,0.01133092,0.30580155,0.62969908,0.51848474,0.11056537,0.17963823,1.35258419,0.01284603
3.48474237,1.44331171,0.01038746,0.30108935,0.61703656,0.51740727,0.11077246,0.18178788,1.34272333,0.01278339
3.49074537,1.43688112,0.00974447,0.29588005,0.60536075,0.51608814,0.11051636,0.18458935,1.33247330,0.01275141
3.49674837,1.43199692,0.00938752,0.29033456,0.59496611,0.51471757,0.10980395,0.18817565,1.32206315,0.01276113
3.50275138,1.42926524,0.00930307,0.28462179,0.58613929,0.51350567,0.10865474,0.19268389,1.31180801,0.01282418
3.50875438,1.42931986,0.00947845,0.27891267,0.57914881,0.51267437,0.10709996,0.19825174,1.30209210,0.01295240
3.51475738,1.43279766,0.00990172,0.27337449,0.57423527,0.51244905,0.10518129,0.20501373,1.29334899,0.01315746
3.52076038,1.44031397,0.01056148,0.26816558,0.57160237,0.51305038,0.10294918,0.21309753,1.28604034,0.01345039
3.52676338,1.45243887,0.01144649,0.26343072,0.57140923,0.51468672,0.10046093,0.22262028,1.28063413,0.01384117
3.53276638,1.46967532,0.01254527,0.25929733,0.57376413,0.51754727,0.09777864,0.23368501,1.27758366,0.01433826
3.53876938,1.49244013,0.01384571,0.25587255,0.57871993,0.52179638,0.09496700,0.24637739,1.27730806,0.01494827
3.54477239,1.52104821,0.01533465,0.25324132,0.58627138,0.52756903,0.09209127,0.26076267,1.28017526,0.01567553
3.55077539,1.55570057,0.01699743,0.25146538,0.59635424,0.53496759,0.08921522,0.27688310,1.28648799,0.01652183
3.55677839,1.59647646,0.01881766,0.25058319,0.60884630,0.54405996,0.08639943,0.29475568,1.29647329,0.01748617
3.56278139,1.64332962,0.02077691,0.25061064,0.62357021,0.55487885,0.08369973,0.31437043,1.31027576,0.01856460
3.56878439,1.69608852,0.02285459,0.25154242,0.64029793,0.56742220,0.08116606,0.33568906,1.32795454,0.01975014
3.57478739,1.75446041,0.02502798,0.25335389,0.65875677,0.58165448,0.07884159,0.35864423,1.34948405,0.02103284
3.58079040,1.81803881,0.02727234,0.25600338,0.67863668,0.59750871,0.07676219,0.38313923,1.37475811,0.02239989
3.58679340,1.88631392,0.02956118,0.25943453,0.69959875,0.61488889,0.07495628,0.40904819,1.40359705,0.02383583
3.59279640,1.95868542,0.03186668,0.26357888,0.72128444,0.63367277,0.07344490,0.43621680,1.43575733,0.02532287
3.59879940,2.03447709,0.03416022,0.26835818,0.74332552,0.65371454,0.07224209,0.46446349,1.47094305,0.02684130
3.60480240,2.11295265,0.03641300,0.27368665,0.76535424,0.67484754,0.07135546,0.49358108,1.50881864,0.02836998
3.61080540,2.19333207,0.03859683,0.27947294,0.78701364,0.69688657,0.07078691,0.52333884,1.54902217,0.02988683
3.61680840,2.27480802,0.04068482,0.28562177,0.80796746,0.71963000,0.07053347,0.55348505,1.59117838,0.03136945
3.62281141,2.35656163,0.04265226,0.29203530,0.82790961,0.74286151,0.07058811,0.58374984,1.63491092,0.03279569
3.62881441,2.43777728,0.04447735,0.29861421,0.84657266,0.76635145,0.07094067,0.61384848,1.67985294,0.03414426
3.63481741,2.51765587,0.04614194,0.30525852,0.86373522,0.78985813,0.07157859,0.64348491,1.72565572,0.03539530
3.64082041,2.59542636,0.04763213,0.31186829,0.87922787,0.81312888,0.07248771,0.67235561,1.77199458,0.03653088
3.64682341,2.67035523,0.04893880,0.31834419,0.89293737,0.83590123,0.07365279,0.70015370,1.81857195,0.03753550
3.65282641,2.74175385,0.05005794,0.32458800,0.90480900,0.85790433,0.07505808,0.72657320,1.86511727,0.03839644
3.65882941,2.80898374,0.05099074,0.33050333,0.91484683,0.87886069,0.07668758,0.75131345,1.91138372,0.03910403
3.66483242,2.87145964,0.05174361,0.33599624,0.92311188,0.89848851,0.07852527,0.77408363,1.95714209,0.03965184
3.67083542,2.92865090,0.05232787,0.34097627,0.92971815,0.91650463,0.08055518,0.79460731,2.00217201,0.04003673
3.67683842,2.98008114,0.05275929,0.34535746,0.93482655,0.93262819,0.08276128,0.81262687,2.04625122,0.04025875
3.68284142,3.02532685,0.05305745,0.34905976,0.93863700,0.94658500,0.08512731,0.82790792,2.08914360,0.04032105
3.68884442,3.06401506,0.05324487,0.35201046,0.94137891,0.95811263,0.08763653,0.84024346,2.13058690,0.04022954
3.69484742,3.09582075,0.05334606,0.35414592,0.94330033,0.96696608,0.09027133,0.84945774,2.17028113,0.03999260
3.70085043,3.12046429,0.05338646,0.35541326,0.94465630,0.97292378,0.09301286,0.85540980,2.20787861,0.03962064
3.70685343,3.13770938,0.05339128,0.35577208,0.94569680,0.97579395,0.09584061,0.85799658,2.24297674,0.03912565
3.71285643,3.14736185,0.05338440,0.35519612,0.94665483,0.97542074,0.09873199,0.85715536,2.27511435,0.03852071
3.71885943,3.14926957,0.05338727,0.35367469,0.94773518,0.97169014,0.10166198,0.85286578,2.30377231,0.03781953
3.72486243,3.14332360,0.05341790,0.35121384,0.94910438,0.96453525,0.10460282,0.84515098,2.32837894,0.03703599
3.73086543,3.12946072,0.05348999,0.34783712,0.95088231,0.95394066,0.10752374,0.83407811,2.34832031,0.03618372
3.73686843,3.10766717,0.05361228,0.34358596,0.95313591,0.93994560,0.11039097,0.81975799,2.36295542,0.03527572
3.74287144,3.07798342,0.05378809,0.33851948,0.95587531,0.92264586,0.11316767,0.80234395,2.37163569,0.03432411
3.74887444,3.04050968,0.05401504,0.33271386,0.95905257,0.90219405,0.11581419,0.78202978,2.37372796,0.03333985
3.75487744,2.99541169,0.05428510,0.32626112,0.96256317,0.87879829,0.11828846,0.75904694,2.36863999,0.03233265
3.76088044,2.94292629,0.05458488,0.31926742,0.96625017,0.85271927,0.12054651,0.73366087,2.35584712,0.03131089
3.76688344,2.88336624,0.05489611,0.31185083,0.96991085,0.82426564,0.12254323,0.70616661,2.33491872,0.03028163
3.77288644,2.81712384,0.05519639,0.30413877,0.97330557,0.79378795,0.12423327,0.67688375,2.30554271,0.02925069
3.77888944,2.74467258,0.05546013,0.29626502,0.97616836,0.76167124,0.12557214,0.64615081,2.26754705,0.02822277
3.78489245,2.66656662,0.05565960,0.28836648,0.97821877,0.72832656,0.12651732,0.61431918,2.22091660,0.02720163
3.79089545,2.58343765,0.05576613,0.28057977,0.97917434,0.69418164,0.12702957,0.58174677,2.16580435,0.02619029
3.79689845,2.49598880,0.05575133,0.27303773,0.97876305,0.65967109,0.12707423,0.54879150,2.10253631,0.02519120
3.80290145,2.40498570,0.05558831,0.26586591,0.97673516,0.62522631,0.12662244,0.51580480,2.03160960,0.02420647
3.80890445,2.31124457,0.05525283,0.25917921,0.97287386,0.59126561,0.12565237,0.48312526,1.95368361,0.02323804
3.81490745,2.21561777,0.05472434,0.25307862,0.96700406,0.55818468,0.12415023,0.45107266,1.86956474,0.02228786
3.82091046,2.11897710,0.05398691,0.24764832,0.95899908,0.52634779,0.12211114,0.41994244,1.78018524,0.02135795
3.82691346,2.02219538,0.05302986,0.24295307,0.94878481,0.49608002,0.11953972,0.39000081,1.68657732,0.02045053
3.83291646,1.92612708,0.05184826,0.23903608,0.93634128,0.46766053,0.11645040,0.36148060,1.58984359,0.01956802
3.83891946,1.83158870,0.05044316,0.23591737,0.92170153,0.44131739,0.11286739,0.33457800,1.49112543,0.01871307
3.84492246,1.73933963,0.04882154,0.23359274,0.90494810,0.41722370,0.10882438,0.30945016,1.39157064,0.01788846
3.85092546,1.65006447,0.04699611,0.23203330,0.88620728,0.39549543,0.10436384,0.28621388,1.29230182,0.01709706
3.85692846,1.56435744,0.04498478,0.23118581,0.86564165,0.37619077,0.09953607,0.26494517,1.19438693,0.01634167
3.86293147,1.48270955,0.04281002,0.23097363,0.84344140,0.35931111,0.09439796,0.24567996,1.09881310,0.01562497
3.86893447,1.40549930,0.04049808,0.23129851,0.81981501,0.34480347,0.08901154,0.22841561,1.00646473,0.01494931
3.87493747,1.33298708,0.03807800,0.23204303,0.79497982,0.33256442,0.08344237,0.21311344,0.91810649,0.01431661
3.88094047,1.26531377,0.03558067,0.23307378,0.76915312,0.32244517,0.07775783,0.19970195,0.83437167,0.01372828
3.88694347,1.20250337,0.03303783,0.23424518,0.74254433,0.31425776,0.07202543,0.18808082,0.75575604,0.01318506
3.89294647,1.14446973,0.03048106,0.23540379,0.71534846,0.30778212,0.06631117,0.17812540,0.68261691,0.01268697
3.89894947,1.09102702,0.02794090,0.23639306,0.68774146,0.30277375,0.06067800,0.16969160,0.61517722,0.01223331
3.90495248,1.04190341,0.02544602,0.23705831,0.65987733,0.29897177,0.05518450,0.16262108,0.55353399,0.01182260
3.91095548,0.99675744,0.02302257,0.23725176,0.63188722,0.29610711,0.04988377,0.15674653,0.49767042,0.01145267
3.91695848,0.95519637,0.02069363,0.23683750,0.60388037,0.29391062,0.04482264,0.15189690,0.44747092,0.01112071
3.92296148,0.91679576,0.01847885,0.23569605,0.57594659,0.29212079,0.04004112,0.14790251,0.40273814,0.01082337
3.92896448,0.88111938,0.01639424,0.23372848,0.54816005,0.29049094,0.03557213,0.14459978,0.36321138,0.01055692
3.93496748,0.84773892,0.01445211,0.23085983,0.52058406,0.28879571,0.03144160,0.14183569,0.32858546,0.01031741
3.94097049,0.81625259,0.01266116,0.22704167,0.49327619,0.28683661,0.02766872,0.13947167,0.29852938,0.01010085
3.94697349,0.78630203,0.01102670,0.22225373,0.46629358,0.28444663,0.02426650,0.13738700,0.27270436,0.00990344
3.95297649,0.75758714,0.00955094,0.21650461,0.43969791,0.28149377,0.02124248,0.13548162,0.25078055,0.00972170
3.95897949,0.72987836,0.00823341,0.20983133,0.41355967,0.27788346,0.01859956,0.13367837,0.23245226,0.00955278
3.96498249,0.70302604,0.00707136,0.20229802,0.38796159,0.27355995,0.01633696,0.13192460,0.21745134,0.00939456
3.97098549,0.67696708,0.00606028,0.19399362,0.36300089,0.26850661,0.01445114,0.13019316,0.20555854,0.00924591
3.97698849,0.65172856,0.00519436,0.18502886,0.33879039,0.26274530,0.01293675,0.12848286,0.19661286,0.00910678
3.98299150,0.62742851,0.00446691,0.17553253,0.31545842,0.25633483,0.01178753,0.12681831,0.19051870,0.00897839
3.98899450,0.60427416,0.00387086,0.16564739,0.29314760,0.24936871,0.01099708,0.12524924,0.18725093,0.00886333
3.99499750,0.58255769,0.00339910,0.15552571,0.27201261,0.24197218,0.01055949,0.12384931,0.18685785,0.00876560
4.00100050,0.56264984,0.00304481,0.14532483,0.25221721,0.23429873,0.01046984,0.12271438,0.18946200,0.00869064
4.00700350,0.54499166,0.00280173,0.13520276,0.23393063,0.22652625,0.01072456,0.12196032,0.19525897,0.00864537
4.01300650,0.53008460,0.00266435,0.12531401,0.21732351,0.21885273,0.01132154,0.12172037,0.20451405,0.00863808
4.01900950,0.51847917,0.00262803,0.11580593,0.20256373,0.21149185,0.01226018,0.12214195,0.21755689,0.00867833
4.02501251,0.51076244,0.00268910,0.10681536,0.18981218,0.20466825,0.01354113,0.12338314,0.23477392,0.00877685
4.03101551,0.50754439,0.00284477,0.09846599,0.17921869,0.19861279,0.01516608,0.12560867,0.25659882,0.00894529
4.03701851,0.50944345,0.00309316,0.09086621,0.17091811,0.19355768,0.01713726,0.12898546,0.28350075,0.00919599
4.04302151,0.51707116,0.00343312,0.08410750,0.16502681,0.18973153,0.01945690,0.13367789,0.31597055,0.00954172
4.04902451,0.53101617,0.00386408,0.07826347,0.16163943,0.18735441,0.02212670,0.13984273,0.35450504,0.00999532
4.05502751,0.55182768,0.00438584,0.07338925,0.16082600,0.18663288,0.02514713,0.14762379,0.39958932,0.01056936
4.06103052,0.57999848,0.00499836,0.06952144,0.16262942,0.18775504,0.02851679,0.15714652,0.45167763,0.01127574
4.06703352,0.61594780,0.00570145,0.06667832,0.16706326,0.19088571,0.03223180,0.16851254,0.51117280,0.01212526
4.07303652,0.66000421,0.00649457,0.06486038,0.17410982,0.19616162,0.03628523,0.18179431,0.57840492,0.01312722
4.07903952,0.71238895,0.00737649,0.06405108,0.18371859,0.20368690,0.04066653,0.19703014,0.65360960,0.01428896
4.08504252,0.77320008,0.00834508,0.06421775,0.19580496,0.21352882,0.04536115,0.21421963,0.73690657,0.01561548
4.09104552,0.84239784,0.00939700,0.06531271,0.21024933,0.22571388,0.05035022,0.23331984,0.82827920,0.01710898
4.09704852,0.91979188,0.01052752,0.06727441,0.22689664,0.24022453,0.05561027,0.25424222,0.92755581,0.01876856
4.10305153,1.00503086,0.01173032,0.07002870,0.24555635,0.25699646,0.06111321,0.27685072,1.03439355,0.02058990
4.10905453,1.09759498,0.01299734,0.07349027,0.26600306,0.27591675,0.06682632,0.30096101,1.14826568,0.02256497
4.11505753,1.19679209,0.01431868,0.07756408,0.28797779,0.29682303,0.07271242,0.32634108,1.26845307,0.02468194
4.12106053,1.30175781,0.01568260,0.08214706,0.31119000,0.31950365,0.07873007,0.35271334,1.39404070,0.02692507
4.12706353,1.41146030,0.01707554,0.08712981,0.33532046,0.34369915,0.08483403,0.37975819,1.52391970,0.02927477
4.13306653,1.52470977,0.01848222,0.09239853,0.36002501,0.36910509,0.09097569,0.40711907,1.65679554,0.03170771
4.13906953,1.64017324,0.01988583,0.09783702,0.38493929,0.39537613,0.09710363,0.43440901,1.79120261,0.03419717
4.14507254,1.75639433,0.02126829,0.10332881,0.40968426,0.42213167,0.10316430,0.46121854,1.92552532,0.03671335
4.15107554,1.87181805,0.02261058,0.10875943,0.43387263,0.44896268,0.10910274,0.48712461,2.05802547,0.03922393
4.15707854,1.98482015,0.02389308,0.11401859,0.45711597,0.47543991,0.11486340,0.51170056,2.18687556,0.04169466
4.16308154,2.09374060,0.02509607,0.11900249,0.47903239,0.50112305,0.12039095,0.53452659,2.31019727,0.04409012
4.16908454,2.19692009,0.02620013,0.12361590,0.49925459,0.52557088,0.12563124,0.55520056,2.42610415,0.04637444
4.17508754,2.29273885,0.02718671,0.12777424,0.51743797,0.54835187,0.13053218,0.57334865,2.53274731,0.04851225
4.18109055,2.37965647,0.02803858,0.13140528,0.53326871,0.56905507,0.13504468,0.58863559,2.62836264,0.05046949
4.18709355,2.45625139,0.02874036,0.13445067,0.54647131,0.58730091,0.13912362,0.60077399,2.71131809,0.05221434
4.19309655,2.52125877,0.02927893,0.13686706,0.55681553,0.60275148,0.14272871,0.60953255,2.78015920,0.05371807
4.19909955,2.57360530,0.02964392,0.13862680,0.56412233,0.61511985,0.14582530,0.61474270,2.83365119,0.05495585
4.20510255,2.61243959,0.02982800,0.13971825,0.56826859,0.62417822,0.14838519,0.61630343,2.87081615,0.05590745
4.21110555,2.63715685,0.02982713,0.14014562,0.56919049,0.62976441,0.15038716,0.61418429,2.89096355,0.05655787
4.21710855,2.64741698,0.02964079,0.13992834,0.56688530,0.63178648,0.15181750,0.60842614,2.89371294,0.05689774
4.22311156,2.64315500,0.02927199,0.13910004,0.56141155,0.63022527,0.15267029,0.59913990,2.87900783,0.05692362
4.22911456,2.62458350,0.02872726,0.13770713,0.55288757,0.62513466,0.15294747,0.58650315,2.84712005,0.05663813
4.23511756,2.59218677,0.02801648,0.13580705,0.54148834,0.61663963,0.15265874,0.57075491,2.79864425,0.05604983
4.24112056,2.54670688,0.02715265,0.13346632,0.52744097,0.60493212,0.15182126,0.55218855,2.73448277,0.05517296
4.24712356,2.48912205,0.02615153,0.13075831,0.51101871,0.59026475,0.15045907,0.53114343,2.65582140,0.05402701
4.25312656,2.42061825,0.02503122,0.12776107,0.49253396,0.57294291,0.14860239,0.50799529,2.56409681,0.05263612
4.25912956,2.34255509,0.02381168,0.12455501,0.47233034,0.55331524,0.14628677,0.48314604,2.46095713,0.05102832
4.26513257,2.25642734,0.02251422,0.12122082,0.45077422,0.53176313,0.14355207,0.45701312,2.34821699,0.04923470
4.27113557,2.16382360,0.02116090,0.11783737,0.42824605,0.50868948,0.14044138,0.43001890,2.22780886,0.04728849
4.27713857,2.06638363,0.01977403,0.11448000,0.40513153,0.48450736,0.13699991,0.40258058,2.10173263,0.04522415
4.28314157,1.96575615,0.01837560,0.11121896,0.38181329,0.45962875,0.13327394,0.37510068,1.97200496,0.04307637
4.28914457,1.86355829,0.01698680,0.10811817,0.35866288,0.43445409,0.12930977,0.34795867,1.84061059,0.04087918
4.29514757,1.76133834,0.01562757,0.10523429,0.33603360,0.40936266,0.12515280,0.32150373,1.70945690,0.03866515
4.30115058,1.66054275,0.01431620,0.10261611,0.31425417,0.38470439,0.12084678,0.29604893,1.58033319,0.03646464
4.30715358,1.56248837,0.01306902,0.10030418,0.29362334,0.36079307,0.11643315,0.27186684,1.45487592,0.03430515
4.31315658,1.46834028,0.01190018,0.09833068,0.27440551,0.33790128,0.11195063,0.24918658,1.33454039,0.03221091
4.31915958,1.37909584,0.01082149,0.09671951,0.25682742,0.31625697,0.10743486,0.22819229,1.22057957,0.03020250
4.32516258,1.29557450,0.00984232,0.09548655,0.24107572,0.29604166,0.10291830,0.20902284,1.11403006,0.02829670
4.33116558,1.21841347,0.00896960,0.09463990,0.22729555,0.27739026,0.09843020,0.19177274,1.01570494,0.02650643
4.33716858,1.14806850,0.00820787,0.09418031,0.21558993,0.26039218,0.09399663,0.17649396,0.92619320,0.02484080
4.34317159,1.08481925,0.00755942,0.09410152,0.20601987,0.24509368,0.08964065,0.16319861,0.84586506,0.02330535
4.34917459,1.02877841,0.00702443,0.09439056,0.19860526,0.23150111,0.08538249,0.15186206,0.77488226,0.02190230
4.35517759,0.97990387,0.00660116,0.09502806,0.19332630,0.21958483,0.08123965,0.14242664,0.71321269,0.02063091
4.36118059,0.93801318,0.00628624,0.09598848,0.19012554,0.20928366,0.07722712,0.13480552,0.66064828,0.01948783
4.36718359,0.90279950,0.00607488,0.09724026,0.18891046,0.20050946,0.07335746,0.12888665,0.61682538,0.01846759
4.37318659,0.87384856,0.00596118,0.09874602,0.18955664,0.19315186,0.06964083,0.12453689,0.58124687,0.01756296
4.37918959,0.85065616,0.00593840,0.10046273,0.19191133,0.18708285,0.06608509,0.12160592,0.55330513,0.01676538
4.38519260,0.83264570,0.00599934,0.10234200,0.19579777,0.18216121,0.06269575,0.11993022,0.53230549,0.01606538
4.39119560,0.81918579,0.00613654,0.10433043,0.20101988,0.17823668,0.05947593,0.11933682,0.51748952,0.01545291
4.39719860,0.80960741,0.00634269,0.10637015,0.20736755,0.17515378,0.05642641,0.11964704,0.50805781,0.01491769
4.40320160,0.80322094,0.00661089,0.10839954,0.21462244,0.17275544,0.05354559,0.12068005,0.50319184,0.01444951
4.40920460,0.79933258,0.00693495,0.11035421,0.22256413,0.17088624,0.05082958,0.12225635,0.50207485,0.01403844
4.41520760,0.79726039,0.00730968,0.11216816,0.23097656,0.16939543,0.04827228,0.12420111,0.50391120,0.01367513
4.42121061,0.79634969,0.00773114,0.11377520,0.23965455,0.16813966,0.04586565,0.12634742,0.50794426,0.01335090
4.42721361,0.79598762,0.00819685,0.11511056,0.24841032,0.16698554,0.04359991,0.12853930,0.51347233,0.01305797
4.43321661,0.79561665,0.00870597,0.11611259,0.25707948,0.16581184,0.04146396,0.13063457,0.51986263,0.01278954
4.43921961,0.79474676,0.00925941,0.11672463,0.26552652,0.16451154,0.03944572,0.13250733,0.52656283,0.01253992
4.44522261,0.79296581,0.00985986,0.11689674,0.27364930,0.16299348,0.03753268,0.13405018,0.53310999,0.01230454
4.45122561,0.78994780,0.01051175,0.11658749,0.28138238,0.16118378,0.03571233,0.13517592,0.53913672,0.01208003
4.45722861,0.78545854,0.01122115,0.11576540,0.28869886,0.15902670,0.03397264,0.13581877,0.54437422,0.01186421
4.46323162,0.77935848,0.01199548,0.11441025,0.29561057,0.15648526,0.03230254,0.13593498,0.54865211,0.01165604
4.46923462,0.77160229,0.01284326,0.11251391,0.30216648,0.15354120,0.03069232,0.13550279,0.55189500,0.01145558
4.47523762,0.76223520,0.01377360,0.11008088,0.30844922,0.15019448,0.02913391,0.13452177,0.55411587,0.01126383
4.48124062,0.75138594,0.01479577,0.10712828,0.31456984,0.14646226,0.02762116,0.13301147,0.55540634,0.01108265
4.48724362,0.73925657,0.01591855,0.10368547,0.32066093,0.14237734,0.02614990,0.13100940,0.55592433,0.01091453
4.49324662,0.72610948,0.01714961,0.09979313,0.32686826,0.13798609,0.02471798,0.12856853,0.55587928,0.01076244
4.49924962,0.71225209,0.01849481,0.09550202,0.33334146,0.13334609,0.02332517,0.12575430,0.55551589,0.01062955
4.50525263,0.69801995,0.01995758,0.09087132,0.34022403,0.12852327,0.02197295,0.12264128,0.55509673,0.01051900
4.51125563,0.68375895,0.02153820,0.08596677,0.34764327,0.12358906,0.02066425,0.11930968,0.55488471,0.01043368
4.51725863,0.66980758,0.02323327,0.08085853,0.35570059,0.11861734,0.01940308,0.11584184,0.55512620,0.01037600
4.52326163,0.65648018,0.02503524,0.07561909,0.36446280,0.11368154,0.01819424,0.11231882,0.55603552,0.01034763
4.52926463,0.64405192,0.02693204,0.07032112,0.37395486,0.10885194,0.01704286,0.10881740,0.55778177,0.01034939
4.53526763,0.63274641,0.02890699,0.06503547,0.38415463,0.10419337,0.01595414,0.10540739,0.56047847,0.01038103
4.54127064,0.62272657,0.03093873,0.05982938,0.39498986,0.09976332,0.01493293,0.10214960,0.56417678,0.01044125
4.54727364,0.61408934,0.03300156,0.05476497,0.40633786,0.09561069,0.01398358,0.09909450,0.56886248,0.01052762
4.55327664,0.60686432,0.03506585,0.04989808,0.41802780,0.09177502,0.01310968,0.09628149,0.57445713,0.01063662
4.55927964,0.60101668,0.03709868,0.04527742,0.42984582,0.08828655,0.01231400,0.09373896,0.58082312,0.01076379
4.56528264,0.59645389,0.03906477,0.04094417,0.44154258,0.08516671,0.01159848,0.09148507,0.58777259,0.01090389
4.57128564,0.59303618,0.04092744,0.03693189,0.45284320,0.08242933,0.01096425,0.08952914,0.59507966,0.01105112
4.57728864,0.59058982,0.04264979,0.03326679,0.46345884,0.08008224,0.01041184,0.08787358,0.60249525,0.01119940
4.58329165,0.58892270,0.04419595,0.02996823,0.47309961,0.07812930,0.00994133,0.08651623,0.60976388,0.01134268
4.58929465,0.58784117,0.04553231,0.02704955,0.48148816,0.07657265,0.00955257,0.08545303,0.61664123,0.01147524
4.59529765,0.58716724,0.04662877,0.02451900,0.48837305,0.07541510,0.00924553,0.08468069,0.62291179,0.01159203
4.60130065,0.58675506,0.04745991,0.02238075,0.49354150,0.07466244,0.00902048,0.08419942,0.62840522,0.01168894
4.60730365,0.58650584,0.04800595,0.02063594,0.49683070,0.07432554,0.00887829,0.08401534,0.63301083,0.01176310
4.61330665,0.58638016,0.04825361,0.01928373,0.49813707,0.07442214,0.00882067,0.08414263,0.63668892,0.01181304
4.61930965,0.58640714,0.04819668,0.01832223,0.49742310,0.07497820,0.00885026,0.08460513,0.63947849,0.01183890
4.62531266,0.58668968,0.04783639,0.01774923,0.49472132,0.07602867,0.00897083,0.08543735,0.64150078,0.01184244
4.63131566,0.58740567,0.04718147,0.01756284,0.49013529,0.07761769,0.00918724,0.08668495,0.64295804,0.01182711
4.63731866,0.58880478,0.04624795,0.01776185,0.48383745,0.07979817,0.00950544,0.08840442,0.64412784,0.01179788
4.64332166,0.59120121,0.04505872,0.01834597,0.47606404,0.08263066,0.00993233,0.09066223,0.64535267,0.01176116
4.64932466,0.59496259,0.04364286,0.01931575,0.46710742,0.08618181,0.01047556,0.09353330,0.64702560,0.01172452
4.65532766,0.60049554,0.04203475,0.02067243,0.45730610,0.09052217,0.01114332,0.09709902,0.64957240,0.01169643
4.66133067,0.60822888,0.04027303,0.02241754,0.44703301,0.09572368,0.01194399,0.10144480,0.65343098,0.01168591
4.66733367,0.61859501,0.03839955,0.02455239,0.43668283,0.10185689,0.01288587,0.10665744,0.65902929,0.01170218
4.67333667,0.63201079,0.03645810,0.02707758,0.42665866,0.10898808,0.01397678,0.11282226,0.66676258,0.01175425
4.67933967,0.64885861,0.03449333,0.02999228,0.41735909,0.11717636,0.01522379,0.12002038,0.67697134,0.01185061
4.68534267,0.66946882,0.03254958,0.03329375,0.40916598,0.12647104,0.01663284,0.12832604,0.68992088,0.01199885
4.69134567,0.69410439,0.03066989,0.03697671,0.40243366,0.13690924,0.01820857,0.13780428,0.70578384,0.01220536
4.69734867,0.72294849,0.02889506,0.04103295,0.39747994,0.14851400,0.01995406,0.14850902,0.72462639,0.01247510
4.70335168,0.75609562,0.02726290,0.04545101,0.39457920,0.16129291,0.02187070,0.16048154,0.74639898,0.01281142
4.70935468,0.79354673,0.02580764,0.05021597,0.39395790,0.17523725,0.02395817,0.17374948,0.77093220,0.01321593
4.71535768,0.83520840,0.02455943,0.05530944,0.39579226,0.19032181,0.02621441,0.18832629,0.79793802,0.01368849
4.72136068,0.88089591,0.02354405,0.06070970,0.40020826,0.20650518,0.02863575,0.20421114,0.82701639,0.01422722
4.72736368,0.93034008,0.02278270,0.06639189,0.40728351,0.22373060,0.03121702,0.22138908,0.85766711,0.01482866
4.73336668,0.98319702,0.02229194,0.07232844,0.41705069,0.24192711,0.03395176,0.23983152,0.88930624,0.01548788
4.73936968,1.03906033,0.02208364,0.07848941,0.42950207,0.26101100,0.03683236,0.25949664,0.92128648,0.01619872
4.74537269,1.09747469,0.02216502,0.08484292,0.44459460,0.28088732,0.03985033,0.28032987,0.95292038,0.01695404
4.75137569,1.15794999,0.02253875,0.09135561,0.46225505,0.30145137,0.04299643,0.30226403,0.98350546,0.01774594
4.75737869,1.21997507,0.02320298,0.09799287,0.48238468,0.32258997,0.04626079,0.32521922,1.01234986,0.01856606
4.76338169,1.28303020,0.02415142,0.10471918,0.50486304,0.34418246,0.04963301,0.34910230,1.03879742,0.01940580
4.76938469,1.34659757,0.02537339,0.11149811,0.52955049,0.36610129,0.05310209,0.37380587,1.06225094,0.02025655
4.77538769,1.41016927,0.02685388,0.11829233,0.55628935,0.38821222,0.05665644,0.39920695,1.08219256,0.02110984
4.78139070,1.47325251,0.02857356,0.12506338,0.58490347,0.41037415,0.06028365,0.42516526,1.09820042,0.02195751
4.78739370,1.53537196,0.03050888,0.13177146,0.61519646,0.43243866,0.06397032,0.45152141,1.10996091,0.02279181
4.79339670,1.59606957,0.03263211,0.13837496,0.64694880,0.45424937,0.06770187,0.47809518,1.11727601,0.02360541
4.79939970,1.65490230,0.03491157,0.14483017,0.67991415,0.47564140,0.07146223,0.50468402,1.12006579,0.02439146
4.80540270,1.71143847,0.03731184,0.15109091,0.71381545,0.49644094,0.07523371,0.53106229,1.11836594,0.02514359
4.81140570,1.76525362,0.03979410,0.15710832,0.74834139,0.51646543,0.07899688,0.55698124,1.11232105,0.02585585
4.81740870,1.81592673,0.04231670,0.16283084,0.78314381,0.53552425,0.08273049,0.58217028,1.10217400,0.02652273
4.82341171,1.86303789,0.04483571,0.16820446,0.81783670,0.55342041,0.08641164,0.60633949,1.08825235,0.02713918
4.82941471,1.90616811,0.04730578,0.17317324,0.85199722,0.56995310,0.09001604,0.62918368,1.07095278,0.02770057
4.83541771,1.94490197,0.04968099,0.17768017,0.88516929,0.58492138,0.09351842,0.65038797,1.05072437,0.02820280
4.84142071,1.97883357,0.05191594,0.18166837,0.91686990,0.59812884,0.09689316,0.66963479,1.02805174,0.02864237
4.84742371,2.00757591,0.05396684,0.18508261,0.94659815,0.60938914,0.10011501,0.68661230,1.00343902,0.02901656
4.85342671,2.03077339,0.05579272,0.18787105,0.97384704,0.61853241,0.10315993,0.70102366,0.97739523,0.02932353
4.85942971,2.04811707,0.05735654,0.18998723,0.99811747,0.62541190,0.10600608,0.71259701,0.95042191,0.02956260
4.86543272,2.05936168,0.05862637,0.19139206,1.01893398,0.62991088,0.10863469,0.72109560,0.92300302,0.02973441
4.87143572,2.06434346,0.05957637,0.19205589,1.03586146,0.63194915,0.11103099,0.72632748,0.89559764,0.02984116
4.87743872,2.06299749,0.06018765,0.19196029,1.04852201,0.63148888,0.11318499,0.72815432,0.86863521,0.02988676
4.88344172,2.05537318,0.06044891,0.19109973,1.05661101,0.62853927,0.11509210,0.72649883,0.84251312,0.02987702
4.88944472,2.04164658,0.06035687,0.18948267,1.05991146,0.62315984,0.11675354,0.72135014,0.81759631,0.02981970
4.89544772,2.02212841,0.05991634,0.18713236,1.05830569,0.61546177,0.11817645,0.71276704,0.79421838,0.02972451
4.90145073,1.99726663,0.05914012,0.18408693,1.05178372,0.60560740,0.11937372,0.70087851,0.77268351,0.02960300
4.90745373,1.96764300,0.05804853,0.18039899,1.04044760,0.59380749,0.12036355,0.68588164,0.75326885,0.02946841
4.91345673,1.93396319,0.05666866,0.17613453,1.02451142,0.58031642,0.12116865,0.66803682,0.73622652,0.02933531
4.91945973,1.89704045,0.05503346,0.17137133,1.00429677,0.56542542,0.12181525,0.64766040,0.72178497,0.02921922
4.92546273,1.85777340,0.05318056,0.16619676,0.98022377,0.54945405,0.12233185,0.62511511,0.71014911,0.02913610
4.93146573,1.81711846,0.05115095,0.16070522,0.95279804,0.53274025,0.12274777,0.60079876,0.70149915,0.02910180
4.93746873,1.77605837,0.04898757,0.15499521,0.92259411,0.51562948,0.12309172,0.57513151,0.69598787,0.02913139
4.94347174,1.73556793,0.04673391,0.14916624,0.89023610,0.49846332,0.12339026,0.54854263,0.69373636,0.02923855
4.94947474,1.69657867,0.04443257,0.14331573,0.85637650,0.48156807,0.12366639,0.52145706,0.69482857,0.02943492
4.95547774,1.65994408,0.04212402,0.13753591,0.82167404,0.46524398,0.12393826,0.49428255,0.69930478,0.02972948
4.96148074,1.62640703,0.03984539,0.13191104,0.78677175,0.44975536,0.12421812,0.46739787,0.70715459,0.03012797
4.96748374,1.59657094,0.03762949,0.12651495,0.75227602,0.43532223,0.12451150,0.44114271,0.71830972,0.03063252
4.97348674,1.57087620,0.03550414,0.12140903,0.71873772,0.42211377,0.12481677,0.41580939,0.73263747,0.03124125
4.97948974,1.54958269,0.03349156,0.11664074,0.68663603,0.41024377,0.12512498,0.39163700,0.74993512,0.03194812
4.98549275,1.53275954,0.03160818,0.11224273,0.65636569,0.39976836,0.12542005,0.36880784,0.76992603,0.03274288
4.99149575,1.52028237,0.02986458,0.10823249,0.62822801,0.39068602,0.12567934,0.34744629,0.79225781,0.03361119
4.99749875,1.51183824,0.02826571,0.10461262,0.60242587,0.38293979,0.12587443,0.32762007,0.81650307,0.03453494
5.00350175,1.50693797,0.02681130,0.10137165,0.57906279,0.37642156,0.12597227,0.30934352,0.84216305,0.03549265
5.00950475,1.50493544,0.02549640,0.09848537,0.55814591,0.37097824,0.12593647,0.29258279,0.86867418,0.03646011
5.01550775,1.50505276,0.02431214,0.09591845,0.53959242,0.36641938,0.12572872,0.27726240,0.89541778,0.03741100
5.02151076,1.50641040,0.02324646,0.09362656,0.52323919,0.36252600,0.12531039,0.26327290,0.92173263,0.03831776
5.02751376,1.50806093,0.02228499,0.09155857,0.50885489,0.35906017,0.12464404,0.25047912,0.94693014,0.03915243
5.03351676,1.50902478,0.02141187,0.08965898,0.49615393,0.35577490,0.12369494,0.23872865,0.97031169,0.03988750
5.03951976,1.50832684,0.02061060,0.08787026,0.48481171,0.35242399,0.12243247,0.22786011,0.99118753,0.04049684
5.04552276,1.50503215,0.01986481,0.08613522,0.47448033,0.34877138,0.12083142,0.21771092,1.00889659,0.04095652
5.05152576,1.49827949,0.01915889,0.08439915,0.46480415,0.34459976,0.11887299,0.20812422,1.02282633,0.04124559
5.05752876,1.48731142,0.01847865,0.08261183,0.45543468,0.33971793,0.11654566,0.19895480,1.03243193,0.04134676
5.06353177,1.47149995,0.01781174,0.08072910,0.44604421,0.33396696,0.11384576,0.19007384,1.03725385,0.04124693
5.06953477,1.45036670,0.01714804,0.07871427,0.43633766,0.32722472,0.11077781,0.18137235,1.03693319,0.04093761
5.07553777,1.42359720,0.01647988,0.07653902,0.42606256,0.31940886,0.10735457,0.17276343,1.03122392,0.04041517
5.08154077,1.39104888,0.01580221,0.07418405,0.41501665,0.31047812,0.10359688,0.16418327,1.02000170,0.03968092
5.08754377,1.35275275,0.01511261,0.07163926,0.40305323,0.30043204,0.09953324,0.15559101,1.00326859,0.03874100
5.09354677,1.30890901,0.01441128,0.06890372,0.39008414,0.28930922,0.09519922,0.14696774,0.98115376,0.03760621
5.09954977,1.25987704,0.01370090,0.06598515,0.37608044,0.27718428,0.09063666,0.13831459,0.95390985,0.03629158
5.10555278,1.20616047,0.01298652,0.06289929,0.36107108,0.26416367,0.08589276,0.12965027,0.92190549,0.03481588
5.11155578,1.14838827,0.01227534,0.05966893,0.34513977,0.25038064,0.08101912,0.12100817,0.88561411,0.03320106
5.11755878,1.08729276,0.01157653,0.05632286,0.32842027,0.23598964,0.07607065,0.11243325,0.84559966,0.03147156
5.12356178,1.02368573,0.01090104,0.05289463,0.31109067,0.22116039,0.07110453,0.10397884,0.80250002,0.02965359
5.12956478,0.95843362,0.01026138,0.04942131,0.29336675,0.20607183,0.06617922,0.09570357,0.75700865,0.02777446
5.13556778,0.89243299,0.00967149,0.04594221,0.27549498,0.19090634,0.06135345,0.08766848,0.70985549,0.02586185
5.14157079,0.82658704,0.00914657,0.04249772,0.25774544,0.17584433,0.05668539,0.07993448,0.66178782,0.02394314
5.14757379,0.76178426,0.00870298,0.03912815,0.24040491,0.16105933,0.05223188,0.07256015,0.61355182,0.02204487
5.15357679,0.69887953,0.00835807,0.03587275,0.22377041,0.14671393,0.04804783,0.06560009,0.56587568,0.02019217
5.15957979,0.63867849,0.00813017,0.03276889,0.20814328,0.13295640,0.04418568,0.05910353,0.51945451,0.01840841
5.16558279,0.58192511,0.00803839,0.02985134,0.19382406,0.11991823,0.04069504,0.05311354,0.47493775,0.01671483
5.17158579,0.52929271,0.00810259,0.02715180,0.18110794,0.10771248,0.03762238,0.04766651,0.43291914,0.01513036
5.17758879,0.48137813,0.00834314,0.02469850,0.17028101,0.09643295,0.03501082,0.04279204,0.39392933,0.01367147
5.18359180,0.43869880,0.00878074,0.02251600,0.16161691,0.08615407,0.03290000,0.03851306,0.35843119,0.01235221
5.18959480,0.40169219,0.00943613,0.02062506,0.15537392,0.07693138,0.03132587,0.03484624,0.32681733,0.01118417
5.19559780,0.37071703,0.01032973,0.01904266,0.15179219,0.06880255,0.03032052,0.03180242,0.29940977,0.01017661
5.20160080,0.34605576,0.01148117,0.01778199,0.15109093,0.06178873,0.02991192,0.02938715,0.27646116,0.00933663
5.20760380,0.32791750,0.01290870,0.01685260,0.15346534,0.05589609,0.03012362,0.02760132,0.25815712,0.00866926
5.21360680,0.31644099,0.01462856,0.01626039,0.15908315,0.05111754,0.03097423,0.02644155,0.24461937,0.00817765
5.21960980,0.31169694,0.01665418,0.01600773,0.16808052,0.04743436,0.03247686,0.02590065,0.23590895,0.00786324
5.22561281,0.31368953,0.01899540,0.01609342,0.18055746,0.04481772,0.03463842,0.02596784,0.23202951,0.00772578
5.23161581,0.32235667,0.02165753,0.01651272,0.19657261,0.04323004,0.03745877,0.02662891,0.23293013,0.00776351
5.23761881,0.33756911,0.02464051,0.01725720,0.21613757,0.04262609,0.04092984,0.02786618,0.23850758,0.00797311
5.24362181,0.35912843,0.02793803,0.01831469,0.23921109,0.04295387,0.04503466,0.02965835,0.24860809,0.00834975
5.24962481,0.38676421,0.03153671,0.01966906,0.26569322,0.04415525,0.04974645,0.03198033,0.26302853,0.00888699
5.25562781,0.42013079,0.03541553,0.02130014,0.29542000,0.04616638,0.05502779,0.03480294,0.28151726,0.00957674
5.26163082,0.45880425,0.03954527,0.02318354,0.32815900,0.04891797,0.06082992,0.03809266,0.30377499,0.01040918
5.26763382,0.50228009,0.04388832,0.02529064,0.36360623,0.05233550,0.06709234,0.04181144,0.32945577,0.01137263
5.27363682,0.54997247,0.04839873,0.02758855,0.40138481,0.05633943,0.07374266,0.04591661,0.35816876,0.01245353
5.27963982,0.60121538,0.05302252,0.03004030,0.44104585,0.06084540,0.08069686,0.05036097,0.38948080,0.01363638
5.28564282,0.65526659,0.05769842,0.03260511,0.48207195,0.06576471,0.08785999,0.05509310,0.42292043,0.01490376
5.29164582,0.71131460,0.06235887,0.03523884,0.52388341,0.07100485,0.09512728,0.06005787,0.45798332,0.01623643
5.29764882,0.76848893,0.06693140,0.03789459,0.56584738,0.07647042,0.10238582,0.06519723,0.49413947,0.01761349
5.30365183,0.82587393,0.07134031,0.04052355,0.60728981,0.08206421,0.10951656,0.07045126,0.53084200,0.01901266
5.30965483,0.88252567,0.07550857,0.04307587,0.64751009,0.08768861,0.11639690,0.07575937,0.56753768,0.02041058
5.31565783,0.93749194,0.07936000,0.04550181,0.68579782,0.09324725,0.12290344,0.08106178,0.60367861,0.02178329
5.32166083,0.98983431,0.08282141,0.04775292,0.72145137,0.09864683,0.12891515,0.08630106,0.63873493,0.02310670
5.32766383,1.03865178,0.08582496,0.04978325,0.75379736,0.10379907,0.13431658,0.09142370,0.67220797,0.02435714
5.33366683,1.08310487,0.08831026,0.05155060,0.78221041,0.10862277,0.13900113,0.09638172,0.70364319,0.02551199
5.33966983,1.12243919,0.09022645,0.05301778,0.80613224,0.11304570,0.14287419,0.10113405,0.73264234,0.02655026
5.34567284,1.15600733,0.09153392,0.05415363,0.82508928,0.11700642,0.14585596,0.10564778,0.75887420,0.02745320
5.35167584,1.18328795,0.09220572,0.05493399,0.83870796,0.12045584,0.14788400,0.10989908,0.78208322,0.02820487
5.35767884,1.20390125,0.09222857,0.05534244,0.84672697,0.12335835,0.14891512,0.11387379,0.80209564,0.02879256
5.36368184,1.21761983,0.09160339,0.05537080,0.84900590,0.12569264,0.14892679,0.11756757,0.81882260,0.02920727
5.36968484,1.22437454,0.09034538,0.05501932,0.84552968,0.12745197,0.14791779,0.12098566,0.83226011,0.02944391
5.37568784,1.22425478,0.08848358,0.05429668,0.83640887,0.12864395,0.14590818,0.12414227,0.84248572,0.02950151
5.38169085,1.21750344,0.08605997,0.05321965,0.82187549,0.12928991,0.14293859,0.12705956,0.84965217,0.02938321
5.38769385,1.20450662,0.08312818,0.05181247,0.80227485,0.12942372,0.13906876,0.12976633,0.85397825,0.02909612
5.39369685,1.18577867,0.07975181,0.05010609,0.77805352,0.12909029,0.13437553,0.13229652,0.85573754,0.02865112
5.39969985,1.16194348,0.07600254,0.04813713,0.74974434,0.12834371,0.12895031,0.13468767,0.85524559,0.02806248
5.40570285,1.13371279,0.07195792,0.04594671,0.71794888,0.12724533,0.12289605,0.13697928,0.85284635,0.02734737
5.41170585,1.10186284,0.06769925,0.04357928,0.68331838,0.12586159,0.11632409,0.13921152,0.84889878,0.02652538
5.41770885,1.06721048,0.06330928,0.04108130,0.64653399,0.12426207,0.10935075,0.14142403,0.84376436,0.02561790
5.42371186,1.03058981,0.05887011,0.03850002,0.60828713,0.12251761,0.10209399,0.14365523,0.83779629,0.02464755
5.42971486,0.99283056,0.05446120,0.03588235,0.56926074,0.12069870,0.09467021,0.14594200,0.83133115,0.02363754
5.43571786,0.95473893,0.05015762,0.03327377,0.53011228,0.11887426,0.08719128,0.14831989,0.82468326,0.02261118
5.44172086,0.91708176,0.04602853,0.03071749,0.49145885,0.11711075,0.07976196,0.15082377,0.81814226,0.02159131
5.44772386,0.88057431,0.04213601,0.02825372,0.45386500,0.11547175,0.07247774,0.15348895,0.81197373,0.02059988
5.45372686,0.84587183,0.03853408,0.02591920,0.41783343,0.11401784,0.06542317,0.15635258,0.80642282,0.01965759
5.45972986,0.81356493,0.03526814,0.02374678,0.38379852,0.11280688,0.05867072,0.15945535,0.80172027,0.01878360
5.46573287,0.78417807,0.03237458,0.02176537,0.35212289,0.11189452,0.05228010,0.16284313,0.79809035,0.01799532
5.47173587,0.75817104,0.02988070,0.01999987,0.32309648,0.11133486,0.04629812,0.16656853,0.79575981,0.01730826
5.47773887,0.73594223,0.02780475,0.01847132,0.29693796,0.11118109,0.04075893,0.17069216,0.79496696,0.01673599
5.48374187,0.71783321,0.02615623,0.01719710,0.27379805,0.11148608,0.03568466,0.17528329,0.79596998,0.01629008
5.48974487,0.70413357,0.02493623,0.01619120,0.25376426,0.11230276,0.03108638,0.18041984,0.79905341,0.01598012
5.49574787,0.69508532,0.02413793,0.01546446,0.23686661,0.11368405,0.02696526,0.18618764,0.80453213,0.01581372
5.50175088,0.69088604,0.02374712,0.01502489,0.22308390,0.11568251,0.02331389,0.19267859,0.81275207,0.01579655
5.50775388,0.69169044,0.02374277,0.01487780,0.21235006,0.11834941,0.02011767,0.19998809,0.82408716,0.01593230
5.51375688,0.69760970,0.02409766,0.01502599,0.20456039,0.12173332,0.01735621,0.20821133,0.83893230,0.01622276
5.51975988,0.70870875,0.02477895,0.01546975,0.19957731,0.12587825,0.01500467,0.21743898,0.85769235,0.01666770
5.52576288,0.72500152,0.02574891,0.01620682,0.19723561,0.13082132,0.01303504,0.22775204,0.88076750,0.01726488
5.53176588,0.74644440,0.02696556,0.01723228,0.19734695,0.13659018,0.01141722,0.23921638,0.90853545,0.01800995
5.53776888,0.77292864,0.02838340,0.01853832,0.19970378,0.14320011,0.01012002,0.25187703,0.94133126,0.01889644
5.54377189,0.80427220,0.02995425,0.02011397,0.20408270,0.15065128,0.00911194,0.26575269,0.97942583,0.01991563
5.54977489,0.84021200,0.03162803,0.02194484,0.21024733,0.15892600,0.00836182,0.28083063,1.02300401,0.02105655
5.55577789,0.88039726,0.03335368,0.02401286,0.21795087,0.16798636,0.00783930,0.29706241,1.07214365,0.02230600
5.56178089,0.92438488,0.03508017,0.02629601,0.22693855,0.17777245,0.00751523,0.31436067,1.12679660,0.02364854
5.56778389,0.97163749,0.03675741,0.02876823,0.23695005,0.18820115,0.00736182,0.33259722,1.18677296,0.02506664
5.57378689,1.02152485,0.03833738,0.03139939,0.24772206,0.19916583,0.00735284,0.35160276,1.25172931,0.02654083
5.57978989,1.07332903,0.03977511,0.03415540,0.25899109,0.21053693,0.00746367,0.37116815,1.32116207,0.02804997
5.58579290,1.12625351,0.04102967,0.03699853,0.27049652,0.22216354,0.00767134,0.39104748,1.39440628,0.02957158
5.59179590,1.17943626,0.04206513,0.03988789,0.28198400,0.23387595,0.00795452,0.41096278,1.47064041,0.03108220
5.59779890,1.23196664,0.04285139,0.04278013,0.29320911,0.24548915,0.00829355,0.43061029,1.54889714,0.03255791
5.60380190,1.28290543,0.04336482,0.04563024,0.30394118,0.25680724,0.00867043,0.44966812,1.62808005,0.03397482
5.60980490,1.33130759,0.04358881,0.04839267,0.31396729,0.26762844,0.00906889,0.46780490,1.70698572,0.03530963
5.61580790,1.37624676,0.04351407,0.05102237,0.32309616,0.27775074,0.00947445,0.48468924,1.78433064,0.03654022
5.62181091,1.41684066,0.04313869,0.05347614,0.33116196,0.28697783,0.00987449,0.49999957,1.85878212,0.03764621
5.62781391,1.45227637,0.04246804,0.05571390,0.33802776,0.29512511,0.01025838,0.51343389,1.92899200,0.03860953
5.63381691,1.48183442,0.04151437,0.05769998,0.34358860,0.30202554,0.01061760,0.52471918,1.99363224,0.03941494
5.63981991,1.50491091,0.04029626,0.05940438,0.34777397,0.30753512,0.01094588,0.53362001,2.05143106,0.04005051
5.64582291,1.52103652,0.03883782,0.06080390,0.35054959,0.31153775,0.01123932,0.53994602,2.10120841,0.04050796
5.65182591,1.52989194,0.03716782,0.06188313,0.35191855,0.31394923,0.01149647,0.54355806,2.14190960,0.04078300
5.65782891,1.53131892,0.03531860,0.06263517,0.35192157,0.31472031,0.01171840,0.54437267,2.17263593,0.04087553
5.66383192,1.52532671,0.03332501,0.06306221,0.35063645,0.31383864,0.01190869,0.54236493,2.19267134,0.04078969
5.66983492,1.51209358,0.03122326,0.06317571,0.34817670,0.31132955,0.01207340,0.53756943,2.20150418,0.04053387
5.67583792,1.49196348,0.02904981,0.06299641,0.34468935,0.30725564,0.01222094,0.53007954,2.19884352,0.04012059
5.68184092,1.46543809,0.02684033,0.06255399,0.34035200,0.30171518,0.01236183,0.52004498,2.18462935,0.03956622
5.68784392,1.43316441,0.02462878,0.06188642,0.33536910,0.29483947,0.01250848,0.50766788,2.15903656,0.03889067
5.69384692,1.39591877,0.02244655,0.06103915,0.32996765,0.28678921,0.01267479,0.49319751,2.12247269,0.03811694
5.69984992,1.35458749,0.02032186,0.06006396,0.32439232,0.27775011,0.01287574,0.47692399,2.07556943,0.03727062
5.70585293,1.31014524,0.01827921,0.05901776,0.31890003,0.26792781,0.01312691,0.45917110,2.01916859,0.03637930
5.71185593,1.26363162,0.01633914,0.05796112,0.31375428,0.25754245,0.01344393,0.44028867,1.95430280,0.03547195
5.71785893,1.21612697,0.01451797,0.05695681,0.30921920,0.24682296,0.01384193,0.42064466,1.88217200,0.03457824
5.72386193,1.16872798,0.01282790,0.05606834,0.30555345,0.23600137,0.01433496,0.40061723,1.80411635,0.03372788
5.72986493,1.12252398,0.01127709,0.05535843,0.30300427,0.22530730,0.01493544,0.38058710,1.72158673,0.03294997
5.73586793,1.07857441,0.00986992,0.05488770,0.30180153,0.21496276,0.01565359,0.36093033,1.63611377,0.03227229
5.74187094,1.03788822,0.00860734,0.05471334,0.30215228,0.20517753,0.01649697,0.34201163,1.54927637,0.03172073
5.74787394,1.00140546,0.00748729,0.05488809,0.30423566,0.19614500,0.01747004,0.32417844,1.46267080,0.03131874
5.75387694,0.96998150,0.00650513,0.05545929,0.30819840,0.18803886,0.01857386,0.30775578,1.37788114,0.03108679
5.75987994,0.94437409,0.00565412,0.05646818,0.31415108,0.18101043,0.01980586,0.29304186,1.29645192,0.03104200
5.76588294,0.92523327,0.00492588,0.05794945,0.32216522,0.17518673,0.02115974,0.28030447,1.21986342,0.03119781
5.77188594,0.91309410,0.00431085,0.05993088,0.33227126,0.17066931,0.02262548,0.26977815,1.14951012,0.03156370
5.77788894,0.90837223,0.00379869,0.06243323,0.34445743,0.16753372,0.02418953,0.26166199,1.08668252,0.03214512
5.78389195,0.91136180,0.00337866,0.06547025,0.35866971,0.16582959,0.02583508,0.25611801,1.03255233,0.03294337
5.78989495,0.92223564,0.00303994,0.06904881,0.37481268,0.16558126,0.02754244,0.25327005,0.98816100,0.03395569
5.79589795,0.94104735,0.00277187,0.07316907,0.39275124,0.16678872,0.02928960,0.25320302,0.95441121,0.03517536
5.80190095,0.96773484,0.00256425,0.07782470,0.41231327,0.16942896,0.03105280,0.25596248,0.93206113,0.03659186
5.80790395,1.00212521,0.00240741,0.08300307,0.43329294,0.17345750,0.03280725,0.26155450,0.92172091,0.03819120
5.81390695,1.04394043,0.00229240,0.08868545,0.45545467,0.17881005,0.03452780,0.26994572,0.92385102,0.03995615
5.81990995,1.09280388,0.00221106,0.09484705,0.47853762,0.18540422,0.03618975,0.28106363,0.93876214,0.04186661
5.82591296,1.14824736,0.00215604,0.10145708,0.50226056,0.19314128,0.03776954,0.29479715,0.96661611,0.04390001
5.83191596,1.20971867,0.00212087,0.10847872,0.52632695,0.20190790,0.03924550,0.31099746,1.00742779,0.04603167
5.83791896,1.27658966,0.00209988,0.11586902,0.55043021,0.21157781,0.04059850,0.32947934,1.06106768,0.04823529
5.84392196,1.34816489,0.00208825,0.12357875,0.57425912,0.22201360,0.04181247,0.35002289,1.12726515,0.05048329
5.84992496,1.42369093,0.00208192,0.13155238,0.59750311,0.23306837,0.04287496,0.37237591,1.20561244,0.05274736
5.85592796,1.50236649,0.00207756,0.13972805,0.61985753,0.24458759,0.04377743,0.39625700,1.29556946,0.05499884
5.86193097,1.58335345,0.00207251,0.14803768,0.64102881,0.25641103,0.04451549,0.42135938,1.39646950,0.05720924
5.86793397,1.66578876,0.00206471,0.15640731,0.66073940,0.26837477,0.04508902,0.44735548,1.50752606,0.05935068
5.87393697,1.74879737,0.00205265,0.16475762,0.67873253,0.28031351,0.04550212,0.47390237,1.62784083,0.06139637
5.87993997,1.83150577,0.00203530,0.17300479,0.69477668,0.29206294,0.04576294,0.50064786,1.75641297,0.06332112
5.88594297,1.91305614,0.00201204,0.18106160,0.70866960,0.30346235,0.04588336,0.52723717,1.89214949,0.06510176
5.89194597,1.99262062,0.00198261,0.18883881,0.72024199,0.31435738,0.04587863,0.55332001,2.03387678,0.06671758
5.89794897,2.06941515,0.00194706,0.19624688,0.72936058,0.32460274,0.04576675,0.57855779,2.18035293,0.06815075
5.90395198,2.14271252,0.00190567,0.20319779,0.73593045,0.33406500,0.04556797,0.60263075,2.33028067,0.06938667
5.90995498,2.21185385,0.00185893,0.20960718,0.73989670,0.34262521,0.04530401,0.62524463,2.48232051,0.07041422
5.91595798,2.27625811,0.00180746,0.21539637,0.74124509,0.35018127,0.04499737,0.64613662,2.63510380,0.07122595
5.92196098,2.33542904,0.00175200,0.22049453,0.74000175,0.35664990,0.04467057,0.66508039,2.78724538,0.07181820
5.92796398,2.38895914,0.00169336,0.22484056,0.73623180,0.36196821,0.04434530,0.68188982,2.93735572,0.07219106
5.93396698,2.43653058,0.00163238,0.22838488,0.73003689,0.36609464,0.04404175,0.69642138,3.08405231,0.07234821
5.93996998,2.47791303,0.00156987,0.23109076,0.72155176,0.36900927,0.04377781,0.70857503,3.22597047,0.07229671
5.94597299,2.51295845,0.00150665,0.23293538,0.71093975,0.37071354,0.04356848,0.71829364,3.36177376,0.07204660
5.95197599,2.54159364,0.00144348,0.23391030,0.69838764,0.37122927,0.04342525,0.72556099,3.49016429,0.07161049
5.95797899,2.56381078,0.00138103,0.23402156,0.68409984,0.37059710,0.04335572,0.73039857,3.60989335,0.07100300
5.96398199,2.57965712,0.00131991,0.23328925,0.66829227,0.36887448,0.04336328,0.73286144,3.71977290,0.07024023
5.96998499,2.58922446,0.00126061,0.23174662,0.65118629,0.36613317,0.04344695,0.73303338,3.81868836,0.06933920
5.97598799,2.59263943,0.00120351,0.22943884,0.63300280,0.36245667,0.04360150,0.73102179,3.90561296,0.06831724
5.98199100,2.59005545,0.00114892,0.22642139,0.61395701,0.35793735,0.04381759,0.72695253,3.97962401,0.06719158
5.98799400,2.58164696,0.00109699,0.22275826,0.59425401,0.35267385,0.04408224,0.72096524,4.03992092,0.06597888
5.99399700,2.56760650,0.00104779,0.21852006,0.57408539,0.34676851,0.04437941,0.71320913,4.08584475,0.06469491
6.00000000,2.54814487,0.00100131,0.21378199,0.55362717,0.34032523,0.04469074,0.70383976,4.11689853,0.06335442
